4610
5528
3149
4435
3508
4780
3909
4116
4076
6360
5892
6493
5364
6740
4290
4341
6578
3127
6102
6662
6575
4731
6074
6678
4114
4597
3076
5390
6820
3168
4972
3381
5326
5970
6092
6196
6549
5957
5146
6419
5540
3727
5743
5178
5185
4712
6403
3697
4949
5866
6701
6879
3432
3851
5222
3085
3746
4004
4934
6371
4810
3180
5253
5032
5705
6909
4859
4102
5415
3021
6559
4867
2828
5429
5514
4103
5183
2924
4852
3036
3497
4492
3380
6568
4562
2955
4547
3572
3298
3650
6713
3240
6816
3433
5454
6156
6261
3223
3545
6087
4457
4165
3796
3298
4387
3019
5205
3013
5357
4961
2964
6455
6061
2846
4331
6497
5612
6395
3792
4043
6865
3280
4572
3933
4646
3413
5831
3679
6737
3873
6248
3960
3419
5293
5048
5809
6123
4689
5071
6002
5195
3141
5349
5762
4449
5792
4945
6155
6582
5212
2957
4243
6257
2894
6191
4867
6747
3633
6127
5026
3293
4507
5031
5657
6652
6406
6221
3952
3427
6344
4858
4623
5208
5145
3558
5310
3012
4115
5736
6308
3375
4524
6393
4682
5825
6589
3889
5784
4673
3837
6344
6613
3608
5126
3734
3755
5454
3406
3474
6432
5003
3886
4565
3740
5142
3549
5783
4585
5592
2933
6447
5933
4441
3564
5398
5105
5313
6171
5860
6685
6871
4026
6481
3833
4100
5728
6452
5420
4432
4742
4743
4799
6498
5508
4192
6426
5252
5522
4087
3844
3996
5575
3238
6054
5427
6684
4835
5512
4720
5737
3399
3474
4637
3942
6794
5132
6660
5685
3783
5791
4336
4405
5279
5337
5289
3109
5317
5858
4032
4212
6057
5451
6148
5203
5625
6500
6278
4530
5544
6460
5781
3647
4068
3748
3009
5229
3101
3883
3804
2921
5124
5409
6387
6694
3721
6039
4184
6482
4827
3421
3995
4445
6506
4098
3211
6520
3047
6358
4153
6802
3905
3306
4852
2908
3497
5390
2893
5445
3727
6865
4627
4222
6818
5252
4183
5110
6354
6710
3176
5726
4176
5303
4055
4645
2956
2968
4211
3708
4404
5929
6221
4947
6459
3961
3764
6232
3023
3161
2872
5886
4192
5464
5803
5490
4255
5062
6170
3239
4732
3508
6359
4939
3622
3058
3954
5070
3341
5647
5306
4961
6114
5723
4288
3315
5012
4839
6867
5429
6484
4995
2948
6038
4754
4286
6818
6727
5885
4841
4158
5431
3205
4115
5287
4119
3163
4620
3950
5206
4079
4453
6242
6181
3567
5486
6292
5492
3406
5430
5715
4849
5946
6798
2863
6159
5155
2821
3834
4091
3258
4587
6337
3752
5871
4945
4310
3524
6897
6407
4041
5567
4400
3228
3177
3530
4957
5216
4295
3796
5991
6244
4658
3982
5503
4472
2875
6503
5653
5675
4785
5264
4824
4302
4261
6136
4280
5744
3174
6736
6374
4321
3973
5639
5074
6066
4305
4686
6442
4915
6235
5909
4577
2931
3698
3082
4901
6211
2982
6816
6246
4402
5833
6404
6229
3984
6376
4137
6882
6510
6229
6077
5692
6044
4000
5936
5587
4777
5272
6067
3928
4837
4174
4149
3002
3681
6673
6503
4394
4077
2930
3000
6680
3096
6408
5219
3389
4260
4005
3210
5846
6549
6438
4971
3829
3026
3136
3545
6255
6734
6759
3689
6360
6846
6350
6510
4482
3989
6762
5372
6532
3336
5614
4840
5040
5898
3022
6086
5018
4944
4415
6121
3223
5197
2869
5734
5306
3638
3683
6160
3800
5630
3133
4475
3716
3418
6904
5372
5907
6846
3208
6055
3992
4188
6048
3407
6632
4651
3509
6792
6550
5853
5114
4775
4855
4070
3427
6592
6686
4475
4261
5030
5344
4239
3636
5358
5329
4311
3139
4075
3395
5574
3783
6833
5453
5009
6515
6165
4033
3371
4027
3499
3891
6473
5588
3526
6392
6750
4018
3195
4131
5279
4616
3741
6793
3071
4170
6080
6845
4915
3757
6713
4884
4271
4133
3356
2977
5797
2917
4924
5433
6156
4578
4141
5487
3222
6095
6212
3736
5559
4384
3989
5831
6052
5258
6643
4305
5712
4737
6899
4170
5744
4152
5608
6532
2935
4772
4326
4502
6554
3448
3778
2898
5068
4904
4880
2892
4034
6633
4899
5337
4335
5039
4624
3084
6792
5677
5290
5818
4480
5335
3461
5750
6540
4834
4342
3989
5664
5186
4881
5930
3182
4010
6569
4362
3693
5519
5714
4552
4815
2852
3681
6841
2824
5469
5610
4848
3405
6383
4032
3138
3217
5710
4216
3139
3209
5293
2917
5445
4520
5633
5787
3423
3875
4605
5359
5987
6637
5909
6645
6117
5563
3454
6400
4154
5632
5932
6181
6261
4337
6866
6711
4715
6017
6372
5066
4783
3941
5783
5683
2966
3089
6367
6534
4915
4791
4975
3990
3419
5198
6160
5579
4263
5440
5586
5361
5057
6106
6429
4683
5031
3020
3673
5759
5635
6396
6766
6326
5884
6356
6084
3992
6457
4667
2884
5453
6628
3736
4180
4477
3236
5077
3293
2896
3232
2905
6471
6766
3970
3339
3450
6144
3952
4437
4830
3244
4628
3613
3675
3739
4757
3789
2905
5493
5530
6220
4033
2914
5453
5121
5369
5898
6229
6614
4330
4501
6361
4402
3580
4267
2947
5116
4375
3701
2937
6046
5795
4761
3685
5374
4744
5184
3694
5254
3886
2834
4411
3613
4990
4407
4598
6698
6366
3415
5190
3991
5175
6042
5202
6091
4593
5800
6084
6573
5620
5290
6082
3495
6824
6214
6902
6815
5877
6821
6791
6911
4931
4463
3356
5294
6011
6092
3551
4115
3075
4964
4215
5400
6340
3423
4107
3364
5414
3173
4933
3870
6417
6815
4939
4976
3821
3763
5831
4096
6818
4298
5856
4152
6040
6028
6461
6911
3000
3361
6408
5820
4200
6449
3304
2905
3217
5092
3076
4925
6555
4834
3846
5455
3438
4180
3860
6649
4722
5344
4824
5665
3727
5807
4729
5681
2861
3433
5534
4112
3893
4918
5489
3109
5133
4030
6297
4442
4254
6441
6205
6422
3408
6175
2823
2880
4363
5833
2845
3906
5687
6861
3625
3074
4796
3156
3666
3306
3842
4870
4415
5857
5106
6411
4378
4686
6386
5387
5258
5915
5355
3886
5302
4015
4421
3612
5960
4593
5608
3326
5990
5451
6716
4218
6842
4771
5673
4793
6763
4707
4887
6499
3360
3186
6127
4000
3331
6199
3095
2840
4283
3484
5664
5017
4711
2963
4347
5143
5249
2820
6358
6357
5732
6741
4475
2907
2984
5758
3856
6096
6084
6806
5661
6909
3857
5078
2956
3914
5831
2966
4515
4799
4350
4173
3083
4099
4525
3476
4556
4959
3757
3875
4686
6587
6582
4306
5464
3742
6240
3736
3347
3122
3874
5263
3847
4413
4182
4077
3611
6184
4402
6410
3736
3578
5582
4192
4903
3421
4388
3973
4557
4759
5898
4914
3573
6801
3385
5695
6757
4562
5704
5795
3142
4484
5809
3703
5920
6253
4810
3059
4314
4597
3532
5999
6846
6182
3022
4195
6514
6822
4298
4454
4863
4543
4502
5937
6092
2902
4331
3227
3746
5366
4961
3742
6825
5829
3695
6224
4201
3980
4974
6122
5066
6835
6294
5572
5907
4930
4351
4181
4333
6112
4256
4918
4704
4310
6738
2847
4819
3084
5325
4840
4880
5898
4521
5769
6461
3063
5469
4633
6370
5788
5442
5073
5609
4961
5264
4873
5016
3662
5727
4152
5784
5130
4006
5623
5105
4062
5182
4094
3083
3506
6111
6181
6061
6669
3617
3683
5888
4121
3451
3282
4492
3484
5703
4008
6200
3327
4027
4413
4173
6473
3055
4107
3444
4388
4061
6056
5042
3798
3419
5069
6002
3656
2850
3666
3194
3329
3273
5678
5875
5419
5322
5754
6501
5260
6267
2926
6839
5516
2837
3938
3123
5173
4527
4302
4991
3629
3651
6473
5284
3518
6055
6028
4361
4045
3732
5230
4215
4325
6562
3817
5142
6700
3144
4115
4718
2923
6623
5925
3431
3594
5791
3447
6472
3857
5792
4224
4416
5424
5546
6019
5932
4137
5159
4015
4725
6306
5363
2836
6214
3175
3305
2896
4972
3108
5125
3934
6738
6246
5219
6043
5636
4504
5440
5313
3374
5639
3575
5614
6428
6109
5636
6813
4795
5160
6147
5291
3734
3795
6577
4691
6105
5290
5096
5168
5201
5722
3494
6721
3432
5229
4103
5343
6700
3922
4677
5064
5193
5714
3518
5655
4617
6554
6381
3400
3162
6199
2927
6455
3015
5140
4094
6433
5500
3325
2936
3489
5189
4255
6104
5555
3983
4229
2875
4531
3941
3355
4315
4702
6771
5805
3094
6095
6662
2920
6503
4226
5897
3158
3946
3667
5895
6757
5340
4223
5167
5217
4760
5793
5450
6900
4250
4277
4806
3244
6142
3607
5038
3060
3329
4484
4526
5656
3326
6167
4883
3397
2929
4940
4551
4230
4854
4864
5208
4295
6730
5997
4849
3284
6728
3889
5471
5209
6892
2887
5133
6371
4690
2828
6151
6621
2999
4154
6137
5780
2934
6639
2863
3890
3083
5798
3222
5317
5650
6204
4281
5688
3912
3820
4548
5207
4487
6225
5764
3791
5069
5738
5987
5162
3638
6288
3183
6103
6396
3969
3668
5663
2941
6744
5212
4399
3636
6545
5749
6164
6590
3336
3370
3257
5589
5626
4007
3306
6487
4354
5816
6228
3391
4380
6602
4226
6570
5540
4584
5600
5842
3671
5310
5818
6677
2896
3225
4925
4078
3083
4452
3187
3577
4708
6570
4682
6899
3224
3738
5262
4279
6722
6141
4841
5697
3166
3137
3305
5549
4680
5489
5113
4920
3517
2873
5733
6717
3288
6272
5732
4224
5119
5601
3374
3939
4622
6843
3256
3746
6737
5989
5274
3830
6657
3448
5165
3670
4629
3020
3465
4091
4934
4728
3717
4188
3339
4564
6330
4402
3997
6521
6783
4980
6643
6719
5612
5722
3270
4924
6362
6494
6286
5323
5345
3381
3201
3714
6232
4569
6298
4153
5463
5762
3470
2825
6840
2983
3032
3658
6160
4097
4526
6803
3769
5767
3848
4028
3531
3442
5791
3294
5149
5177
5866
4432
5191
3221
3618
4011
3234
5245
3646
5575
3398
3370
6135
5307
5642
5651
6596
3039
6279
4081
5086
3020
4628
6587
5436
5210
5577
5289
4247
5535
4223
3893
5223
3830
5326
2836
4322
4341
4109
5952
5123
6772
5460
5361
4479
3468
4733
4510
6097
6293
6173
3584
5423
3110
5774
3086
2961
6423
3560
2817
6832
3713
3074
6736
4611
3003
5236
6836
4803
4446
5271
6692
6887
3906
3459
3033
2856
5758
3599
3146
5629
5482
6356
3376
6047
3487
6697
3970
4357
3829
5414
4728
5352
6018
6308
5516
4288
6305
5179
6515
5315
4840
6210
3367
4332
5167
5585
4832
5616
3983
6850
5909
4938
4704
6314
3199
6448
3641
3811
4629
6042
5106
3461
6416
3649
4260
5223
4327
3740
5542
5153
6227
5860
5009
3084
4171
5648
6461
3392
6408
4057
6337
5780
4609
4534
3957
6305
3055
3040
4082
4798
5577
3406
6160
5379
4295
6329
6629
4169
2915
3225
4812
5160
5970
6180
5211
4343
5006
3157
3690
5582
4175
6625
4370
4743
3340
3907
3243
6327
6782
3505
5633
6348
2854
3240
6094
6485
2911
4499
5512
3101
4484
5833
2902
4900
2828
3481
6143
5130
5137
3317
5357
4624
5962
5740
3367
4116
4622
3629
4180
5271
4183
6666
6334
4281
3515
3186
4428
6714
5236
6772
5765
5242
4953
6082
5523
5242
5601
5803
6461
3544
5670
3358
3818
4821
4575
3757
4004
6481
5219
3974
6673
5324
6828
4987
6779
6502
3665
3579
6857
3040
3721
4885
6274
3480
5422
6011
4048
5519
4023
3964
2938
5477
5947
3591
6119
4954
2932
6062
4385
4686
5817
4256
5327
5569
4865
2988
2872
4820
4326
3652
5190
2885
6303
3191
6784
5749
5891
6388
6413
5732
6284
6157
3255
3762
6481
3761
4581
5279
5385
4207
5022
6668
5902
4473
3468
5751
3415
5278
3574
2817
4731
3917
3779
3178
4788
5272
3197
3858
6361
6446
4683
5881
4705
4190
3828
6079
2918
3866
3042
5541
3743
6641
5148
5001
6499
4370
5961
6124
6060
3407
4019
5102
5136
3863
6209
3407
3017
3449
3450
5999
6830
6695
3208
5967
3126
6512
4146
4237
3451
4163
5599
5482
6196
4402
5785
3270
3000
4715
4358
5921
4353
5824
4464
3227
5542
4256
4542
3829
5598
5658
3959
4237
3203
6880
5829
6244
5644
4673
4719
6170
3728
4396
3804
5871
4809
6707
6166
5571
3342
4997
3012
6166
6742
3825
4653
5385
5947
4585
2875
3674
4084
3964
4469
6506
3672
2905
4098
6457
4065
3026
5036
4455
4262
4566
6362
5940
3166
5108
6803
3457
3683
5214
5249
6604
5292
6115
