74 90 72 2 83 183
128 205 184 152 29 122
42 243 156 77 27 33
152 208 148 83 13 134
218 131 32 180 51 226
128 176 224 172 141 119
90 249 212 69 27 20
56 173 156 20 29 21
170 0 184 236 83 196
192 98 200 216 61 237
202 238 204 4 91 28
24 49 100 93 109 158
186 40 16 244 179 73
64 164 112 84 45 95
122 11 132 194 219 37
56 220 236 245 253 197
10 84 40 178 83 158
0 245 216 55 93 209
106 7 252 214 155 220
152 110 52 6 205 47
154 218 0 175 51 46
0 149 0 123 205 199
154 26 52 186 155 172
56 232 60 22 221 127
106 20 152 18 83 165
64 132 232 245 125 70
10 253 44 4 219 193
24 137 4 14 45 90
122 89 240 164 179 239
192 130 144 96 109 209
186 230 228 108 91 8
56 209 140 53 189 98
202 1 8 206 83 57
128 16 248 82 157 108
170 143 92 204 27 44
152 128 212 52 141 61
90 101 224 149 51 238
128 109 32 69 13 156
218 47 148 26 27 153
56 151 220 19 157 142
42 220 120 164 83 186
192 153 8 143 189 99
74 127 140 111 91 123
24 85 164 58 237 249
58 190 208 65 179 137
64 85 176 104 173 71
250 181 68 3 219 190
56 58 44 113 125 35
138 99 232 85 83 136
0 32 24 234 221 75
234 139 188 45 155 15
152 6 116 223 77 175
26 36 192 104 51 34
0 58 64 11 77 244
26 57 244 102 155 217
56 186 124 13 93 65
234 87 88 162 83 3
64 163 40 164 253 68
138 117 236 70 219 72
24 149 68 227 173 125
250 86 176 202 179 23
192 27 208 108 237 193
58 121 164 133 91 73
56 23 204 168 61 8
74 121 200 73 83 139
128 35 56 253 29 111
42 252 28 251 27 135
152 0 20 6 13 133
218 22 160 39 51 202
128 250 96 205 141 208
90 54 84 159 27 110
56 81 28 3 29 152
170 135 56 12 83 128
192 160 72 53 61 234
202 223 76 138 91 42
24 73 228 7 109 229
186 35 144 63 179 153
64 214 240 108 45 64
122 48 4 244 219 167
56 104 108 220 253 16
10 67 168 169 83 66
0 27 88 140 93 214
106 224 124 52 155 146
152 110 180 168 205 190
154 61 128 210 51 230
0 175 128 139 205 48
154 39 180 195 155 86
56 92 188 244 221 146
106 107 24 226 83 49
64 146 104 66 125 83
10 190 172 57 219 31
24 113 132 168 45 49
122 36 112 160 179 15
192 132 16 105 109 194
186 219 100 78 91 218
56 45 12 12 189 61
202 192 136 117 83 173
128 6 120 151 157 129
170 56 220 217 27 50
152 80 84 199 141 92
90 152 96 105 51 118
128 87 160 69 13 21
218 12 20 212 27 147
56 219 92 226 157 49
42 3 248 35 83 22
192 119 136 203 189 128
74 16 12 85 91 41
24 13 36 197 237 96
58 89 80 237 179 121
64 39 48 97 173 72
250 122 196 148 219 224
56 102 172 55 125 142
138 242 104 173 83 204
0 230 152 30 221 112
234 4 60 235 155 101
152 166 244 97 77 94
26 39 64 236 51 122
0 244 192 251 77 125
26 230 116 208 155 35
56 206 252 203 93 116
234 78 216 209 83 47
64 81 168 208 253 113
138 214 108 220 219 70
24 29 196 93 173 116
250 193 48 38 179 215
192 189 80 85 237 210
58 14 36 199 91 187
56 19 76 95 61 3
74 216 72 81 83 159
128 185 184 33 29 164
42 69 156 104 27 45
152 112 148 120 13 196
218 233 32 91 51 242
128 132 224 173 141 105
90 179 212 184 27 8
56 53 156 177 29 91
170 78 184 235 83 124
192 30 200 81 61 39
202 16 204 207 91 120
24 161 100 114 109 108
186 94 16 75 179 41
64 72 112 69 45 97
122 149 132 229 219 105
56 52 236 130 253 155
10 114 40 97 83 38
0 129 216 160 93 27
106 249 252 81 155 136
152 174 52 11 205 141
154 224 0 182 51 222
0 9 0 92 205 217
154 116 52 141 155 64
56 16 60 147 221 229
106 2 152 113 83 253
64 224 232 78 125 160
10 191 44 47 219 189
24 153 4 3 45 72
122 47 240 91 179 111
192 198 144 49 109 243
186 16 228 239 91 236
56 201 140 162 189 88
202 191 8 221 83 97
128 60 248 155 157 214
170 33 92 167 27 120
152 96 212 25 141 187
90 11 224 252 51 62
128 129 32 6 13 206
218 41 148 77 27 205
56 95 220 112 157 20
42 106 120 99 83 178
192 149 8 200 189 221
74 225 140 250 91 23
24 5 164 15 237 7
58 52 208 88 179 169
64 57 176 25 173 137
250 127 68 230 219 66
56 210 44 190 125 57
138 193 232 196 83 80
0 236 24 19 221 213
234 189 188 104 155 251
152 134 116 164 77 77
26 106 192 47 51 18
0 238 64 172 77 70
26 211 244 249 155 173
56 34 124 74 93 231
234 133 88 193 83 155
64 63 40 189 253 222
138 119 236 49 219 132
24 229 68 152 173 171
250 108 176 65 179 215
192 159 208 253 237 35
58 227 164 200 91 109
56 79 204 213 61 62
74 119 200 24 83 243
128 143 56 6 29 25
42 206 28 150 27 19
152 32 20 171 13 67
218 252 160 78 51 90
128 78 96 78 141 66
90 112 84 146 27 226
56 89 28 32 29 94
170 85 56 139 83 184
192 220 72 46 61 164
202 129 76 213 91 6
24 57 228 156 109 51
186 217 144 22 179 249
64 250 240 221 45 194
122 58 4 151 219 107
56 64 108 233 253 102
10 225 168 216 83 74
0 39 88 117 93 160
106 82 124 47 155 190
152 46 180 45 205 156
154 195 128 89 51 22
0 163 128 236 205 194
154 1 180 22 155 106
56 4 188 241 221 120
106 217 24 193 83 9
64 110 104 27 125 45
10 0 172 228 219 155
24 1 132 29 45 159
122 122 112 215 179 15
192 72 16 186 109 100
186 133 100 81 91 62
56 165 12 249 189 179
202 254 136 4 83 85
128 178 120 96 157 107
170 74 220 52 27 254
152 176 84 44 141 90
90 190 96 80 51 70
128 235 160 134 13 199
218 134 20 135 27 71
56 35 92 191 157 55
42 17 248 98 83 142
192 243 136 132 189 122
74 242 12 96 91 69
24 61 36 26 237 238
58 79 80 132 179 25
64 139 48 146 173 10
250 196 196 247 219 228
56 126 172 4 125 36
138 208 104 156 83 20
0 50 152 199 221 122
234 182 60 166 155 209
152 166 244 166 77 124
26 237 64 51 51 234
0 40 192 28 77 79
26 0 116 227 155 119
56 182 252 136 93 154
234 252 216 112 83 71
64 109 168 105 253 139
138 88 108 71 219 2
24 237 196 146 173 34
250 87 48 29 179 23
192 193 80 102 237 180
58 248 36 138 91 95
56 203 76 12 61 185
148 180 144 4 166 111
0 157 112 53 58 251
84 254 56 199 54 147
48 179 40 159 26 171
180 71 64 240 102 53
0 147 192 53 26 54
180 106 168 159 54 9
112 188 56 217 58 169
84 193 112 169 166 169
128 103 144 37 122 161
148 245 152 197 182 233
48 84 200 226 218 219
116 209 32 192 102 164
128 154 224 116 90 69
244 14 8 169 182 12
112 122 216 75 250 138
20 40 80 4 166 125
0 44 176 83 186 41
212 38 248 249 54 202
48 175 104 100 154 254
52 117 0 134 102 13
0 156 0 178 154 86
52 173 104 168 54 250
112 242 120 60 186 126
212 104 48 149 166 171
128 234 208 63 250 211
20 18 88 228 182 244
48 196 8 164 90 83
244 178 224 193 102 48
128 151 32 109 218 169
116 197 200 29 182 145
112 36 24 43 122 196
148 3 16 220 166 243
0 163 240 105 58 224
84 55 184 4 54 41
48 147 168 33 26 26
180 10 192 243 102 205
0 141 64 38 26 127
180 215 40 137 54 147
112 16 184 151 58 156
84 120 240 88 166 21
128 85 16 82 122 142
148 22 24 219 182 39
48 28 72 93 218 146
116 252 160 155 102 164
128 124 96 93 90 22
244 99 136 106 182 190
112 182 88 2 250 69
20 71 208 139 166 209
0 2 48 120 186 30
212 47 120 231 54 176
48 95 232 214 154 253
52 8 128 57 102 117
0 102 128 146 154 175
52 234 232 65 54 212
112 22 248 234 186 1
212 239 176 244 166 231
128 168 80 92 250 208
20 3 216 169 182 130
48 92 136 14 90 154
244 173 96 77 102 0
128 73 160 69 218 138
116 234 72 143 182 147
112 48 152 209 122 15
148 242 144 19 166 23
0 73 112 126 58 229
84 16 56 162 54 95
48 19 40 132 26 169
180 109 64 87 102 5
0 39 192 246 26 232
180 228 168 210 54 189
112 4 56 54 58 175
84 207 112 104 166 33
128 227 144 94 122 155
148 215 152 80 182 5
48 132 200 183 218 105
116 199 32 215 102 68
128 254 224 37 90 7
244 88 8 140 182 16
112 146 216 152 250 32
20 6 80 115 166 197
0 120 176 124 186 51
212 216 248 52 54 54
48 175 104 41 154 28
52 59 0 77 102 125
0 208 0 83 154 40
52 199 104 59 54 78
112 218 120 121 186 164
212 22 48 180 166 195
128 6 208 88 250 237
20 148 88 207 182 176
48 148 8 89 90 1
244 72 224 56 102 112
128 155 32 254 218 139
116 175 200 96 182 53
112 220 24 88 122 122
148 129 16 171 166 219
0 143 240 114 58 10
84 137 184 159 54 53
48 51 168 198 26 88
180 112 192 26 102 221
0 97 64 167 26 113
180 145 40 124 54 135
112 152 184 180 58 226
84 198 240 215 166 205
128 17 16 75 122 200
148 56 24 38 182 131
48 140 72 242 218 96
116 50 160 114 102 132
128 32 96 206 90 24
244 237 136 13 182 2
112 14 88 15 250 27
20 101 208 186 166 89
0 142 48 97 186 104
212 33 120 226 54 92
48 159 232 91 154 91
52 14 128 192 102 37
0 218 128 243 154 193
52 68 232 148 54 104
112 62 248 231 186 103
212 221 176 211 166 63
128 4 80 53 250 42
20 197 216 84 182 126
48 108 136 131 90 136
244 131 96 132 102 128
128 141 160 150 218 172
116 20 72 146 182 119
112 40 152 190 122 5
148 176 144 162 166 63
0 117 112 71 58 79
84 162 56 253 54 171
48 243 40 233 26 39
180 19 64 62 102 85
0 59 192 55 26 26
180 222 168 133 54 241
112 204 56 19 58 53
84 93 112 167 166 25
128 223 144 23 122 21
148 57 152 91 182 161
48 52 200 12 218 119
116 61 32 110 102 100
128 226 224 86 90 73
244 34 8 239 182 148
112 42 216 101 250 54
20 100 80 98 166 141
0 68 176 37 186 189
212 10 248 239 54 34
48 47 104 110 154 186
52 129 0 148 102 109
0 132 0 116 154 122
52 97 104 78 54 34
112 66 120 54 186 74
212 68 48 83 166 91
128 162 208 241 250 135
20 150 88 58 182 236
48 228 8 142 90 47
244 94 224 47 102 48
128 31 32 15 218 237
116 25 200 35 182 89
112 20 24 5 122 176
148 127 16 250 166 67
0 251 240 251 58 180
84 91 184 186 54 193
48 83 168 235 26 22
180 86 192 193 102 109
0 181 64 168 26 227
180 203 40 239 54 251
112 160 184 81 58 168
84 148 240 214 166 5
128 77 16 196 122 130
148 218 24 241 182 95
48 124 72 7 218 174
116 232 160 201 102 228
128 68 96 191 90 154
244 247 136 48 182 198
112 230 88 156 250 113
20 3 208 105 166 97
0 154 48 202 186 50
212 147 120 93 54 136
48 95 232 96 154 57
52 148 128 199 102 85
0 206 128 212 154 83
52 30 232 103 54 124
112 230 248 100 186 77
212 75 176 50 166 23
128 224 80 142 250 4
20 7 216 127 182 250
48 252 136 120 90 246
244 217 96 59 102 128
128 81 160 103 218 78
116 190 72 21 182 219
112 160 152 43 122 123
148 238 144 177 166 231
0 33 112 144 58 57
84 180 56 216 54 119
48 83 40 206 26 37
180 57 64 165 102 37
0 207 192 248 26 204
180 88 168 184 54 165
112 20 56 112 58 59
84 107 112 102 166 145
128 91 144 80 122 15
148 27 152 230 182 189
48 100 200 225 218 5
116 51 32 133 102 4
128 70 224 7 90 11
244 108 8 210 182 152
112 66 216 178 250 204
20 66 80 209 166 213
0 144 176 78 186 199
212 188 248 42 54 142
48 47 104 51 154 216
52 71 0 91 102 221
0 184 0 21 154 76
52 123 104 225 54 118
112 42 120 115 186 112
212 242 48 114 166 115
128 190 208 10 250 161
20 24 88 37 182 168
48 180 8 67 90 221
244 244 224 166 102 112
128 35 32 160 218 207
116 3 200 102 182 253
112 204 24 50 122 102
148 253 16 201 166 43
0 231 240 4 58 222
84 173 184 85 54 205
48 243 168 144 26 84
180 188 192 232 102 125
0 137 64 41 26 213
180 133 40 226 54 239
112 40 184 110 58 238
84 226 240 85 166 189
128 9 16 189 122 188
148 252 24 60 182 187
48 236 72 156 218 124
116 30 160 160 102 196
128 232 96 48 90 156
244 129 136 211 182 10
112 62 88 169 250 71
20 33 208 152 166 233
0 38 48 179 186 124
212 133 120 88 54 52
48 159 232 229 154 151
52 154 128 78 102 5
0 66 128 53 154 101
52 120 232 186 54 16
112 14 248 97 186 179
212 57 176 17 166 111
128 60 80 103 250 94
20 201 216 42 182 246
48 12 136 237 90 228
244 175 96 114 102 0
128 149 160 184 218 112
116 232 72 24 182 191
112 152 152 24 122 113
41 105 33 8 77 222
5 54 233 99 133 233
225 208 217 61 45 146
237 112 1 164 213 181
153 36 49 165 141 148
21 152 249 138 101 129
209 176 169 214 237 43
253 181 81 149 181 254
9 222 193 38 205 78
37 201 137 107 69 136
193 176 249 245 173 99
13 100 33 210 149 64
121 137 209 64 13 65
53 141 153 217 37 114
177 36 201 111 109 109
29 223 113 78 117 47
233 218 97 103 77 159
69 232 41 105 5 51
161 32 25 216 45 125
45 203 65 190 85 255
89 70 113 206 141 157
85 30 57 110 229 62
145 120 233 130 237 198
61 12 145 149 53 100
201 255 1 106 205 111
101 179 201 252 197 137
129 192 57 132 173 126
77 198 97 8 21 146
57 251 17 238 13 74
117 107 217 232 165 135
113 76 9 176 109 216
93 93 177 10 245 60
169 236 161 206 77 96
133 74 105 198 133 44
97 48 89 154 45 8
109 117 129 80 213 152
25 72 177 63 141 230
149 148 121 233 101 236
81 64 41 151 237 65
125 242 209 77 181 89
137 65 65 53 205 16
165 205 9 102 69 187
65 16 121 186 173 185
141 248 161 54 149 179
249 204 81 99 13 19
181 185 25 16 37 13
49 244 73 216 109 163
157 235 241 254 117 90
105 158 225 61 77 33
197 92 169 123 5 214
33 0 153 132 45 51
173 111 193 90 85 130
217 41 241 248 141 111
213 250 185 252 229 137
17 8 105 19 237 156
189 104 17 190 53 223
73 163 129 136 205 49
229 23 73 167 197 28
1 160 185 152 173 20
205 250 225 92 21 165
185 254 145 160 13 156
245 119 89 79 165 2
241 27 137 232 109 206
221 137 49 43 245 135
41 240 33 181 77 226
5 31 233 136 133 47
225 143 217 150 45 254
237 185 1 221 213 187
153 235 49 250 141 56
21 81 249 167 101 23
209 207 169 247 237 215
253 110 81 230 181 244
9 37 193 99 205 210
37 146 137 192 69 174
193 111 249 30 173 143
13 205 33 123 149 102
121 144 209 165 13 229
53 166 153 166 37 104
177 195 201 224 109 89
29 56 113 143 117 197
233 225 97 52 77 163
69 145 41 238 5 57
161 223 25 209 45 105
45 84 65 215 85 69
89 141 113 67 141 65
85 151 57 235 229 148
145 151 233 67 237 242
61 5 145 198 53 154
201 198 1 199 205 243
101 60 201 177 197 111
129 127 57 77 173 42
77 111 97 145 21 248
57 130 17 115 13 238
117 68 217 21 165 61
113 235 9 193 109 68
93 246 177 43 245 18
169 115 161 187 77 100
133 179 105 171 133 242
97 239 89 51 45 116
109 62 129 73 213 30
25 15 177 212 141 138
149 205 121 198 101 2
81 95 41 248 237 237
125 43 209 94 181 207
137 136 65 178 205 148
165 22 9 123 69 97
65 207 121 35 173 229
141 225 161 159 149 89
249 211 81 8 13 183
181 82 25 157 37 131
49 147 73 137 109 143
157 196 241 255 117 112
105 165 225 74 77 37
197 133 169 192 5 92
33 191 153 189 45 31
173 120 193 51 85 72
217 112 241 173 141 19
213 243 185 57 229 95
17 39 105 20 237 200
189 225 17 175 53 149
73 106 129 37 205 181
229 32 73 28 197 130
1 95 185 161 173 192
205 35 225 165 21 139
185 133 145 101 13 64
245 208 89 60 165 56
241 186 137 57 109 58
221 162 49 12 245 221
41 119 33 226 77 230
5 8 233 45 133 117
225 78 217 111 45 106
237 2 1 150 213 193
153 178 49 207 141 220
21 10 249 68 101 173
209 238 169 152 237 131
253 39 81 183 181 234
9 108 193 32 205 86
37 91 137 149 69 212
193 46 249 199 173 187
13 54 33 164 149 140
121 151 209 138 13 137
53 191 153 243 37 94
177 98 201 209 109 69
29 145 113 80 117 91
233 232 97 129 77 167
69 58 41 243 5 63
161 158 25 74 45 85
45 221 65 112 85 139
89 212 113 56 141 229
85 16 57 232 229 234
145 182 233 132 237 30
61 254 145 119 53 208
201 141 1 164 205 119
101 197 201 230 197 85
129 62 57 150 173 214
77 24 97 154 21 94
57 9 17 120 13 146
117 29 217 194 165 243
113 138 9 82 109 176
93 143 177 204 245 232
169 250 161 40 77 104
133 28 105 16 133 184
97 174 89 76 45 224
109 7 129 194 213 164
25 214 177 233 141 46
149 6 121 35 101 24
81 126 41 217 237 153
125 100 209 239 181 69
137 207 65 175 205 24
165 95 9 16 69 7
65 142 121 12 173 17
141 202 161 136 149 255
249 218 81 45 13 91
181 235 25 170 37 249
49 50 73 186 109 123
157 157 241 128 117 134
105 172 225 215 77 41
197 174 169 133 5 226
33 126 153 118 45 11
173 129 193 140 85 14
217 183 241 226 141 183
213 236 185 246 229 53
17 70 105 149 237 244
189 90 17 32 53 75
73 49 129 66 205 57
229 41 73 17 197 232
1 30 185 42 173 108
205 76 225 110 21 113
185 12 145 170 13 228
245 41 89 169 165 110
241 89 137 10 109 166
221 187 49 109 245 51
41 254 33 143 77 234
5 241 233 82 133 187
225 13 217 200 45 214
237 75 1 207 213 199
153 121 49 36 141 128
21 195 249 97 101 67
209 13 169 185 237 47
253 224 81 8 181 224
9 179 193 93 205 218
37 36 137 234 69 250
193 237 249 240 173 231
13 159 33 77 149 178
121 158 209 239 13 45
53 216 153 192 37 84
177 1 201 66 109 49
29 234 113 145 117 241
233 239 97 78 77 171
69 227 41 120 5 69
161 93 25 67 45 65
45 102 65 137 85 209
89 27 113 173 141 137
85 137 57 101 229 64
145 213 233 69 237 74
61 247 145 168 53 6
201 84 1 1 205 251
101 78 201 155 197 59
129 253 57 95 173 130
77 193 97 35 21 196
57 144 17 253 13 54
117 246 217 239 165 169
113 41 9 99 109 28
93 40 177 237 245 190
169 129 161 21 77 108
133 133 105 245 133 126
97 109 89 229 45 76
109 208 129 187 213 42
25 157 177 126 141 210
149 63 121 0 101 46
81 157 41 58 237 69
125 157 209 0 181 187
137 22 65 44 205 156
165 168 9 37 69 173
65 77 121 117 173 61
141 179 161 241 149 165
249 225 81 210 13 255
181 132 25 55 37 111
49 209 73 107 109 103
157 118 241 129 117 156
105 179 225 228 77 45
197 215 169 202 5 104
33 61 153 175 45 247
173 138 193 101 85 212
217 254 241 151 141 91
213 229 185 51 229 11
17 101 105 150 237 32
189 211 17 17 53 1
73 248 129 223 205 189
229 50 73 134 197 78
1 221 185 51 173 24
205 117 225 183 21 87
185 147 145 111 13 136
245 130 89 150 165 164
241 248 137 91 109 18
221 212 49 78 245 137
82 210 66 16 154 189
10 110 210 203 10 218
194 185 178 167 90 117
218 243 2 64 170 10
50 137 98 210 26 154
42 98 242 241 202 73
162 217 82 193 218 56
250 205 162 218 106 124
18 124 130 29 154 190
74 52 18 75 138 215
130 121 242 167 90 120
26 186 66 204 42 32
242 146 162 89 26 147
106 108 50 127 74 107
98 65 146 3 218 155
58 128 226 252 234 93
210 53 194 110 154 127
138 18 82 182 10 237
66 89 50 252 90 11
90 104 130 212 170 157
178 76 226 196 26 236
170 174 114 152 202 68
34 105 210 57 218 46
122 58 34 59 106 71
146 63 2 68 154 64
202 72 146 77 138 90
2 153 114 228 90 110
154 62 194 152 42 195
114 246 34 84 26 229
234 104 178 125 74 22
226 144 18 164 218 49
186 60 98 213 234 120
82 217 66 221 154 65
10 23 210 80 10 96
194 120 178 160 90 225
218 124 2 89 170 208
50 208 98 71 26 190
42 219 242 110 202 31
162 248 82 130 218 228
250 198 162 11 106 50
18 67 130 122 154 194
74 189 18 0 138 61
130 56 242 112 90 164
26 99 66 85 42 6
242 25 162 222 26 183
106 69 50 172 74 161
98 224 146 20 218 135
58 25 226 29 234 179
210 188 194 91 154 3
138 123 82 155 10 51
66 24 50 149 90 247
90 49 130 205 170 163
178 19 226 89 26 16
170 231 114 117 202 218
34 136 210 154 218 90
122 115 34 76 106 61
146 134 2 193 154 68
202 145 146 98 138 128
2 88 114 77 90 26
154 39 194 1 42 233
114 253 34 249 26 9
234 1 178 10 74 12
226 47 18 85 218 157
186 21 98 214 234 14
82 224 66 234 154 197
10 64 210 149 10 102
194 55 178 217 90 77
218 133 2 50 170 22
50 23 98 252 26 226
42 212 242 171 202 117
162 23 82 131 218 144
250 63 162 252 106 104
18 10 130 23 154 198
74 198 18 117 138 35
130 247 242 121 90 208
26 140 66 158 42 108
242 160 162 163 26 219
106 158 50 153 74 87
98 127 146 101 218 115
58 50 226 254 234 137
210 67 194 136 154 135
138 100 82 64 10 249
66 215 50 110 90 227
90 122 130 134 170 41
178 218 226 46 26 52
170 160 114 18 202 240
34 167 210 59 218 134
122 44 34 29 106 179
146 205 2 126 154 72
202 90 146 55 138 38
2 23 114 246 90 198
154 144 194 42 42 143
114 4 34 222 26 45
234 26 178 87 74 130
226 206 18 70 218 9
186 110 98 151 234 36
82 231 66 55 154 73
10 233 210 154 10 236
194 246 178 82 90 185
218 14 2 203 170 220
50 94 98 241 26 6
42 77 242 168 202 75
162 54 82 196 218 60
250 56 162 173 106 30
18 209 130 244 154 202
74 79 18 170 138 137
130 182 242 194 90 252
26 53 66 167 42 82
242 39 162 168 26 255
106 119 50 70 74 141
98 30 146 246 218 95
58 203 226 159 234 223
210 202 194 245 154 11
138 205 82 165 10 63
66 150 50 135 90 207
90 67 130 255 170 47
178 161 226 67 26 88
170 217 114 111 202 134
34 198 210 28 218 178
122 101 34 174 106 169
146 20 2 123 154 76
202 163 146 204 138 76
2 214 114 223 90 114
154 121 194 19 42 181
114 11 34 3 26 81
234 179 178 100 74 120
226 109 18 119 218 117
186 71 98 24 234 186
82 238 66 196 154 205
10 18 210 95 10 242
194 181 178 11 90 37
218 23 2 36 170 34
50 165 98 38 26 42
42 70 242 101 202 161
162 85 82 69 218 232
250 177 162 30 106 84
18 152 130 17 154 206
74 88 18 159 138 111
130 117 242 75 90 40
26 94 66 112 42 184
242 174 162 237 26 35
106 208 50 179 74 67
98 189 146 199 218 75
58 228 226 0 234 181
210 81 194 162 154 143
138 182 82 202 10 5
66 85 50 224 90 187
90 140 130 56 170 181
178 104 226 152 26 124
170 146 114 140 202 156
34 229 210 61 218 222
122 30 34 255 106 31
146 91 2 184 154 80
202 108 146 33 138 242
2 149 114 8 90 30
154 226 194 188 42 91
114 18 34 104 26 117
234 204 178 49 74 238
226 12 18 232 218 225
186 160 98 89 234 208
82 245 66 145 154 81
10 187 210 228 10 120
194 116 178 4 90 145
218 160 2 61 170 232
50 236 98 155 26 78
42 191 242 226 202 119
162 116 82 6 218 148
250 170 162 79 106 10
18 95 130 110 154 210
74 225 18 84 138 213
130 52 242 20 90 84
26 7 66 249 42 158
242 53 162 114 26 71
106 169 50 224 74 121
98 92 146 216 218 55
58 125 226 33 234 11
210 216 194 143 154 19
138 31 82 175 10 75
66 20 50 121 90 167
90 85 130 49 170 187
178 47 226 45 26 160
170 203 114 105 202 50
34 4 210 158 218 10
122 87 34 16 106 21
146 162 2 53 154 84
202 181 146 54 138 24
2 84 114 113 90 202
154 203 194 37 42 129
114 25 34 13 26 153
234 101 178 190 74 228
226 171 18 153 218 77
186 121 98 90 234 102
82 252 66 158 154 213
10 228 210 41 10 126
194 51 178 61 90 253
218 169 2 22 170 46
50 51 98 80 26 114
42 184 242 31 202 205
162 147 82 7 218 64
250 35 162 64 106 64
18 38 130 11 154 214
74 234 18 201 138 187
130 243 242 29 90 128
26 48 66 66 42 4
242 188 162 55 26 107
106 2 50 205 74 47
98 251 146 41 218 35
58 150 226 2 234 225
210 95 194 188 154 151
138 8 82 84 10 17
66 211 50 82 90 147
90 158 130 234 170 65
178 246 226 2 26 196
170 132 114 6 202 72
34 35 210 63 218 54
122 16 34 225 106 139
146 233 2 242 154 88
202 126 146 11 138 190
2 19 114 26 90 118
154 52 194 78 42 39
114 32 34 242 26 189
234 126 178 11 74 90
226 74 18 138 218 185
186 210 98 27 234 124
82 3 66 235 154 89
10 141 210 46 10 4
194 242 178 182 90 105
218 50 2 175 170 244
50 122 98 69 26 150
42 49 242 28 202 163
162 178 82 72 218 236
250 28 162 241 106 246
18 237 130 232 154 218
74 115 18 254 138 33
130 178 242 102 90 172
26 217 66 75 42 234
242 67 162 60 26 143
106 219 50 122 74 101
98 154 146 186 218 15
58 47 226 163 234 55
210 230 194 41 154 27
138 113 82 185 10 87
66 146 50 107 90 127
90 103 130 99 170 71
178 189 226 23 26 232
170 189 114 99 202 222
34 66 210 32 218 98
122 73 34 114 106 129
146 48 2 239 154 92
202 199 146 160 138 228
2 210 114 3 90 34
154 29 194 55 42 77
114 39 34 23 26 225
234 23 178 24 74 80
226 233 18 187 218 37
186 171 98 156 234 18
164 165 132 32 53 123
22 221 168 153 27 184
156 128 144 103 5 23
198 125 252 147 243 16
164 199 76 251 165 229
134 137 192 23 219 73
188 76 184 129 149 185
86 195 244 4 83 80
228 109 212 214 85 93
54 214 152 213 219 77
28 29 160 100 101 123
38 221 172 85 243 47
100 232 28 123 69 198
38 107 48 91 27 240
188 1 72 168 117 96
54 19 36 126 211 155
36 71 36 16 117 132
86 112 136 208 155 28
156 74 176 196 197 108
134 173 92 150 243 191
36 90 236 29 229 123
198 141 160 253 91 127
188 135 216 17 85 164
22 244 84 214 83 8
100 177 116 140 149 16
118 235 120 74 91 132
28 137 192 199 37 11
230 46 12 150 243 32
228 156 188 163 133 38
102 49 16 191 155 87
188 94 104 254 53 165
246 165 132 77 211 245
164 44 196 11 181 33
150 135 104 3 27 229
156 88 208 173 133 118
70 161 188 148 243 178
164 48 140 204 37 230
6 150 128 95 219 216
188 6 248 173 21 131
214 104 180 35 83 196
228 56 20 78 213 215
182 132 88 187 219 158
28 57 224 182 229 206
166 68 108 210 243 213
100 149 92 88 197 218
166 251 240 158 27 99
188 255 136 96 245 93
182 124 228 152 211 211
36 86 100 19 245 82
214 34 72 50 155 17
156 170 240 34 69 52
6 89 28 143 243 233
36 75 44 7 101 36
70 162 96 61 91 86
188 201 24 86 213 85
150 33 20 237 83 132
100 4 180 27 21 179
246 161 56 40 91 157
28 45 0 50 165 198
102 30 204 10 243 78
228 209 252 152 5 227
230 201 208 250 155 18
188 228 168 206 181 138
118 151 68 96 211 53
164 195 4 39 53 24
22 66 40 93 27 162
156 64 16 36 5 166
198 212 124 133 243 100
164 169 204 205 165 54
134 178 64 151 219 247
188 208 56 10 149 28
86 30 116 50 83 72
228 19 84 245 85 162
54 67 24 145 219 127
28 101 32 57 101 242
38 188 44 63 243 139
100 82 156 101 69 63
38 156 176 210 27 102
188 13 200 72 117 43
54 246 164 163 211 27
36 117 164 70 117 113
86 229 8 132 155 150
156 26 48 177 197 203
134 20 220 119 243 35
36 76 108 32 229 28
198 198 32 109 91 189
188 27 88 202 85 215
22 95 212 243 83 16
100 103 244 218 149 165
118 104 248 245 91 70
28 225 64 204 37 82
230 29 140 111 243 140
228 22 60 190 133 239
102 114 144 38 155 93
188 122 232 206 53 64
246 152 4 99 211 133
164 106 68 114 181 94
150 12 232 166 27 239
156 56 80 202 133 165
70 24 60 102 243 38
164 50 12 255 37 215
6 223 0 191 219 166
188 170 120 150 21 134
214 227 52 49 83 220
228 254 148 204 213 188
182 17 216 86 219 240
28 161 96 235 229 229
166 67 236 155 243 81
100 31 220 162 197 243
166 76 112 246 27 249
188 43 8 97 245 200
182 127 100 158 211 115
36 164 228 169 245 223
214 183 200 197 155 171
156 154 112 111 69 51
6 224 156 80 243 109
36 93 172 105 101 101
70 251 224 140 91 180
188 125 152 110 213 40
150 172 148 234 83 172
100 218 52 202 21 232
246 62 184 179 91 127
28 165 128 150 165 173
102 45 76 196 243 218
228 107 124 19 5 76
230 42 80 66 155 56
188 32 40 255 181 197
118 170 196 85 211 229
164 33 132 237 53 245
22 231 168 224 27 204
156 64 144 160 5 117
198 107 252 54 243 248
164 203 76 96 165 199
134 27 192 214 219 229
188 148 184 82 149 191
86 185 244 31 83 128
228 249 212 211 85 39
54 240 152 12 219 241
28 237 160 205 101 169
38 219 172 232 243 39
100 252 28 16 69 248
38 13 48 10 27 28
188 89 72 169 117 54
54 25 36 137 211 219
36 227 36 61 117 158
86 154 136 247 155 80
156 42 176 93 197 106
134 187 92 25 243 199
36 126 236 226 229 253
198 63 160 156 91 59
188 239 216 66 85 74
22 10 84 209 83 88
100 93 116 233 149 122
118 37 120 97 91 72
28 121 192 144 37 217
230 76 12 9 243 56
228 208 188 152 133 248
102 243 16 78 155 163
188 214 104 95 53 27
246 203 132 56 211 85
164 232 196 152 181 219
150 209 104 10 27 57
156 88 208 166 133 20
70 207 188 247 243 218
164 116 140 241 37 8
6 104 128 222 219 180
188 142 248 62 21 201
214 158 180 254 83 52
228 4 20 11 213 225
182 222 88 178 219 130
28 73 224 223 229 60
166 130 108 37 243 13
100 233 92 173 197 76
166 221 240 13 27 207
188 151 136 33 245 115
182 194 228 99 211 83
36 50 100 0 245 172
214 140 72 25 155 133
156 202 240 123 69 114
6 167 28 210 243 49
36 175 44 140 101 230
70 148 96 156 91 82
188 113 24 71 213 59
150 119 20 168 83 20
100 240 180 56 21 93
246 27 56 255 91 161
28 93 0 187 165 212
102 124 204 61 243 166
228 69 252 77 5 245
230 203 208 73 155 158
188 156 168 239 181 64
118 253 68 11 211 213
164 191 4 116 53 18
22 204 40 36 27 54
156 128 16 221 5 132
198 66 124 168 243 204
164 45 204 178 165 152
134 196 64 214 219 19
188 152 56 91 149 162
86 148 116 205 83 248
228 31 84 114 85 236
54 221 24 72 219 163
28 181 32 34 101 160
38 58 44 82 243 3
100 230 156 122 69 241
38 190 176 1 27 18
188 229 200 201 117 129
54 124 164 46 211 219
36 145 164 243 117 11
86 143 8 43 155 74
156 122 48 202 197 73
134 162 220 122 243 171
36 240 108 101 229 30
198 248 32 140 91 249
188 3 88 123 85 253
22 245 212 110 83 224
100 147 244 183 149 143
118 34 248 140 91 138
28 81 64 21 37 160
230 187 140 98 243 36
228 202 60 51 133 65
102 180 144 53 155 41
188 114 232 175 53 54
246 62 4 206 211 101
164 166 68 127 181 152
150 214 232 45 27 195
156 184 80 67 133 195
70 198 60 73 243 206
164 246 12 164 37 121
6 49 0 190 219 2
188 178 120 167 21 76
214 153 52 140 83 204
228 74 148 9 213 70
182 235 216 205 219 84
28 49 96 148 229 211
166 1 236 110 243 9
100 243 220 119 197 229
166 174 112 229 27 229
188 67 8 162 245 94
182 69 100 233 211 115
36 0 228 22 245 185
214 161 200 44 155 159
156 58 112 72 69 241
6 174 156 19 243 53
36 65 172 110 101 167
70 109 224 107 91 48
188 165 152 223 213 142
150 130 148 37 83 188
100 70 52 103 21 18
246 56 184 10 91 3
28 85 128 159 165 59
102 11 76 119 243 178
228 95 124 72 5 222
230 172 80 17 155 68
188 88 40 160 181 251
118 144 196 128 211 5
73 75 9 64 106 246
47 184 85 48 64 106
89 237 93 170 122 234
7 23 177 131 232 28
57 88 193 44 154 60
239 42 29 41 160 21
105 168 181 39 202 57
103 107 25 175 104 36
105 18 185 117 10 199
239 139 37 162 64 125
185 202 77 243 90 105
7 132 193 20 40 192
217 45 241 70 186 205
47 87 109 103 32 1
73 40 37 233 42 209
231 156 169 80 40 208
137 222 105 108 170 8
175 200 245 36 64 65
25 149 61 5 58 201
7 50 209 94 104 244
121 216 33 82 218 175
111 220 189 102 160 29
41 229 149 99 138 169
103 255 57 155 232 140
169 79 25 4 74 123
111 78 197 152 64 182
121 236 45 64 26 202
7 1 225 193 168 185
25 248 81 46 250 162
175 154 13 7 32 107
9 127 5 247 234 130
231 114 201 238 168 90
201 5 201 28 234 222
47 253 149 221 64 220
217 112 29 4 250 43
7 209 241 157 232 15
185 44 129 187 26 103
239 113 93 40 160 233
233 149 117 3 74 29
103 215 89 171 104 57
233 160 121 150 138 243
239 180 101 211 64 179
57 194 13 177 218 174
7 130 1 83 40 247
89 22 177 217 58 188
47 66 173 170 32 153
201 201 229 232 170 56
231 12 233 48 40 41
9 193 41 81 42 121
175 85 53 90 64 59
153 128 253 166 186 18
7 244 17 65 104 111
249 84 225 104 90 98
111 235 253 109 160 121
169 186 85 7 10 149
103 243 121 223 232 41
41 6 217 44 202 47
111 191 5 82 64 116
249 75 237 69 154 23
7 7 33 200 168 120
153 136 17 73 122 25
175 77 77 82 32 139
137 8 197 190 106 242
231 106 9 23 168 59
73 16 137 9 106 215
47 210 213 154 64 94
89 196 221 237 122 125
7 155 49 72 232 18
57 81 65 90 154 161
239 72 157 55 160 205
105 83 53 111 202 16
103 83 153 55 104 94
105 127 57 199 10 48
239 109 165 20 64 249
185 137 205 254 90 4
7 144 65 33 40 62
217 78 113 124 186 186
47 189 237 253 32 65
73 59 165 120 42 176
231 140 41 161 40 146
137 243 233 69 170 249
175 114 117 159 64 69
25 60 189 216 58 108
7 198 81 179 104 250
121 33 161 143 218 36
111 138 61 133 160 229
41 96 21 59 138 144
103 247 185 179 232 214
169 12 153 101 74 244
111 192 69 27 64 66
121 123 173 219 26 117
7 29 97 94 168 71
25 105 209 115 250 159
175 144 141 173 32 187
9 98 133 22 234 113
231 114 73 207 168 44
201 106 73 6 234 223
47 55 21 104 64 240
217 231 157 103 250 222
7 117 113 130 232 37
185 197 1 9 26 236
239 175 221 86 160 193
233 224 245 106 74 20
103 223 217 83 104 147
233 173 249 7 138 124
239 182 229 101 64 79
57 33 141 220 218 105
7 174 129 127 40 149
89 215 49 47 58 201
47 200 45 97 32 249
201 124 101 152 170 55
231 28 105 161 40 11
9 118 169 74 42 138
175 31 181 244 64 95
153 199 125 154 186 213
7 168 145 181 104 149
249 61 97 198 90 247
111 185 125 172 160 97
169 213 213 254 10 156
103 11 249 23 232 147
41 99 89 174 202 200
111 81 133 244 64 32
249 122 109 1 154 226
7 67 161 132 168 38
153 153 145 174 122 54
175 99 205 24 32 251
137 139 69 254 106 1
231 138 137 23 168 45
73 21 9 19 106 248
47 44 85 69 64 146
89 219 93 113 122 80
7 95 177 76 232 72
57 138 193 199 154 70
239 166 29 134 160 197
105 62 181 246 202 39
103 123 25 0 104 216
105 44 185 88 10 217
239 143 37 199 64 181
185 136 77 74 90 223
7 220 193 109 40 252
217 175 241 241 186 231
47 99 109 212 32 193
73 142 37 72 42 207
231 188 169 49 40 148
137 72 105 95 170 42
175 92 245 89 64 137
25 35 61 236 58 79
7 154 209 71 104 64
121 170 33 13 218 217
111 120 189 227 160 237
41 27 149 82 138 183
103 47 57 12 232 96
169 9 25 7 74 173
111 114 197 221 64 14
121 74 45 183 26 96
7 121 225 58 168 21
25 26 81 249 250 220
175 198 13 148 32 75
9 133 5 118 234 160
231 178 201 239 168 62
201 15 201 47 234 32
47 177 149 50 64 68
217 158 29 11 250 209
7 89 241 166 232 123
185 158 129 150 26 177
239 45 93 197 160 217
233 107 117 18 74 75
103 39 89 60 104 45
233 250 121 185 138 69
239 248 101 56 64 43
57 192 13 72 218 100
7 26 1 236 40 115
89 216 177 196 58 22
47 142 173 87 32 153
201 111 229 135 170 118
231 108 233 81 40 45
9 107 41 132 42 219
175 41 53 207 64 195
153 78 253 205 186 216
7 156 17 106 104 251
249 102 225 99 90 204
111 199 253 42 160 137
169 48 85 54 10 227
103 99 121 144 232 61
41 0 217 111 202 161
111 35 5 215 64 12
249 233 237 252 154 237
7 191 33 129 168 20
153 234 17 84 122 147
175 185 77 31 32 171
137 78 197 125 106 80
231 234 9 88 168 95
73 90 137 92 106 89
47 198 213 47 64 6
89 50 221 52 122 99
7 99 49 145 232 190
57 3 65 117 154 43
239 68 157 20 160 253
105 105 53 190 202 126
103 227 153 8 104 146
105 25 57 42 10 194
239 241 165 185 64 177
185 199 205 213 90 250
7 104 65 250 40 250
217 80 113 167 186 84
47 73 237 234 32 129
73 33 165 87 42 46
231 44 41 2 40 214
137 221 233 184 170 155
175 134 117 84 64 13
25 74 189 63 58 114
7 174 81 28 104 198
121 115 161 202 218 206
111 166 61 130 160 53
41 22 21 170 138 30
103 167 185 164 232 42
169 70 153 232 74 166
111 100 69 224 64 26
121 89 173 210 26 139
7 21 97 87 168 35
25 11 209 190 250 89
175 60 141 186 32 27
9 232 133 21 234 15
231 50 73 80 168 144
201 244 73 153 234 161
47 107 21 61 64 216
217 149 157 238 250 4
7 125 113 11 232 17
185 183 1 100 26 182
239 235 221 115 160 49
233 54 245 249 74 194
103 175 217 100 104 7
233 135 249 170 138 78
239 122 229 74 64 71
57 159 141 243 218 159
7 198 129 152 40 145
89 25 49 154 58 163
47 148 45 142 32 121
201 162 101 183 170 245
231 252 105 66 40 143
9 160 169 253 42 108
175 115 181 233 64 103
153 21 125 65 186 27
7 208 145 94 104 161
249 207 97 65 90 225
111 21 125 233 160 241
169 203 213 173 10 106
103 251 249 72 232 39
41 221 89 113 202 186
111 53 133 249 64 56
249 152 109 56 154 56
7 123 161 189 168 66
153 123 145 57 122 48
175 79 205 101 32 155
137 81 69 61 106 223
231 138 137 216 168 209
146 150 18 128 212 237
94 114 170 100 128 219
178 242 186 128 244 37
14 64 98 255 208 216
114 240 130 225 52 234
222 135 58 46 64 114
210 200 106 99 148 84
206 56 50 14 208 199
210 228 114 187 20 175
222 185 74 184 128 193
114 173 154 162 180 131
14 250 130 81 80 31
178 219 226 101 116 172
94 0 218 154 64 137
146 72 74 246 84 99
206 251 82 1 80 159
18 61 210 120 84 82
94 211 234 45 128 9
50 66 122 86 116 163
14 54 162 21 208 135
242 112 66 204 180 16
222 42 122 137 64 2
82 66 42 251 20 244
206 32 114 70 208 152
82 223 50 120 148 87
222 126 138 133 128 179
242 240 90 92 52 5
14 180 194 11 80 18
50 240 162 212 244 150
94 199 26 186 64 221
18 246 10 50 212 134
206 103 146 157 80 180
146 11 146 121 212 62
94 124 42 127 128 191
178 249 58 116 244 40
14 52 226 243 208 190
114 153 2 63 52 191
222 149 186 236 64 26
210 163 234 90 148 155
206 144 178 198 208 241
210 1 242 60 20 136
222 139 202 218 128 45
114 156 26 94 180 142
14 118 2 142 80 141
178 172 98 203 116 9
94 86 90 225 64 185
146 139 202 53 84 178
206 91 210 129 80 81
18 2 82 130 84 179
94 109 106 88 128 253
50 25 250 217 116 182
14 58 34 154 208 125
242 105 194 57 180 245
222 200 250 87 64 186
82 237 170 130 20 75
206 136 242 142 208 210
82 76 178 9 148 64
222 224 10 184 128 47
242 175 218 167 52 32
14 64 66 216 80 144
50 17 34 74 244 3
94 173 154 16 64 29
18 9 138 1 212 229
206 215 18 174 80 118
146 32 18 147 212 175
94 166 170 185 128 195
178 160 186 135 244 75
14 72 98 8 208 196
114 226 130 188 52 180
222 195 58 203 64 226
210 30 106 114 148 2
206 8 50 159 208 59
210 190 114 222 20 129
222 125 74 29 128 185
114 43 154 57 180 185
14 18 130 234 80 27
178 29 226 80 116 134
94 204 218 71 64 9
146 110 74 149 84 33
206 219 82 34 80 35
18 103 210 171 84 52
94 39 234 162 128 17
50 144 122 125 116 233
14 94 162 62 208 147
242 2 66 199 180 250
222 134 122 70 64 146
82 56 42 42 20 194
206 16 114 247 208 44
82 89 50 187 148 73
222 98 138 10 128 203
242 14 90 19 52 91
14 236 194 196 80 46
50 210 162 223 244 144
94 179 26 135 64 125
18 188 10 241 212 100
206 103 146 222 80 88
146 213 146 204 212 64
94 240 42 20 128 231
178 231 58 187 244 142
14 124 226 60 208 234
114 203 2 90 52 201
222 17 186 201 64 202
210 57 234 169 148 137
206 160 178 151 208 165
210 27 242 159 20 154
222 143 202 127 128 101
114 90 26 53 180 4
14 206 2 103 80 201
178 46 98 246 116 35
94 98 90 206 64 121
146 241 202 20 84 176
206 123 210 226 80 21
18 108 82 245 84 213
94 1 106 13 128 69
50 167 250 64 116 60
14 162 34 3 208 201
242 59 194 116 180 31
222 100 250 84 64 138
82 35 170 241 20 89
206 184 242 127 208 166
82 6 178 140 148 114
222 4 10 125 128 135
242 13 218 158 52 182
14 184 66 209 80 236
50 51 34 149 244 61
94 217 154 29 64 253
18 15 138 0 212 3
206 23 18 47 80 90
146 42 18 38 212 241
94 90 170 142 128 43
178 206 186 14 244 241
14 208 98 145 208 48
114 84 130 23 52 254
222 127 58 232 64 210
210 244 106 1 148 48
206 88 50 176 208 47
210 24 114 129 20 211
222 193 74 2 128 49
114 41 154 80 180 111
14 170 130 3 80 151
178 223 226 187 116 224
94 24 218 116 64 9
146 20 74 180 84 95
206 59 82 195 80 39
18 17 210 94 84 150
94 251 234 151 128 153
50 94 122 36 116 175
14 6 162 231 208 31
242 20 66 66 180 100
222 98 122 131 64 162
82 174 42 217 20 16
206 128 114 40 208 64
82 83 50 126 148 187
222 198 138 15 128 99
242 172 90 74 52 49
14 164 194 253 80 202
50 52 162 106 244 10
94 31 26 212 64 157
18 2 10 48 212 194
206 231 146 159 80 124
146 31 146 159 212 194
94 228 42 41 128 143
178 85 58 130 244 116
14 68 226 5 208 150
114 125 2 245 52 83
222 13 186 38 64 250
210 79 234 120 148 247
206 48 178 232 208 217
210 181 242 130 20 44
222 19 202 164 128 29
114 152 26 140 180 250
14 166 2 192 80 133
178 48 98 161 116 189
94 238 90 59 64 185
146 215 202 115 84 46
206 27 210 195 80 89
18 86 82 232 84 119
94 21 106 66 128 13
50 181 250 39 116 66
14 138 34 236 208 149
242 141 194 47 180 201
222 128 250 209 64 218
82 217 170 224 20 231
206 104 242 240 208 250
82 64 178 143 148 36
222 168 10 194 128 95
242 235 218 21 52 204
14 176 66 74 80 200
50 213 34 96 244 247
94 133 154 170 64 93
18 149 138 127 212 161
206 215 18 48 80 190
146 180 18 57 212 179
94 142 170 227 128 19
178 124 186 21 244 23
14 216 98 154 208 28
114 70 130 242 52 200
222 187 58 133 64 66
210 74 106 16 148 222
206 40 50 65 208 163
210 242 114 164 20 165
222 133 74 103 128 41
114 167 154 231 180 165
14 194 130 156 80 147
178 33 226 166 116 186
94 228 218 33 64 137
146 58 74 83 84 29
206 27 82 228 80 171
18 59 210 145 84 120
94 79 234 12 128 161
50 172 122 75 116 245
14 46 162 16 208 43
242 166 66 61 180 78
222 190 122 64 64 50
82 164 42 8 20 222
206 112 114 217 208 212
82 205 50 193 148 173
222 170 138 148 128 123
242 202 90 1 52 135
14 220 194 182 80 230
50 22 162 117 244 4
94 11 26 161 64 61
18 200 10 239 212 160
206 231 146 224 80 32
146 233 146 242 212 196
94 88 42 190 128 183
178 67 58 201 244 218
14 140 226 78 208 194
114 175 2 16 52 93
222 137 186 3 64 170
210 229 234 199 148 229
206 64 178 185 208 141
210 207 242 229 20 62
222 23 202 73 128 85
114 86 26 99 180 112
14 254 2 153 80 193
178 178 98 204 116 215
94 250 90 40 64 121
146 61 202 82 84 44
206 59 210 36 80 29
18 192 82 91 84 153
94 169 106 247 128 85
50 67 250 142 116 200
14 242 34 85 208 225
242 95 194 106 180 243
222 28 250 206 64 170
82 15 170 79 20 245
206 152 242 225 208 206
82 250 178 18 148 86
222 204 10 135 128 183
242 73 218 12 52 98
14 40 66 67 80 36
50 247 34 171 244 49
94 177 154 183 64 61
18 155 138 126 212 191
206 23 18 177 80 162
37 45 36 1 169 219
191 230 90 204 11 189
137 249 184 38 101 144
195 103 206 168 55 193
205 59 204 206 97 220
39 146 130 85 163 206
113 218 96 95 29 240
107 121 118 147 207 54
245 13 116 136 25 218
15 211 170 29 59 97
217 208 8 132 213 166
147 38 30 201 103 235
157 143 28 86 209 192
119 189 210 36 211 136
193 24 176 12 141 144
59 83 198 153 255 162
197 204 196 255 137 92
95 133 250 10 107 185
41 14 88 17 69 105
99 3 110 245 151 129
109 241 108 237 65 89
199 126 34 16 3 199
17 45 0 74 253 204
11 91 22 108 47 11
149 73 20 39 249 66
175 29 74 20 155 229
121 17 168 14 181 55
51 158 190 45 199 35
61 65 188 84 177 133
23 246 114 151 51 169
97 119 80 87 109 5
219 48 102 10 95 15
101 100 100 190 105 109
255 187 154 185 203 5
201 58 248 187 37 114
3 151 14 114 247 113
13 95 12 76 33 38
103 67 194 58 99 79
177 87 160 116 221 153
171 116 182 116 143 79
53 253 180 133 217 187
79 128 234 122 251 57
25 234 72 89 149 120
211 141 94 194 39 12
221 42 92 147 145 26
183 134 18 122 147 217
1 46 240 225 77 234
123 198 6 171 191 107
5 244 4 61 73 14
159 138 58 216 43 162
105 127 152 38 5 171
163 34 174 30 87 146
173 132 172 234 1 67
7 224 98 213 195 103
81 90 64 223 189 86
75 198 86 173 239 3
213 40 84 164 185 68
239 250 138 81 91 94
185 90 232 99 117 105
115 245 254 134 135 164
125 76 252 17 113 127
87 111 178 204 243 25
161 60 144 172 45 63
27 20 166 123 31 184
165 123 164 123 41 63
63 241 218 102 139 142
9 220 56 81 229 19
67 166 78 251 183 226
77 98 76 201 225 175
167 84 2 224 35 16
241 52 224 137 157 3
235 79 246 21 79 40
117 204 244 130 153 221
143 141 42 152 187 82
89 99 136 46 85 10
19 213 158 123 231 236
29 166 156 208 81 180
247 175 82 143 83 106
65 163 48 183 13 4
187 25 70 124 127 244
69 251 68 122 9 0
223 239 122 101 235 202
169 80 216 59 197 172
227 33 238 7 23 99
237 247 236 231 193 108
71 161 162 90 131 72
145 231 128 116 125 160
139 17 150 174 175 188
21 232 148 33 121 134
47 56 202 78 27 23
249 3 40 185 53 91
179 44 62 160 71 229
189 55 60 207 49 185
151 72 242 193 179 202
225 97 208 1 237 56
91 215 230 172 223 32
229 114 228 56 233 80
127 134 26 212 75 87
73 221 120 230 165 117
131 149 142 68 119 19
141 69 140 70 161 121
231 197 66 69 227 16
49 114 32 159 93 45
43 11 54 119 15 193
181 123 52 128 89 63
207 250 106 117 123 171
153 60 200 3 21 92
83 252 222 244 167 141
93 1 220 13 17 142
55 57 146 100 19 59
129 120 112 140 205 221
251 76 134 13 63 61
133 226 132 183 201 49
31 181 186 178 171 51
233 129 24 81 133 110
35 1 46 177 215 243
45 75 44 229 129 214
135 194 226 159 67 105
209 212 192 9 61 170
203 60 214 111 111 53
85 135 212 158 57 8
111 213 10 12 219 15
57 13 104 14 245 12
243 67 126 121 7 230
253 2 124 140 241 50
215 129 50 119 115 187
33 231 16 87 173 242
155 122 38 158 159 73
37 74 36 246 169 162
191 123 90 1 11 96
137 62 184 123 101 151
195 100 206 77 55 4
205 8 204 195 97 131
39 151 130 106 163 81
113 15 96 180 29 23
107 166 118 152 207 25
245 10 116 125 25 225
15 200 170 18 59 68
217 117 8 217 213 109
147 3 30 46 103 238
157 60 28 75 209 167
119 34 210 249 211 75
193 173 176 97 141 119
59 96 198 94 255 69
197 169 196 244 137 163
95 218 250 191 107 220
41 19 88 102 69 240
99 192 110 26 151 68
109 126 108 226 65 128
199 67 34 165 3 202
17 34 0 159 253 115
11 72 22 241 47 110
149 6 20 28 249 201
175 210 74 137 155 72
121 118 168 99 181 126
51 59 190 18 199 166
61 174 188 73 177 236
23 27 114 236 51 236
97 204 80 172 109 108
219 253 102 79 95 50
101 1 100 179 105 52
255 208 154 238 203 168
201 255 248 16 37 121
3 20 14 23 247 180
13 172 12 65 33 205
103 200 194 79 99 210
177 12 160 201 221 192
171 33 182 121 143 50
53 122 180 122 217 194
79 245 234 111 251 28
25 15 72 174 149 63
211 234 94 39 39 15
221 87 92 136 145 1
183 107 18 79 147 156
1 67 240 54 77 209
123 83 6 112 191 14
5 81 4 50 73 85
159 95 58 141 43 197
105 4 152 123 5 50
163 95 174 67 87 85
173 145 172 223 1 106
7 37 98 106 195 106
81 207 64 52 189 253
75 51 86 50 239 102
213 101 84 153 185 203
239 47 138 198 91 193
185 63 232 184 117 176
115 18 254 107 135 39
125 57 252 6 113 230
87 20 178 33 243 92
161 17 144 1 45 166
27 97 166 192 31 219
165 152 164 112 41 6
63 134 218 155 139 49
9 33 56 166 229 26
67 163 78 160 183 37
77 47 76 190 225 86
167 89 2 245 35 147
241 105 224 222 157 42
235 124 246 26 79 11
117 201 244 119 153 228
143 130 42 141 187 53
89 8 136 131 85 209
19 178 158 224 231 239
29 83 156 197 81 155
247 20 82 100 83 45
65 56 48 12 13 235
187 38 70 65 127 151
69 216 68 111 9 71
223 68 122 26 235 237
169 85 216 144 197 51
227 222 238 44 23 38
237 132 236 220 193 147
71 102 162 239 131 75
145 220 128 201 125 71
139 254 150 51 175 31
21 165 148 22 121 13
47 237 202 195 27 122
249 104 40 14 53 162
179 201 62 133 71 104
189 164 60 196 49 32
151 109 242 22 179 13
225 182 208 86 237 159
91 164 230 241 223 67
229 15 228 45 233 23
127 155 26 9 75 250
73 162 120 59 165 124
131 18 142 233 119 86
141 146 140 59 161 32
231 74 66 90 227 147
49 39 32 244 93 84
43 184 54 124 15 164
181 248 52 117 89 70
207 111 106 106 123 142
153 97 200 88 21 35
83 89 222 89 167 144
93 46 220 2 17 117
55 30 146 57 19 254
129 141 112 225 205 196
251 217 134 210 63 224
133 63 132 172 201 120
31 138 186 103 171 86
233 6 24 166 133 245
35 62 46 214 215 182
45 88 44 218 129 253
135 7 226 52 67 108
209 73 192 94 61 81
203 169 214 244 111 152
85 196 212 147 57 143
111 10 10 129 219 114
57 242 104 99 245 83
243 96 126 94 7 105
253 239 124 129 241 153
215 38 50 204 115 254
33 188 16 172 173 89
155 199 38 227 159 108
