NVERTS 30
NFACES 56

VERTEX
-0.1365159, 76.8385086, 10.1957855
-70.7453918, -12.7774754, -11.735467
1.3543911, -83.1445465, 11.7126532
77.484726, -41.2972717, -13.3570633
77.1770935, 55.8193893, -3.1032679
57.7086792, 1.5616697, 61.1241302
-38.3080826, -3.016675, 70.731781
11.0031996, 29.0019913, -71.8208466
-0.609913, -63.6011124, -66.0349655
-24.8495522, 37.5018959, 48.5092278
-45.3199272, 39.2278366, -1.4041215
-58.7018394, -8.0949116, 35.257225
-23.2851524, -44.0912476, 48.3259506
-44.1314201, -56.8500748, 0.385014
-37.3782692, -43.6475983, -47.373085
0.4884396, -79.093399, -31.8816948
-35.5996208, 13.3397856, -50.9101105
3.1104989, -23.1139793, -71.9617538
2.0646982, 62.6053162, -36.0949898
32.2544136, 48.6739578, 45.147644
6.7296143, -1.3516903, 68.818779
33.893074, -48.3574104, 44.2213821
50.6119537, 48.5340881, -37.6875305
45.133934, 71.2029572, 0.8243523
46.9671631, -71.2559357, -0.5099866
37.6498718, -57.5912399, -46.0867424
51.0351448, -6.1476245, -49.9148026
74.6416626, 33.2202988, 29.5823288
76.1089478, -24.50453, 27.8393898
81.35672, 11.8495188, -6.4173546

FACES
127,127,127,	-0.896401,0.400541,0.189823,	3,	11,10,1
127,127,127,	-0.856109,-0.444456,0.263696,	3,	13,11,1
127,127,127,	-0.791739,-0.550766,-0.264211,	3,	1,14,13
127,127,127,	-0.790206,0.465515,-0.398585,	3,	1,10,16
127,127,127,	-0.737938,-0.018839,-0.674605,	3,	1,16,14
127,127,127,	-0.798881,0.492934,0.344681,	3,	10,11,9
127,127,127,	-0.712292,-0.536532,0.452518,	3,	12,11,13
127,127,127,	-0.790704,0.474677,0.386612,	3,	6,9,11
127,127,127,	-0.706066,-0.520289,0.480386,	3,	12,6,11
127,127,127,	-0.587321,-0.754942,-0.291749,	3,	15,13,14
127,127,127,	-0.638178,0.623651,-0.451428,	3,	18,16,10
127,127,127,	-0.655013,0.696615,0.292721,	3,	9,0,10
127,127,127,	-0.504635,-0.037783,-0.862506,	3,	17,14,16
127,127,127,	-0.529990,-0.733439,0.425651,	3,	2,12,13
127,127,127,	0.019765,0.475729,0.879370,	3,	20,9,6
127,127,127,	0.054689,-0.462671,0.884841,	3,	12,20,6
127,127,127,	-0.575730,0.773440,-0.265190,	3,	10,0,18
127,127,127,	-0.485832,-0.871139,-0.071303,	3,	13,15,2
127,127,127,	-0.572836,-0.753237,-0.323254,	3,	14,8,15
127,127,127,	-0.486344,-0.082644,-0.869850,	3,	17,8,14
127,127,127,	-0.488067,0.571512,-0.659670,	3,	18,7,16
127,127,127,	-0.427148,0.067127,-0.901687,	3,	16,7,17
127,127,127,	-0.102068,0.726251,0.679810,	3,	19,0,9
127,127,127,	0.001406,-0.683476,0.729971,	3,	2,21,12
127,127,127,	-0.033576,0.441419,0.896673,	3,	19,9,20
127,127,127,	0.030548,-0.449511,0.892752,	3,	21,20,12
127,127,127,	0.341024,-0.851921,-0.397408,	3,	25,15,8
127,127,127,	0.476459,-0.170055,-0.862594,	3,	25,8,17
127,127,127,	0.058674,0.954971,-0.290838,	3,	18,0,23
127,127,127,	0.227276,-0.969226,-0.094583,	3,	24,2,15
127,127,127,	0.192812,0.738362,-0.646254,	3,	22,7,18
127,127,127,	0.435563,-0.063536,-0.897913,	3,	26,17,7
127,127,127,	0.206908,0.846566,0.490423,	3,	0,19,23
127,127,127,	0.341930,-0.792199,0.505475,	3,	24,21,2
127,127,127,	0.372400,-0.865286,-0.335558,	3,	24,15,25
127,127,127,	0.464059,-0.185203,-0.866227,	3,	25,17,26
127,127,127,	0.117342,0.375209,0.919483,	3,	5,19,20
127,127,127,	0.231684,0.852390,-0.468779,	3,	18,23,22
127,127,127,	0.159223,-0.383932,0.909530,	3,	21,5,20
127,127,127,	0.589445,0.180621,-0.787357,	3,	22,26,7
127,127,127,	0.453248,0.734504,0.505045,	3,	19,27,23
127,127,127,	0.564889,-0.655805,0.500820,	3,	28,21,24
127,127,127,	0.581824,-0.738652,-0.340403,	3,	3,24,25
127,127,127,	0.452884,0.495940,0.740905,	3,	19,5,27
127,127,127,	0.672038,-0.227303,-0.704769,	3,	3,25,26
127,127,127,	0.541797,-0.489771,0.683066,	3,	28,5,21
127,127,127,	0.344453,0.829651,-0.439353,	3,	4,22,23
127,127,127,	0.783740,0.141304,-0.604801,	3,	29,26,22
127,127,127,	0.417420,0.731984,0.538479,	3,	27,4,23
127,127,127,	0.729970,-0.624050,0.278757,	3,	3,28,24
127,127,127,	0.877736,0.007846,0.479081,	3,	27,5,28
127,127,127,	0.774858,0.120428,-0.620558,	3,	4,29,22
127,127,127,	0.817193,0.015695,-0.576150,	3,	29,3,26
127,127,127,	0.984908,0.019844,0.171936,	3,	28,29,27
127,127,127,	0.987374,0.083721,0.134476,	3,	4,27,29
127,127,127,	0.994500,-0.081108,0.066273,	3,	29,28,3

TEXTURES
asteroid.png	256 256	64.512000 18.944000	255.232000 56.832000	0.000000 0.000000
asteroid.png	256 256	127.232000 67.328000	64.512000 18.944000	0.000000 0.000000
asteroid.png	256 256	0.000000 0.000000	162.816000 78.848000	127.232000 67.328000
asteroid.png	256 256	0.000000 0.000000	255.232000 56.832000	204.800000 74.496000
asteroid.png	256 256	0.000000 0.000000	204.800000 74.496000	162.816000 78.848000
asteroid.png	256 256	255.232000 56.832000	64.512000 18.944000	13.824000 58.880000
asteroid.png	256 256	92.416000 93.696000	64.512000 18.944000	127.232000 67.328000
asteroid.png	256 256	64.000000 83.200000	13.824000 58.880000	64.512000 18.944000
asteroid.png	256 256	92.416000 93.696000	64.000000 83.200000	64.512000 18.944000
asteroid.png	256 256	143.872000 123.136000	127.232000 67.328000	162.816000 78.848000
asteroid.png	256 256	253.952000 115.456000	204.800000 74.496000	255.232000 56.832000
asteroid.png	256 256	13.824000 58.880000	5.376000 122.624000	255.232000 56.832000
asteroid.png	256 256	180.992000 125.696000	162.816000 78.848000	204.800000 74.496000
asteroid.png	256 256	121.856000 123.904000	92.416000 93.696000	127.232000 67.328000
asteroid.png	256 256	62.976000 129.792000	13.824000 58.880000	64.000000 83.200000
asteroid.png	256 256	92.416000 93.696000	62.976000 129.792000	64.000000 83.200000
asteroid.png	256 256	255.232000 56.832000	5.376000 122.624000	253.952000 115.456000
asteroid.png	256 256	127.232000 67.328000	143.872000 123.136000	121.856000 123.904000
asteroid.png	256 256	162.816000 78.848000	161.536000 122.624000	143.872000 123.136000
asteroid.png	256 256	180.992000 125.696000	161.536000 122.624000	162.816000 78.848000
asteroid.png	256 256	253.952000 115.456000	210.176000 151.040000	204.800000 74.496000
asteroid.png	256 256	204.800000 74.496000	210.176000 151.040000	180.992000 125.696000
asteroid.png	256 256	29.440000 158.208000	5.376000 122.624000	13.824000 58.880000
asteroid.png	256 256	121.856000 123.904000	96.256000 162.304000	92.416000 93.696000
asteroid.png	256 256	29.440000 158.208000	13.824000 58.880000	62.976000 129.792000
asteroid.png	256 256	96.256000 162.304000	62.976000 129.792000	92.416000 93.696000
asteroid.png	256 256	156.416000 162.816000	143.872000 123.136000	161.536000 122.624000
asteroid.png	256 256	156.416000 162.816000	161.536000 122.624000	180.992000 125.696000
asteroid.png	256 256	253.952000 115.456000	5.376000 122.624000	0.768000 168.192000
asteroid.png	256 256	128.000000 172.800000	121.856000 123.904000	143.872000 123.136000
asteroid.png	256 256	247.552000 175.360000	210.176000 151.040000	253.952000 115.456000
asteroid.png	256 256	189.440000 188.928000	180.992000 125.696000	210.176000 151.040000
asteroid.png	256 256	5.376000 122.624000	29.440000 158.208000	0.768000 168.192000
asteroid.png	256 256	128.000000 172.800000	96.256000 162.304000	121.856000 123.904000
asteroid.png	256 256	128.000000 172.800000	143.872000 123.136000	156.416000 162.816000
asteroid.png	256 256	156.416000 162.816000	180.992000 125.696000	189.440000 188.928000
asteroid.png	256 256	60.928000 185.344000	29.440000 158.208000	62.976000 129.792000
asteroid.png	256 256	253.952000 115.456000	0.768000 168.192000	247.552000 175.360000
asteroid.png	256 256	96.256000 162.304000	60.928000 185.344000	62.976000 129.792000
asteroid.png	256 256	247.552000 175.360000	189.440000 188.928000	210.176000 151.040000
asteroid.png	256 256	29.440000 158.208000	28.160000 207.360000	0.768000 168.192000
asteroid.png	256 256	87.296000 239.104000	96.256000 162.304000	128.000000 172.800000
asteroid.png	256 256	141.056000 214.528000	128.000000 172.800000	156.416000 162.816000
asteroid.png	256 256	29.440000 158.208000	60.928000 185.344000	28.160000 207.360000
asteroid.png	256 256	141.056000 214.528000	156.416000 162.816000	189.440000 188.928000
asteroid.png	256 256	87.296000 239.104000	60.928000 185.344000	96.256000 162.304000
asteroid.png	256 256	254.208000 199.936000	247.552000 175.360000	0.768000 168.192000
asteroid.png	256 256	240.896000 239.104000	189.440000 188.928000	247.552000 175.360000
asteroid.png	256 256	28.160000 207.360000	254.208000 199.936000	0.768000 168.192000
asteroid.png	256 256	141.056000 214.528000	87.296000 239.104000	128.000000 172.800000
asteroid.png	256 256	28.160000 207.360000	60.928000 185.344000	87.296000 239.104000
asteroid.png	256 256	254.208000 199.936000	240.896000 239.104000	247.552000 175.360000
asteroid.png	256 256	240.896000 239.104000	141.056000 214.528000	189.440000 188.928000
asteroid.png	256 256	87.296000 239.104000	240.896000 239.104000	28.160000 207.360000
asteroid.png	256 256	254.208000 199.936000	28.160000 207.360000	240.896000 239.104000
asteroid.png	256 256	240.896000 239.104000	87.296000 239.104000	141.056000 214.528000

END
