// output from Obj2DatTex.py Wavefront text file conversion script
// runnign within an app created by Platypus 
// (c) 2005 By Giles Williams
// 
// original file: "/Volumes/teak/Users/giles/Desktop/newhulls/new-base-set/boa2_redux.obj"
// 
// model size: 65.000 x 60.000 x 115.000
// 
// textures used: ['boa2_redux.png']
// 
NVERTS 6
NFACES 8

VERTEX
-32.50000, 1.50000, -57.50000
-0.00000, -30.00000, -34.00000
-0.00000, 2.00000, 57.50000
-29.50000, 30.00000, -44.00000
29.50000, 30.00000, -44.00000
32.50000, 1.50000, -57.50000

FACES
127,127,127,	-0.75562,-0.61829,0.21623,	3,	1,0,2
127,127,127,	-0.96191,-0.02757,0.27196,	3,	2,0,3
127,127,127,	-0.00000,0.42809,-0.90374,	3,	3,0,5
127,127,127,	-0.00000,0.96399,0.26593,	3,	4,2,3
127,127,127,	-0.00000,0.42809,-0.90374,	3,	4,3,5
127,127,127,	-0.00000,-0.59796,-0.80152,	3,	5,0,1
127,127,127,	0.75562,-0.61829,0.21623,	3,	5,1,2
127,127,127,	0.96191,-0.02757,0.27196,	3,	5,2,4

TEXTURES
boa2_redux.png	1.0 1.0	0.050668 0.312445	0.155492 0.580333	0.500013 0.000889
boa2_redux.png	1.0 1.0	0.500013 0.000889	0.155492 0.580333	0.333596 0.594834
boa2_redux.png	1.0 1.0	0.333596 0.594834	0.316656 0.772725	0.683319 0.772725
boa2_redux.png	1.0 1.0	0.666413 0.594834	0.500013 0.000889	0.333596 0.594834
boa2_redux.png	1.0 1.0	0.666413 0.594834	0.333596 0.594834	0.683319 0.772725
boa2_redux.png	1.0 1.0	0.683319 0.772725	0.316656 0.772725	0.500013 0.994416
boa2_redux.png	1.0 1.0	0.844519 0.580333	0.949393 0.312445	0.500013 0.000889
boa2_redux.png	1.0 1.0	0.844519 0.580333	0.500013 0.000889	0.666413 0.594834

END
