// output from Obj2DatTex.py Wavefront text file conversion script
// runnign within an app created by Platypus 
// (c) 2005 By Giles Williams
// 
// original file: "/Volumes/teak/Users/giles/Desktop/newhulls/new-base-set/krait_redux.obj"
// 
// model size: 90.000 x 20.000 x 80.000
// 
// textures used: ['krait_redux.png']
// 
NVERTS 13
NFACES 14

VERTEX
-44.00000, 0.00000, 40.00000
-43.50000, -0.50000, -14.00000
-43.50000, 0.50000, -14.00000
-45.00000, 0.00000, -13.50000
44.00000, 0.00000, 40.00000
43.50000, -0.50000, -14.00000
43.50000, 0.50000, -14.00000
45.00000, 0.00000, -13.50000
-0.00000, 0.00000, 40.00000
-45.00000, 0.00000, -13.50000
-0.00000, 10.00000, -40.00000
-0.00000, -10.00000, -40.00000
45.00000, 0.00000, -13.50000

FACES
127,127,127,	0.99996,-0.00000,0.00926,	3,	1,0,2
127,127,127,	-0.31446,0.94925,0.00588,	3,	2,0,3
127,127,127,	-0.31623,-0.00000,-0.94868,	3,	2,3,1
127,127,127,	-0.31446,-0.94925,0.00588,	3,	3,0,1
127,127,127,	0.31446,-0.94925,0.00588,	3,	5,4,7
127,127,127,	0.31623,-0.00000,-0.94868,	3,	5,7,6
127,127,127,	-0.99996,-0.00000,0.00926,	3,	6,4,5
127,127,127,	0.31446,0.94925,0.00588,	3,	7,4,6
127,127,127,	-0.14589,-0.98166,0.12271,	3,	9,8,11
127,127,127,	-0.14589,0.98166,0.12271,	3,	10,8,9
127,127,127,	-0.50744,-0.00000,-0.86169,	3,	10,9,11
127,127,127,	0.14589,-0.98166,0.12271,	3,	11,8,12
127,127,127,	0.50744,-0.00000,-0.86169,	3,	11,12,10
127,127,127,	0.14589,0.98166,0.12271,	3,	12,8,10

TEXTURES
krait_redux.png	1.0 1.0	0.037152 0.365629	0.030830 0.024240	0.030830 0.365688
krait_redux.png	1.0 1.0	0.057232 0.364666	0.030830 0.024240	0.047049 0.362167
krait_redux.png	1.0 1.0	0.030830 0.365688	0.034083 0.375655	0.037152 0.365629
krait_redux.png	1.0 1.0	0.047049 0.362167	0.030830 0.024240	0.037152 0.365629
krait_redux.png	1.0 1.0	0.587983 0.365679	0.594305 0.024290	0.578086 0.362217
krait_redux.png	1.0 1.0	0.587983 0.365679	0.591051 0.375705	0.594305 0.365738
krait_redux.png	1.0 1.0	0.594305 0.365738	0.594305 0.024290	0.587983 0.365679
krait_redux.png	1.0 1.0	0.578086 0.362217	0.594305 0.024290	0.567903 0.364715
krait_redux.png	1.0 1.0	0.082548 0.703341	0.312768 0.971733	0.312547 0.563939
krait_redux.png	1.0 1.0	0.312781 0.437428	0.312987 0.029634	0.082777 0.298034
krait_redux.png	1.0 1.0	0.312502 0.449941	0.048284 0.500154	0.312361 0.551102
krait_redux.png	1.0 1.0	0.312547 0.563939	0.312768 0.971733	0.542696 0.703091
krait_redux.png	1.0 1.0	0.312361 0.551102	0.576579 0.500890	0.312502 0.449941
krait_redux.png	1.0 1.0	0.542925 0.298267	0.312987 0.029634	0.312781 0.437428

END
