// output from Obj2DatTex.py Wavefront text file conversion script
// runnign within an app created by Platypus 
// (c) 2005 By Giles Williams
// 
// original file: "/Volumes/teak/Users/giles/Desktop/newhulls/new-base-set/mamba_redux.obj"
// 
// model size: 65.000 x 12.000 x 55.000
// 
// textures used: ['mamba_redux.png']
// 
NVERTS 5
NFACES 6

VERTEX
32.50000, -6.00000, -27.50000
-32.50000, -6.00000, -27.50000
-0.00000, 0.00000, 27.50000
16.00000, 6.00000, -27.50000
-16.00000, 6.00000, -27.50000

FACES
127,127,127,	-0.00000,-0.99410,0.10845,	3,	2,0,1
127,127,127,	-0.56934,0.78284,0.25103,	3,	2,1,4
127,127,127,	0.56934,0.78284,0.25103,	3,	3,0,2
127,127,127,	-0.00000,0.99410,0.10845,	3,	3,2,4
127,127,127,	0.00000,-0.00000,-1.00000,	3,	4,1,0
127,127,127,	0.00000,0.00000,-1.00000,	3,	4,0,3

TEXTURES
mamba_redux.png	1.0 1.0	0.997986 0.688310	0.548092 0.423927	0.547995 0.952529
mamba_redux.png	1.0 1.0	0.000589 0.688128	0.430968 0.983064	0.450430 0.818321
mamba_redux.png	1.0 1.0	0.450478 0.558099	0.431075 0.393349	0.000589 0.688128
mamba_redux.png	1.0 1.0	0.450478 0.558099	0.000589 0.688128	0.450430 0.818321
mamba_redux.png	1.0 1.0	0.450430 0.818321	0.547995 0.952529	0.548092 0.423927
mamba_redux.png	1.0 1.0	0.450430 0.818321	0.548092 0.423927	0.450478 0.558099

END
