// output from Obj2DatTex.py Wavefront text file conversion script
// (c) 2005 By Giles Williams
// 
// original file: "tunnel.obj"
// 
// model size: 438.444 x 390.798 x 621.280
// 
// textures used: ['oolite_rock_hermit_diffuse.png']
// 
NVERTS 310
NFACES 436

VERTEX
219.22200, 11.09280, 464.25600
219.19900, -11.05220, 464.25600
199.33800, 10.12650, 490.01500
199.28600, -10.10750, 490.01500
191.69400, 9.70317, 496.19400
191.66200, -9.72115, 496.19400
182.10500, -9.20817, 494.63300
182.10500, -9.20817, 403.13300
182.07300, 9.22676, 494.63300
182.07300, 9.22676, 403.13300
174.53000, 53.09630, 490.01500
168.74600, -8.51029, 403.13300
168.74600, 8.49831, 403.13300
168.61300, 49.68020, 496.19400
161.19100, 45.39520, 494.63300
161.19100, 45.39520, 403.13300
156.93700, -7.90601, 400.22800
156.93700, -7.90601, -124.94200
156.93700, 7.91198, 400.22800
156.93700, 7.91198, -124.94200
137.88800, 41.23230, 300.29800
137.88800, 41.23230, 297.74600
137.88800, 41.23230, -4.89088
137.88800, 41.23230, -7.44346
137.07600, 42.63910, 301.45900
137.07600, 42.63910, 296.58600
137.07600, 42.63910, -3.73060
137.07600, 42.63910, -8.60371
134.37100, 39.20200, 300.29800
134.37100, 39.20200, 297.74600
134.37100, 39.20200, -4.89088
134.37100, 39.20200, -7.44346
133.24700, 124.59900, 490.01500
132.55400, 40.02870, 301.45900
132.55400, 40.02870, 296.58600
132.55400, 40.02870, -3.73060
132.55400, 40.02870, -8.60371
127.33100, 121.18300, 496.19400
122.10800, 68.56340, 301.45900
122.10800, 68.56340, 296.58600
122.10800, 68.56340, -3.73060
122.10800, 68.56340, -8.60371
121.29600, 69.97020, 300.29800
121.29600, 69.97020, 297.74600
121.29600, 69.97020, -4.89088
121.29600, 69.97020, -7.44346
120.98600, 77.08070, 89.78880
120.15600, 74.49440, 95.03150
119.90900, 116.89800, 494.63300
119.90900, 116.89800, 403.13300
119.21800, 184.30600, 464.25600
119.14800, -184.34600, 464.25600
118.03400, 82.19440, 89.78880
117.77900, 67.93980, 300.29800
117.77900, 67.93980, 297.74600
117.77900, 67.93980, -4.89088
117.77900, 67.93980, -7.44346
117.58700, 65.95300, 301.45900
117.58700, 65.95300, 296.58600
117.58700, 65.95300, -3.73060
117.58700, 65.95300, -8.60371
116.69000, 78.00940, 98.27170
115.37900, 82.76820, 95.03150
113.20000, 72.58540, 86.24970
113.20000, 72.58540, -124.58900
110.67400, 69.01990, 90.18460
110.24700, 77.69860, 86.24970
110.24700, 77.69860, -124.58900
109.56700, 96.20650, -0.90935
109.24800, 68.19700, 86.24970
109.24800, 68.19700, -124.58900
108.82300, 93.89000, 3.78626
108.42500, 167.59300, 490.01500
108.33000, -167.64800, 490.01500
106.92200, 100.78700, -0.90935
106.16000, 71.92970, 92.63880
105.89700, 77.29370, 90.18460
105.71900, 97.03820, 6.68832
104.54400, 101.30000, 3.78626
104.47200, 76.47080, 86.24970
104.47200, 76.47080, -124.58900
104.23600, 161.18400, 496.19400
104.20500, -161.20200, 496.19400
103.85400, 70.59860, 86.24970
103.85400, 70.59860, -124.58900
102.59300, 92.18020, -4.07919
102.59300, 92.18020, -125.08600
100.33000, 88.98670, -0.55484
100.00500, -195.39900, 464.25600
100.00500, 195.39900, 464.25600
99.94790, 96.75980, -4.07919
99.94790, 96.75980, -125.08600
99.05350, 88.24970, -4.07919
99.05350, 88.24970, -125.08600
99.02040, -153.11500, 494.63300
99.02040, -153.11500, 403.13300
98.98800, 153.13400, 494.63300
98.98800, 153.13400, 403.13300
96.28730, 91.59290, 1.64322
96.05160, 96.39720, -0.55484
94.77500, 95.66020, -4.07919
94.77500, 95.66020, -125.08600
94.22220, 90.40070, -4.07919
94.22220, 90.40070, -125.08600
91.76020, -141.85400, 403.13300
91.76020, 141.84200, 403.13300
90.92720, -177.69500, 490.01500
90.92720, 177.57500, 490.01500
87.47160, -170.86300, 496.19400
87.47160, 170.74300, 496.19400
85.34010, -131.91600, 400.22800
85.34010, -131.91600, -124.94200
85.34010, 131.92200, 400.22800
85.34010, 131.92200, -124.94200
83.12360, -162.29300, 494.63300
83.12360, -162.29300, 403.13300
83.12360, 162.23300, 494.63300
83.12360, 162.23300, 403.13300
77.03030, -150.35900, 403.13300
77.03030, 150.34700, 403.13300
71.64130, -139.82500, 400.22800
71.64130, -139.82500, -124.94200
71.64130, 139.83100, 400.22800
71.64130, 139.83100, -124.94200
41.28210, -177.69500, 490.01500
41.28210, -170.86300, 496.19400
41.28210, -162.29300, 494.63300
41.28210, -162.29300, 403.13300
41.28210, -150.35900, 403.13300
41.28210, -139.82500, 400.22800
41.28210, -139.82500, -124.94200
38.07120, -132.94500, 405.46700
38.07120, -132.94500, -124.94200
26.14530, -132.94500, 405.46700
26.14530, -132.94500, 310.46500
26.14530, -132.94500, 290.07200
26.14530, -132.94500, 210.95000
26.14530, -132.94500, 26.24260
26.14530, -132.94500, -36.09470
26.14530, -132.94500, -87.71580
26.14530, -132.94500, -124.94200
24.11000, -128.87400, 24.20730
24.11000, -128.87400, -34.05940
22.93450, -139.82500, 400.22800
22.93450, -139.82500, 312.94300
22.93450, -139.82500, 287.59500
22.93450, -139.82500, 213.42800
22.93450, -139.82500, -38.57200
22.93450, -139.82500, -85.23850
10.25900, -132.94500, 168.66000
10.25900, -132.94500, 110.35400
8.22371, -128.87400, 166.62500
8.22371, -128.87400, 112.38900
6.99626, -128.87400, 24.20730
6.99626, -128.87400, -34.05940
4.96098, -132.94500, 26.24260
4.96098, -132.94500, -36.09470
-22.93450, -139.82500, 400.22800
-22.93450, -139.82500, 312.94300
-22.93450, -139.82500, 287.59500
-22.93450, -139.82500, 213.42800
-22.93450, -139.82500, -38.57200
-22.93450, -139.82500, -85.23850
-24.11000, -128.87400, 166.62500
-24.11000, -128.87400, 112.38900
-26.14530, -132.94500, 405.46700
-26.14530, -132.94500, 310.46500
-26.14530, -132.94500, 290.07200
-26.14530, -132.94500, 210.95000
-26.14530, -132.94500, 168.66000
-26.14530, -132.94500, 110.35400
-26.14530, -132.94500, -36.09470
-26.14530, -132.94500, -87.71580
-26.14530, -132.94500, -124.94200
-38.07120, -132.94500, 405.46700
-38.07120, -132.94500, -124.94200
-41.28210, -177.69500, 490.01500
-41.28210, -170.86300, 496.19400
-41.28210, -162.29300, 494.63300
-41.28210, -162.29300, 403.13300
-41.28210, -150.35900, 403.13300
-41.28210, -139.82500, 400.22800
-41.28210, -139.82500, -124.94200
-71.55320, -139.82500, 400.22800
-71.55320, 139.83100, 400.22800
-71.55320, 139.83100, -124.94200
-71.64130, -139.82500, -124.94200
-77.03030, -150.35900, 403.13300
-77.03030, 150.34700, 403.13300
-83.04580, -162.29300, 494.63300
-83.04580, -162.29300, 403.13300
-83.04580, 162.23300, 494.63300
-83.12360, 162.23300, 403.13300
-85.25200, 131.92200, -124.94200
-85.34010, -131.91600, 400.22800
-85.34010, -131.91600, -124.94200
-85.34010, 131.92200, 400.22800
-87.44360, -170.86300, 496.19400
-87.44360, 170.74300, 496.19400
-90.89920, -177.69500, 490.01500
-90.89920, 177.57500, 490.01500
-91.76020, -141.85400, 403.13300
-91.76020, 141.84200, 403.13300
-94.22220, 90.40070, -4.07919
-94.22220, 90.40070, -125.08600
-94.77500, 95.66020, -4.07919
-94.77500, 95.66020, -125.08600
-96.05160, 96.39720, -0.55484
-96.28730, 91.59290, 1.64322
-98.98800, 153.13400, 494.63300
-98.98800, 153.13400, 403.13300
-99.02040, -153.11500, 494.63300
-99.02040, -153.11500, 403.13300
-99.05350, 88.24970, -4.07919
-99.05350, 88.24970, -125.08600
-99.94790, 96.75980, -4.07919
-99.94790, 96.75980, -125.08600
-100.00500, -195.39900, 464.25600
-100.00500, 195.39900, 464.25600
-100.33000, 88.98670, -0.55484
-102.59300, 92.18020, -4.07919
-102.59300, 92.18020, -125.08600
-103.85400, 70.59860, 86.24970
-103.85400, 70.59860, -124.58900
-104.20500, -161.20200, 496.19400
-104.23600, 161.18400, 496.19400
-104.47200, 76.47080, 86.24970
-104.47200, 76.47080, -124.58900
-104.54400, 101.30000, 3.78626
-105.71900, 97.03820, 6.68832
-105.89700, 77.29370, 90.18460
-106.16000, 71.92970, 92.63880
-106.92200, 100.78700, -0.90935
-108.33000, -167.64800, 490.01500
-108.42500, 167.59300, 490.01500
-108.82300, 93.89000, 3.78626
-109.24800, 68.19700, 86.24970
-109.24800, 68.19700, -124.58900
-109.56700, 96.20650, -0.90935
-110.24700, 77.69860, 86.24970
-110.24700, 77.69860, -124.58900
-110.67400, 69.01990, 90.18460
-113.20000, 72.58540, 86.24970
-113.20000, 72.58540, -124.58900
-115.37900, 82.76820, 95.03150
-116.69000, 78.00940, 98.27170
-117.58700, 65.95300, 301.45900
-117.58700, 65.95300, 296.58600
-117.58700, 65.95300, -3.73060
-117.58700, 65.95300, -8.60371
-117.77900, 67.93980, 300.29800
-117.77900, 67.93980, 297.74600
-117.77900, 67.93980, -4.89088
-117.77900, 67.93980, -7.44346
-118.03400, 82.19440, 89.78880
-119.14800, -184.34600, 464.25600
-119.21800, 184.30600, 464.25600
-119.90900, 116.89800, 494.63300
-119.90900, 116.89800, 403.13300
-120.15600, 74.49440, 95.03150
-120.98600, 77.08070, 89.78880
-121.29600, 69.97020, 300.29800
-121.29600, 69.97020, 297.74600
-121.29600, 69.97020, -4.89088
-121.29600, 69.97020, -7.44346
-122.10800, 68.56340, 301.45900
-122.10800, 68.56340, 296.58600
-122.10800, 68.56340, -3.73060
-122.10800, 68.56340, -8.60371
-127.33100, 121.18300, 496.19400
-132.55400, 40.02870, 301.45900
-132.55400, 40.02870, 296.58600
-132.55400, 40.02870, -3.73060
-132.55400, 40.02870, -8.60371
-133.24700, 124.59900, 490.01500
-134.37100, 39.20200, 300.29800
-134.37100, 39.20200, 297.74600
-134.37100, 39.20200, -4.89088
-134.37100, 39.20200, -7.44346
-137.07600, 42.63910, 301.45900
-137.07600, 42.63910, 296.58600
-137.07600, 42.63910, -3.73060
-137.07600, 42.63910, -8.60371
-137.88800, 41.23230, 300.29800
-137.88800, 41.23230, 297.74600
-137.88800, 41.23230, -4.89088
-137.88800, 41.23230, -7.44346
-156.93700, -7.90601, 400.22800
-156.93700, -7.90601, -124.94200
-156.93700, 7.91198, 400.22800
-156.93700, 7.91198, -124.94200
-161.19100, 45.39520, 494.63300
-161.19100, 45.39520, 403.13300
-168.61300, 49.68020, 496.19400
-168.74600, -8.51029, 403.13300
-168.74600, 8.49831, 403.13300
-174.53000, 53.09630, 490.01500
-182.07300, 9.22676, 494.63300
-182.07300, 9.22676, 403.13300
-182.10500, -9.20817, 494.63300
-182.10500, -9.20817, 403.13300
-191.66200, -9.72115, 496.19400
-191.69400, 9.70317, 496.19400
-199.28600, -10.10750, 490.01500
-199.33800, 10.12650, 490.01500
-219.19900, -11.05220, 464.25600
-219.22200, 11.09280, 464.25600
26.14530, -132.94500, -36.09470
-26.14530, -132.94500, -36.09470
-26.14530, -132.94500, -124.94200

FACES
128,127,127,	0.79112,-0.00203,0.61165,	3,	1,3,2
128,127,127,	0.71372,0.41207,0.56640,	3,	2,72,0
128,127,127,	0.62961,-0.00104,0.77691,	3,	3,5,4
128,127,127,	0.58093,0.33539,0.74164,	3,	4,10,2
128,127,127,	-0.15584,0.08997,0.98368,	3,	5,94,6
128,127,127,	-1.00000,-0.00174,0.00000,	3,	6,9,8
128,127,127,	-0.00000,-0.00000,1.00000,	3,	7,12,9
128,127,127,	-0.15519,-0.08960,0.98381,	3,	8,13,4
128,127,127,	-0.86602,-0.50000,0.00000,	3,	8,15,14
128,127,127,	-0.00000,-0.00000,1.00000,	3,	9,105,97
128,127,127,	-0.23888,-0.00000,0.97105,	3,	16,18,12
128,127,127,	-0.86603,0.50000,-0.00000,	3,	16,110,17
128,127,127,	-0.23052,-0.13309,0.96392,	3,	18,112,105
128,127,127,	-0.86603,-0.50000,-0.00000,	3,	19,113,18
128,127,127,	0.29072,-0.50360,0.81355,	3,	20,28,24
128,127,127,	0.49996,-0.86605,-0.00000,	3,	21,29,28
128,127,127,	0.49996,-0.86605,-0.00000,	3,	23,30,22
128,127,127,	0.29054,-0.50331,-0.81380,	3,	25,34,29
128,127,127,	0.29060,-0.50339,-0.81373,	3,	27,31,23
128,127,127,	-0.00000,-0.00000,-1.00000,	3,	27,41,36
128,127,127,	-0.41413,-0.91022,-0.00000,	3,	31,36,30
128,127,127,	-0.00000,-0.00000,1.00000,	3,	33,38,24
128,127,127,	-0.86603,-0.49999,-0.00000,	3,	34,57,33
128,127,127,	-0.00000,-0.00000,1.00000,	3,	35,40,26
128,127,127,	-0.86603,-0.49999,-0.00000,	3,	36,59,35
128,127,127,	0.58093,0.33541,0.74163,	3,	37,81,32
128,127,127,	-0.29073,0.50360,0.81355,	3,	38,53,42
128,127,127,	-0.00000,-0.00000,-1.00000,	3,	39,58,34
128,127,127,	-0.29061,0.50332,0.81377,	3,	40,59,55
128,127,127,	-0.29057,0.50331,-0.81379,	3,	43,54,39
128,127,127,	0.58393,-0.76091,-0.28292,	3,	46,65,47
128,127,127,	-0.15519,-0.08960,0.98381,	3,	48,96,37
128,127,127,	-0.86602,-0.50000,0.00000,	3,	49,97,96
128,127,127,	0.39592,-0.68571,0.61078,	3,	51,88,73
128,127,127,	-0.49997,0.86604,-0.00000,	3,	55,56,45
128,127,127,	-0.29061,0.50331,-0.81377,	3,	56,60,41
128,127,127,	-0.99536,0.09619,-0.00000,	3,	57,58,53
128,127,127,	-0.57739,0.34484,0.74007,	3,	61,76,62
128,127,127,	-0.37752,0.88023,-0.28752,	3,	62,66,52
128,127,127,	0.74309,-0.66919,-0.00000,	3,	63,70,69
128,127,127,	-0.01897,-0.66164,0.74958,	3,	65,75,61
128,127,127,	-0.20796,0.97814,-0.00000,	3,	66,79,67
128,127,127,	-0.38543,-0.86567,0.31946,	3,	69,83,75
128,127,127,	0.39591,0.68571,0.61079,	3,	72,89,50
128,127,127,	0.58262,-0.33638,0.73986,	3,	73,82,3
128,127,127,	-0.94207,0.09914,0.32043,	3,	76,83,79
128,127,127,	0.31154,0.54610,0.77763,	3,	81,107,72
128,127,127,	-0.99451,0.10466,-0.00000,	3,	83,84,80
128,127,127,	0.74310,-0.66918,-0.00000,	3,	85,93,92
128,127,127,	-0.00000,-0.82412,0.56641,	3,	88,199,106
128,127,127,	-0.38542,-0.86568,0.31945,	3,	92,102,98
128,127,127,	-0.50000,0.86603,-0.00000,	3,	94,115,95
128,127,127,	-0.00000,-0.00000,1.00000,	3,	95,104,7
128,127,127,	-0.07956,-0.13953,0.98702,	3,	96,109,81
128,127,127,	0.00000,-0.00000,1.00000,	3,	97,119,117
128,127,127,	-0.58247,0.31438,0.74960,	3,	98,99,77
128,127,127,	-0.20621,0.97008,-0.12817,	3,	99,100,90
128,127,127,	-0.99452,0.10453,-0.00000,	3,	100,102,101
128,127,127,	-0.23034,0.13298,0.96398,	3,	104,110,11
128,127,127,	-0.00000,-0.67077,0.74166,	3,	106,124,108
128,127,127,	0.00000,0.82233,0.56901,	3,	107,200,89
128,127,127,	-0.08028,0.13905,0.98703,	3,	108,114,82
128,127,127,	0.00000,0.67077,0.74166,	3,	109,198,107
128,127,127,	-0.50000,0.86603,-0.00000,	3,	110,120,111
128,127,127,	-0.50000,-0.86603,0.00000,	3,	112,123,122
128,127,127,	-0.00000,-0.00000,1.00000,	3,	115,127,118
128,127,127,	-0.00000,-0.18042,0.98359,	3,	116,191,109
128,127,127,	-0.00000,-1.00000,0.00000,	3,	117,192,191
128,127,127,	-0.11937,0.20673,0.97109,	3,	118,120,104
128,127,127,	-0.00000,1.00000,0.00000,	3,	120,130,121
128,127,127,	-0.00000,-1.00000,0.00000,	3,	122,185,184
128,127,127,	-0.00000,1.00000,-0.00000,	3,	126,127,114
128,127,127,	-0.00000,0.26585,0.96401,	3,	128,129,120
128,127,127,	0.90617,0.42291,-0.00000,	3,	129,132,130
128,127,127,	-0.00000,1.00000,-0.00000,	3,	133,140,131
128,127,127,	0.00000,1.00000,0.00000,	3,	134,166,135
128,127,127,	-0.00000,0.33874,-0.94088,	3,	135,167,145
128,127,127,	-0.90618,0.42290,-0.00000,	3,	138,147,139
128,127,127,	0.89444,0.44718,0.00000,	3,	141,142,137
128,127,127,	-0.00000,0.44718,0.89444,	3,	141,155,153
128,127,127,	-0.90618,0.42290,-0.00000,	3,	143,144,134
128,127,127,	-0.90618,0.42290,-0.00000,	3,	145,146,136
128,127,127,	0.89445,0.44718,-0.00000,	3,	149,152,150
128,127,127,	-0.00000,0.44713,0.89447,	3,	149,163,151
128,127,127,	-0.00000,1.00000,0.00000,	3,	150,155,137
128,127,127,	-0.00000,1.00000,-0.00000,	3,	153,154,142
128,127,127,	-0.89445,0.44717,-0.00000,	3,	155,156,154
128,127,127,	-0.00000,1.00000,-0.00000,	3,	157,158,144
128,127,127,	0.90618,0.42290,-0.00000,	3,	159,168,160
128,127,127,	-0.00000,1.00000,-0.00000,	3,	161,162,148
128,127,127,	-0.89444,0.44718,-0.00000,	3,	163,169,164
128,127,127,	-0.00000,0.44713,-0.89447,	3,	164,170,150
128,127,127,	0.90618,0.42290,0.00000,	3,	165,166,157
128,127,127,	-0.00000,1.00000,-0.00000,	3,	168,169,149
128,127,127,	-0.00000,1.00000,-0.00000,	3,	170,171,155
128,127,127,	-0.00000,1.00000,-0.00000,	3,	172,173,139
128,127,127,	-0.90617,0.42291,-0.00000,	3,	174,181,175
128,127,127,	-0.00000,-0.67077,0.74166,	3,	176,197,177
128,127,127,	0.00000,1.00000,0.00000,	3,	178,189,179
128,127,127,	-0.00000,-0.00000,1.00000,	3,	179,187,180
128,127,127,	0.00000,1.00000,0.00000,	3,	181,183,182
128,127,127,	0.49760,0.86741,-0.00008,	3,	183,194,186
128,127,127,	0.11850,-0.20658,0.97123,	3,	184,196,188
128,127,127,	0.00000,-0.00000,1.00000,	3,	187,212,201
128,127,127,	-0.00000,-0.00000,1.00000,	3,	188,210,192
128,127,127,	0.86576,-0.50046,-0.00000,	3,	193,290,289
128,127,127,	0.86603,0.50000,-0.00000,	3,	194,288,195
128,127,127,	0.23052,-0.13309,0.96392,	3,	196,289,202
128,127,127,	0.07978,0.13886,0.98709,	3,	197,211,189
128,127,127,	0.23034,0.13298,0.96398,	3,	201,294,194
128,127,127,	0.00000,-0.00000,1.00000,	3,	202,298,210
128,127,127,	0.99452,0.10453,-0.00000,	3,	203,206,204
128,127,127,	0.94238,0.09985,0.31929,	3,	203,208,207
128,127,127,	0.40673,-0.91355,-0.00000,	3,	204,214,213
128,127,127,	0.57738,0.34479,0.74011,	3,	207,229,228
128,127,127,	0.07946,-0.13959,0.98702,	3,	209,225,198
128,127,127,	0.86602,-0.50000,-0.00000,	3,	209,258,257
128,127,127,	0.49817,0.86708,0.00000,	3,	211,212,190
128,127,127,	0.38415,-0.86596,0.32022,	3,	213,219,208
128,127,127,	-0.74310,-0.66918,0.00000,	3,	214,221,220
128,127,127,	0.20792,0.97815,0.00000,	3,	215,216,205
128,127,127,	-0.39529,-0.68580,0.61108,	3,	217,233,199
128,127,127,	-0.00993,-0.67243,0.74009,	3,	219,235,229
128,127,127,	-0.57749,-0.75419,-0.31258,	3,	220,238,219
128,127,127,	0.99451,0.10466,-0.00000,	3,	222,227,223
128,127,127,	0.94237,0.09989,0.31932,	3,	222,231,230
128,127,127,	0.40674,-0.91354,-0.00000,	3,	223,237,236
128,127,127,	0.15583,0.08997,0.98368,	3,	224,301,211
128,127,127,	-0.31117,0.54633,0.77762,	3,	225,234,200
128,127,127,	0.20796,0.97814,-0.00000,	3,	226,240,227
128,127,127,	0.37765,0.88021,-0.28742,	3,	228,232,215
128,127,127,	0.20624,0.97007,-0.12818,	3,	230,239,226
128,127,127,	0.57739,0.34484,0.74007,	3,	230,245,244
128,127,127,	-0.58262,-0.33638,0.73986,	3,	233,303,224
128,127,127,	-0.39591,0.68571,0.61079,	3,	234,256,218
128,127,127,	0.38408,-0.86597,0.32029,	3,	236,241,231
128,127,127,	-0.74309,-0.66919,0.00000,	3,	237,243,242
128,127,127,	-0.00993,-0.67244,0.74009,	3,	241,259,245
128,127,127,	-0.57752,-0.75415,-0.31262,	3,	242,260,241
128,127,127,	0.37752,0.88023,-0.28752,	3,	244,254,239
128,127,127,	0.29073,0.50353,0.81359,	3,	246,265,250
128,127,127,	0.86603,-0.49999,-0.00000,	3,	247,271,246
128,127,127,	0.29061,0.50332,0.81377,	3,	248,267,252
128,127,127,	0.86603,-0.49999,-0.00000,	3,	248,273,272
128,127,127,	0.49997,0.86604,-0.00000,	3,	250,262,251
128,127,127,	0.29057,0.50324,-0.81383,	3,	251,266,247
128,127,127,	0.49997,0.86604,-0.00000,	3,	252,264,253
128,127,127,	0.29061,0.50331,-0.81377,	3,	253,268,249
128,127,127,	-0.71353,-0.41196,0.56671,	3,	255,305,233
128,127,127,	-0.58093,0.33541,0.74163,	3,	269,274,225
128,127,127,	0.41413,-0.91022,-0.00000,	3,	271,275,270
128,127,127,	-0.29054,-0.50331,-0.81380,	3,	271,280,276
128,127,127,	-0.00000,-0.00000,1.00000,	3,	272,281,267
128,127,127,	-0.29059,-0.50338,-0.81374,	3,	273,282,278
128,127,127,	-0.49996,-0.86605,-0.00000,	3,	276,284,275
128,127,127,	-0.29060,-0.50340,0.81372,	3,	277,285,281
128,127,127,	-0.49996,-0.86605,-0.00000,	3,	278,286,277
128,127,127,	1.00000,0.00000,0.00000,	3,	287,290,288
128,127,127,	0.23888,-0.00000,0.97105,	3,	287,295,289
128,127,127,	0.86602,-0.50000,-0.00000,	3,	292,297,291
128,127,127,	0.00000,-0.00000,1.00000,	3,	294,300,295
128,127,127,	1.00000,-0.00174,-0.00000,	3,	298,300,299
128,127,127,	0.16014,-0.00028,0.98709,	3,	299,302,297
128,127,127,	-0.62961,-0.00104,0.77691,	3,	301,303,302
128,127,127,	-0.58093,0.33539,0.74164,	3,	302,304,296
128,127,127,	-0.79112,-0.00203,0.61165,	3,	303,305,304
128,127,127,	-0.71372,0.41207,0.56640,	3,	304,306,234
129,127,127,	0.71372,0.41206,0.56640,	3,	0,72,50
129,127,127,	0.79161,-0.00082,0.61103,	3,	1,2,0
129,127,127,	0.62870,-0.00162,0.77765,	3,	3,4,2
129,127,127,	0.58261,-0.33637,0.73988,	3,	3,82,5
129,127,127,	-0.16119,0.00027,0.98692,	3,	5,6,4
129,127,127,	-1.00000,-0.00174,-0.00000,	3,	7,9,6
129,127,127,	0.00000,-0.00000,1.00000,	3,	7,104,11
129,127,127,	-0.23888,-0.00000,0.97105,	3,	11,16,12
129,127,127,	-1.00000,0.00000,-0.00000,	3,	16,19,18
129,127,127,	-0.23052,-0.13309,0.96392,	3,	18,105,12
129,127,127,	-0.86603,-0.50000,0.00000,	3,	18,113,112
129,127,127,	0.49996,-0.86605,-0.00000,	3,	21,28,20
129,127,127,	0.29060,-0.50340,0.81372,	3,	22,30,26
129,127,127,	0.49996,-0.86605,-0.00000,	3,	23,31,30
129,127,127,	0.29055,-0.50332,-0.81379,	3,	25,29,21
129,127,127,	-0.00000,-0.00000,-1.00000,	3,	25,39,34
129,127,127,	0.29059,-0.50338,-0.81374,	3,	27,36,31
129,127,127,	0.29071,-0.50360,0.81356,	3,	28,33,24
129,127,127,	-0.41413,-0.91022,-0.00000,	3,	29,34,28
129,127,127,	-0.41413,-0.91022,0.00000,	3,	30,36,35
129,127,127,	-0.86603,-0.49999,0.00000,	3,	34,58,57
129,127,127,	-0.00000,-0.00000,1.00000,	3,	35,59,40
129,127,127,	-0.15519,-0.08960,0.98381,	3,	37,96,81
129,127,127,	-0.29073,0.50353,0.81359,	3,	38,57,53
129,127,127,	-0.00000,-0.00000,-1.00000,	3,	41,60,36
129,127,127,	-0.49997,0.86604,-0.00000,	3,	44,55,45
129,127,127,	-0.29061,0.50338,-0.81373,	3,	45,56,41
129,127,127,	0.71353,-0.41196,0.56671,	3,	51,73,1
129,127,127,	-0.49997,0.86604,-0.00000,	3,	53,54,43
129,127,127,	-0.29057,0.50324,-0.81383,	3,	54,58,39
129,127,127,	-0.99536,0.09619,-0.00000,	3,	55,60,56
129,127,127,	-0.35590,0.88422,-0.30246,	3,	62,76,66
129,127,127,	0.73695,-0.66366,-0.12828,	3,	63,69,65
129,127,127,	-0.40674,-0.91354,0.00000,	3,	69,84,83
129,127,127,	0.00993,-0.67243,0.74009,	3,	71,87,77
129,127,127,	0.39154,0.68634,0.61290,	3,	72,107,89
129,127,127,	0.31430,-0.54438,0.77773,	3,	73,108,82
129,127,127,	-0.58249,0.31439,0.74957,	3,	75,76,61
129,127,127,	-0.57738,0.34479,0.74011,	3,	77,99,78
129,127,127,	-0.37765,0.88021,-0.28742,	3,	78,90,74
129,127,127,	-0.99451,0.10466,-0.00000,	3,	79,83,80
129,127,127,	0.31132,0.54599,0.77780,	3,	81,109,107
129,127,127,	-0.08028,0.13905,0.98703,	3,	82,114,94
129,127,127,	0.57749,-0.75419,-0.31258,	3,	85,87,68
129,127,127,	0.74310,-0.66918,-0.00000,	3,	86,93,85
129,127,127,	0.39588,-0.68571,0.61080,	3,	88,106,73
129,127,127,	-0.00000,-0.82412,0.56641,	3,	88,217,199
129,127,127,	-0.38415,-0.86596,0.32022,	3,	92,98,87
129,127,127,	-0.40673,-0.91355,0.00000,	3,	92,103,102
129,127,127,	-0.86603,0.50000,-0.00000,	3,	94,95,6
129,127,127,	-0.08030,-0.14000,0.98689,	3,	96,116,109
129,127,127,	-0.49752,-0.86745,0.00000,	3,	97,117,116
129,127,127,	-0.94238,0.09985,0.31929,	3,	98,102,99
129,127,127,	-0.20792,0.97815,-0.00000,	3,	100,101,91
129,127,127,	-0.11937,0.20675,0.97109,	3,	104,120,110
129,127,127,	-0.00000,-0.00000,1.00000,	3,	105,119,97
129,127,127,	0.00000,0.17920,0.98381,	3,	108,125,114
129,127,127,	-0.86603,0.50000,-0.00000,	3,	110,111,17
129,127,127,	-0.00000,1.00000,0.00000,	3,	114,127,115
129,127,127,	-0.00000,-0.00000,1.00000,	3,	115,118,95
129,127,127,	0.00000,0.26585,0.96401,	3,	118,128,120
129,127,127,	-0.00000,-0.00000,1.00000,	3,	119,192,117
129,127,127,	-0.50000,0.86603,-0.00000,	3,	120,121,111
129,127,127,	-0.00000,-0.26627,0.96390,	3,	122,184,119
129,127,127,	-0.00000,-1.00000,0.00000,	3,	123,185,122
129,127,127,	-0.00000,1.00000,-0.00000,	3,	129,130,120
129,127,127,	-0.00000,1.00000,0.00000,	3,	131,140,132
129,127,127,	-0.90618,0.42290,-0.00000,	3,	133,143,134
129,127,127,	-0.90618,0.42290,-0.00000,	3,	135,145,136
129,127,127,	-0.00000,1.00000,0.00000,	3,	136,150,137
129,127,127,	0.00000,1.00000,0.00000,	3,	136,168,149
129,127,127,	0.00000,0.44718,0.89444,	3,	137,155,141
129,127,127,	-0.00000,0.33878,-0.94087,	3,	138,308,147
129,127,127,	0.00000,1.00000,0.00000,	3,	141,153,142
129,127,127,	0.00000,1.00000,0.00000,	3,	143,157,144
129,127,127,	0.00000,0.33886,0.94084,	3,	144,158,134
129,127,127,	0.00000,1.00000,0.00000,	3,	145,159,146
129,127,127,	0.00000,0.33886,0.94084,	3,	146,160,136
129,127,127,	-0.90618,0.42290,-0.00000,	3,	147,148,139
129,127,127,	-0.00000,0.33878,-0.94087,	3,	147,308,161
129,127,127,	0.00000,0.44713,0.89447,	3,	149,169,163
129,127,127,	0.00000,1.00000,0.00000,	3,	150,170,155
129,127,127,	0.00000,1.00000,0.00000,	3,	151,163,152
129,127,127,	-0.00000,0.44713,-0.89447,	3,	152,164,150
129,127,127,	-0.89445,0.44717,-0.00000,	3,	153,155,154
129,127,127,	-0.00000,0.44718,-0.89444,	3,	154,156,142
129,127,127,	-0.00000,1.00000,0.00000,	3,	155,171,156
129,127,127,	0.90618,0.42290,-0.00000,	3,	157,166,158
129,127,127,	0.90618,0.42290,0.00000,	3,	161,308,172
129,127,127,	-0.00000,0.33878,0.94087,	3,	162,172,148
129,127,127,	-0.00000,1.00000,-0.00000,	3,	166,167,135
129,127,127,	0.90618,0.42290,0.00000,	3,	167,168,159
129,127,127,	-0.89444,0.44718,-0.00000,	3,	169,170,164
129,127,127,	0.00000,0.17920,0.98381,	3,	177,197,189
129,127,127,	-0.00000,-0.00000,1.00000,	3,	179,190,187
129,127,127,	-0.00000,0.26585,0.96401,	3,	180,183,181
129,127,127,	-0.90617,0.42291,-0.00000,	3,	181,182,175
129,127,127,	-0.00000,1.00000,0.00000,	3,	183,186,182
129,127,127,	0.50000,-0.86603,-0.00000,	3,	185,193,184
129,127,127,	0.11937,0.20674,0.97109,	3,	187,201,194
129,127,127,	0.49817,0.86708,-0.00000,	3,	189,211,190
129,127,127,	-0.00000,-0.18042,0.98359,	3,	191,198,109
129,127,127,	0.49569,-0.86850,-0.00042,	3,	192,209,191
129,127,127,	0.86603,-0.50000,0.00015,	3,	193,289,196
129,127,127,	0.50000,0.86603,0.00000,	3,	194,195,186
129,127,127,	0.23033,0.13298,0.96398,	3,	194,294,287
129,127,127,	0.11952,-0.20700,0.97101,	3,	196,202,188
129,127,127,	0.08018,0.13912,0.98702,	3,	197,224,211
129,127,127,	-0.00000,0.67077,0.74166,	3,	198,200,107
129,127,127,	-0.31391,-0.54461,0.77772,	3,	199,233,197
129,127,127,	-0.00000,0.82233,0.56901,	3,	200,218,89
129,127,127,	-0.00000,-0.00000,1.00000,	3,	201,300,294
129,127,127,	0.38542,-0.86568,0.31945,	3,	203,213,208
129,127,127,	0.99452,0.10453,0.00000,	3,	205,206,203
129,127,127,	0.20621,0.97008,-0.12817,	3,	207,215,205
129,127,127,	0.86602,-0.50000,-0.00000,	3,	210,258,209
129,127,127,	0.15584,0.08997,0.98368,	3,	211,301,299
129,127,127,	-0.74310,-0.66918,-0.00000,	3,	214,220,213
129,127,127,	-0.39592,-0.68571,0.61078,	3,	217,255,233
129,127,127,	0.01897,-0.66163,0.74959,	3,	219,229,208
129,127,127,	0.40674,-0.91354,-0.00000,	3,	223,236,222
129,127,127,	-0.58261,-0.33637,0.73988,	3,	224,303,301
129,127,127,	-0.58090,0.33537,0.74167,	3,	225,274,234
129,127,127,	0.99451,0.10466,0.00000,	3,	226,227,222
129,127,127,	0.35590,0.88422,-0.30246,	3,	230,244,239
129,127,127,	0.58249,0.31439,0.74957,	3,	231,245,230
129,127,127,	-0.71354,-0.41196,0.56671,	3,	233,305,303
129,127,127,	-0.71372,0.41206,0.56640,	3,	234,306,256
129,127,127,	-0.74309,-0.66919,-0.00000,	3,	237,242,236
129,127,127,	0.86603,-0.49999,-0.00000,	3,	246,271,270
129,127,127,	0.99536,0.09619,-0.00000,	3,	248,252,249
129,127,127,	0.00000,-0.00000,1.00000,	3,	248,272,267
129,127,127,	0.99536,0.09619,0.00000,	3,	250,251,247
129,127,127,	0.29073,0.50360,0.81355,	3,	250,265,261
129,127,127,	0.29061,0.50339,0.81372,	3,	252,267,263
129,127,127,	0.15519,-0.08960,0.98381,	3,	257,269,209
129,127,127,	0.29057,0.50331,-0.81379,	3,	262,266,251
129,127,127,	0.29061,0.50338,-0.81373,	3,	264,268,253
129,127,127,	0.00000,-0.00000,-1.00000,	3,	266,271,247
129,127,127,	0.00000,-0.00000,-1.00000,	3,	268,273,249
129,127,127,	-0.00000,-0.00000,1.00000,	3,	270,279,265
129,127,127,	0.41413,-0.91022,-0.00000,	3,	271,276,275
129,127,127,	0.41413,-0.91022,-0.00000,	3,	273,278,277
129,127,127,	-0.49996,-0.86605,0.00000,	3,	275,284,283
129,127,127,	-0.29059,-0.50339,0.81373,	3,	277,281,272
129,127,127,	-0.49996,-0.86605,0.00000,	3,	277,286,285
129,127,127,	-0.29055,-0.50332,-0.81379,	3,	280,284,276
129,127,127,	-0.29060,-0.50339,-0.81373,	3,	282,286,278
129,127,127,	1.00000,0.00000,0.00000,	3,	289,290,287
129,127,127,	0.15519,-0.08960,0.98381,	3,	291,297,293
129,127,127,	0.86602,-0.50000,-0.00000,	3,	292,298,297
129,127,127,	-0.58089,0.33538,0.74168,	3,	293,302,296
129,127,127,	-0.00000,-0.00000,1.00000,	3,	295,298,202
129,127,127,	0.86603,0.50000,0.00000,	3,	299,300,212
129,127,127,	-0.62870,-0.00162,0.77765,	3,	303,304,302
129,127,127,	-0.79161,-0.00082,0.61103,	3,	305,306,304
130,127,127,	0.71354,-0.41196,0.56671,	3,	1,73,3
130,127,127,	0.58089,0.33538,0.74168,	3,	4,13,10
130,127,127,	-0.16014,-0.00028,0.98709,	3,	6,8,4
130,127,127,	-0.86603,0.50000,-0.00000,	3,	6,95,7
130,127,127,	-0.15519,-0.08960,0.98381,	3,	8,14,13
130,127,127,	-0.86602,-0.50000,-0.00000,	3,	9,15,8
130,127,127,	-0.00000,-0.00000,1.00000,	3,	11,12,7
130,127,127,	-0.23033,0.13298,0.96398,	3,	11,110,16
130,127,127,	-0.00000,-0.00000,1.00000,	3,	12,105,9
130,127,127,	-1.00000,-0.00000,0.00000,	3,	17,19,16
130,127,127,	-0.41413,-0.91022,0.00000,	3,	28,34,33
130,127,127,	0.29059,-0.50339,0.81373,	3,	30,35,26
130,127,127,	0.58090,0.33537,0.74167,	3,	32,81,72
130,127,127,	-0.00000,-0.00000,1.00000,	3,	33,57,38
130,127,127,	-0.86603,-0.49999,0.00000,	3,	36,60,59
130,127,127,	0.00993,-0.67244,0.74009,	3,	47,65,61
130,127,127,	-0.86602,-0.50000,-0.00000,	3,	49,96,48
130,127,127,	-0.99536,0.09619,-0.00000,	3,	53,58,54
130,127,127,	0.57752,-0.75415,-0.31262,	3,	63,65,46
130,127,127,	0.74309,-0.66919,-0.00000,	3,	64,70,63
130,127,127,	0.58391,-0.76094,-0.28288,	3,	68,87,71
130,127,127,	-0.38408,-0.86597,0.32029,	3,	69,75,65
130,127,127,	-0.40674,-0.91354,-0.00000,	3,	70,84,69
130,127,127,	-0.94237,0.09989,0.31932,	3,	75,83,76
130,127,127,	-0.20624,0.97007,-0.12818,	3,	76,79,66
130,127,127,	-0.35587,0.88424,-0.30246,	3,	78,99,90
130,127,127,	-0.20796,0.97814,-0.00000,	3,	79,80,67
130,127,127,	-0.15583,0.08997,0.98368,	3,	82,94,5
130,127,127,	0.73697,-0.66366,-0.12815,	3,	85,92,87
130,127,127,	-0.01897,-0.66163,0.74959,	3,	87,98,77
130,127,127,	-0.20792,0.97815,-0.00000,	3,	90,100,91
130,127,127,	-0.40673,-0.91355,-0.00000,	3,	93,103,92
130,127,127,	-0.00000,-0.00000,1.00000,	3,	95,118,104
130,127,127,	-0.49752,-0.86745,-0.00000,	3,	97,116,96
130,127,127,	-0.94205,0.09901,0.32053,	3,	99,102,100
130,127,127,	-0.99452,0.10453,-0.00000,	3,	102,103,101
130,127,127,	0.31430,-0.54441,0.77771,	3,	106,108,73
130,127,127,	-0.11951,-0.20700,0.97102,	3,	112,122,119
130,127,127,	-0.50000,-0.86603,-0.00000,	3,	113,123,112
130,127,127,	-0.50000,0.86603,-0.00000,	3,	114,115,94
130,127,127,	-0.00000,-1.00000,0.00000,	3,	117,191,116
130,127,127,	-0.00000,-0.67077,0.74166,	3,	124,125,108
130,127,127,	-0.00000,0.17920,0.98381,	3,	125,126,114
130,127,127,	-0.00000,-0.00000,1.00000,	3,	127,128,118
130,127,127,	0.90617,0.42291,0.00000,	3,	131,132,129
130,127,127,	-0.00000,1.00000,0.00000,	3,	139,173,140
130,127,127,	-0.00000,0.33874,-0.94088,	3,	145,167,159
130,127,127,	0.00000,1.00000,0.00000,	3,	147,161,148
130,127,127,	-0.00000,0.33878,0.94087,	3,	148,172,139
130,127,127,	-0.00000,1.00000,-0.00000,	3,	149,150,136
130,127,127,	0.89445,0.44718,0.00000,	3,	151,152,149
130,127,127,	-0.00000,0.33886,0.94084,	3,	158,166,134
130,127,127,	-0.00000,1.00000,-0.00000,	3,	159,160,146
130,127,127,	-0.00000,0.33886,0.94084,	3,	160,168,136
130,127,127,	0.90618,0.42290,-0.00000,	3,	161,172,162
130,127,127,	-0.00000,1.00000,-0.00000,	3,	163,164,152
130,127,127,	-0.00000,-0.67077,0.74166,	3,	176,199,197
130,127,127,	-0.00000,0.17920,0.98381,	3,	177,189,178
130,127,127,	0.00000,0.26585,0.96401,	3,	180,187,183
130,127,127,	-0.00000,-0.26627,0.96390,	3,	184,188,119
130,127,127,	-0.00000,1.00000,-0.00000,	3,	189,190,179
130,127,127,	-0.00000,-0.00000,1.00000,	3,	190,212,187
130,127,127,	0.07979,-0.13980,0.98696,	3,	191,209,198
130,127,127,	0.49752,-0.86745,-0.00000,	3,	192,210,209
130,127,127,	0.49760,-0.86741,0.00008,	3,	193,196,184
130,127,127,	-0.31391,-0.54462,0.77772,	3,	197,233,224
130,127,127,	-0.31092,0.54620,0.77781,	3,	198,225,200
130,127,127,	-0.39096,0.68642,0.61317,	3,	200,234,218
130,127,127,	-0.00000,-0.00000,1.00000,	3,	202,210,188
130,127,127,	0.94205,0.09901,0.32053,	3,	203,207,205
130,127,127,	0.40673,-0.91355,-0.00000,	3,	204,213,203
130,127,127,	0.20792,0.97815,-0.00000,	3,	205,216,206
130,127,127,	0.35587,0.88424,-0.30246,	3,	207,228,215
130,127,127,	0.58247,0.31438,0.74960,	3,	208,229,207
130,127,127,	0.15519,-0.08960,0.98381,	3,	209,269,225
130,127,127,	0.86603,0.50000,-0.00000,	3,	211,299,212
130,127,127,	-0.00000,-0.00000,1.00000,	3,	212,300,201
130,127,127,	-0.73697,-0.66366,-0.12815,	3,	213,220,219
130,127,127,	-0.58391,-0.76094,-0.28288,	3,	219,238,235
130,127,127,	0.94207,0.09914,0.32043,	3,	222,230,226
130,127,127,	0.38543,-0.86567,0.31946,	3,	222,236,231
130,127,127,	-0.73695,-0.66366,-0.12828,	3,	236,242,241
130,127,127,	0.20796,0.97814,0.00000,	3,	239,240,226
130,127,127,	0.01897,-0.66164,0.74958,	3,	241,245,231
130,127,127,	-0.58393,-0.76091,-0.28292,	3,	241,260,259
130,127,127,	0.99536,0.09619,-0.00000,	3,	246,250,247
130,127,127,	0.00000,-0.00000,1.00000,	3,	246,270,265
130,127,127,	0.86603,-0.49999,-0.00000,	3,	249,273,248
130,127,127,	0.99536,0.09619,0.00000,	3,	252,253,249
130,127,127,	0.49997,0.86604,0.00000,	3,	261,262,250
130,127,127,	0.49997,0.86604,0.00000,	3,	263,264,252
130,127,127,	-0.00000,-0.00000,-1.00000,	3,	266,280,271
130,127,127,	-0.00000,-0.00000,-1.00000,	3,	268,282,273
130,127,127,	0.41413,-0.91022,-0.00000,	3,	273,277,272
130,127,127,	-0.29072,-0.50360,0.81355,	3,	275,283,279
130,127,127,	0.86603,0.50000,0.00000,	3,	287,288,194
130,127,127,	0.23052,-0.13309,0.96392,	3,	289,295,202
130,127,127,	0.23888,-0.00000,0.97105,	3,	294,295,287
130,127,127,	0.00000,-0.00000,1.00000,	3,	295,300,298
130,127,127,	0.15519,-0.08960,0.98381,	3,	297,302,293
130,127,127,	1.00000,-0.00174,-0.00000,	3,	298,299,297
130,127,127,	0.16119,0.00027,0.98692,	3,	301,302,299
131,127,127,	-0.29061,0.50339,0.81372,	3,	40,55,44
131,127,127,	-0.49997,0.86604,-0.00000,	3,	42,53,43
131,127,127,	-0.99536,0.09619,-0.00000,	3,	59,60,55
131,127,127,	-0.11952,-0.20700,0.97101,	3,	112,119,105
131,127,127,	0.89444,0.44718,-0.00000,	3,	142,307,137
131,127,127,	-0.00000,0.44718,-0.89444,	3,	156,307,142
131,127,127,	-0.00000,1.00000,-0.00000,	3,	174,309,165
131,127,127,	-0.00000,1.00000,-0.00000,	3,	175,309,174
131,127,127,	0.11836,0.20632,0.97130,	3,	187,194,183
131,127,127,	-0.00000,-0.00000,1.00000,	3,	188,192,119
131,127,127,	-0.29071,-0.50360,0.81356,	3,	275,279,270

TEXTURES
oolite_rock_hermit_diffuse.png	1.0 1.0	0.33338 0.99823	0.33270 0.95164	0.31820 0.95164
oolite_rock_hermit_diffuse.png	1.0 1.0	0.30639 0.95164	0.17609 0.95164	0.31287 0.99823
oolite_rock_hermit_diffuse.png	1.0 1.0	0.33270 0.95164	0.33250 0.93746	0.31858 0.93746
oolite_rock_hermit_diffuse.png	1.0 1.0	0.30367 0.93746	0.27045 0.95164	0.30612 0.95164
oolite_rock_hermit_diffuse.png	1.0 1.0	0.34520 0.93746	0.46747 0.92343	0.34840 0.92343
oolite_rock_hermit_diffuse.png	1.0 1.0	0.33220 0.92343	0.31932 0.79229	0.31899 0.92343
oolite_rock_hermit_diffuse.png	1.0 1.0	0.33253 0.79229	0.31957 0.77326	0.31932 0.79229
oolite_rock_hermit_diffuse.png	1.0 1.0	0.30034 0.92343	0.27045 0.93746	0.30353 0.93746
oolite_rock_hermit_diffuse.png	1.0 1.0	0.30030 0.92343	0.27045 0.79229	0.27045 0.92343
oolite_rock_hermit_diffuse.png	1.0 1.0	0.30055 0.79229	0.18589 0.77326	0.18147 0.79229
oolite_rock_hermit_diffuse.png	1.0 1.0	0.33185 0.75544	0.32051 0.75544	0.31957 0.77326
oolite_rock_hermit_diffuse.png	1.0 1.0	0.35667 0.75544	0.45920 0.75544	0.35667 0.00277
oolite_rock_hermit_diffuse.png	1.0 1.0	0.29234 0.75544	0.18973 0.75544	0.18586 0.77326
oolite_rock_hermit_diffuse.png	1.0 1.0	0.29240 0.00277	0.18978 0.00277	0.29240 0.75544
oolite_rock_hermit_diffuse.png	1.0 1.0	0.21335 0.91991	0.22061 0.91991	0.21335 0.91276
oolite_rock_hermit_diffuse.png	1.0 1.0	0.22949 0.93659	0.22949 0.92207	0.22492 0.92207
oolite_rock_hermit_diffuse.png	1.0 1.0	0.22949 0.93659	0.22492 0.92207	0.22492 0.93659
oolite_rock_hermit_diffuse.png	1.0 1.0	0.24068 0.91276	0.23133 0.91276	0.23341 0.91991
oolite_rock_hermit_diffuse.png	1.0 1.0	0.24068 0.91276	0.23341 0.91991	0.24068 0.91991
oolite_rock_hermit_diffuse.png	1.0 1.0	0.24068 0.91276	0.24068 0.80547	0.23133 0.91276
oolite_rock_hermit_diffuse.png	1.0 1.0	0.22931 0.91991	0.23133 0.91276	0.22474 0.91991
oolite_rock_hermit_diffuse.png	1.0 1.0	0.22265 0.91276	0.21335 0.80547	0.21335 0.91276
oolite_rock_hermit_diffuse.png	1.0 1.0	0.23133 0.91276	0.22265 0.80547	0.22265 0.91276
oolite_rock_hermit_diffuse.png	1.0 1.0	0.22265 0.91276	0.21335 0.80547	0.21335 0.91276
oolite_rock_hermit_diffuse.png	1.0 1.0	0.23133 0.91276	0.22265 0.80547	0.22265 0.91276
oolite_rock_hermit_diffuse.png	1.0 1.0	0.21188 0.93746	0.17847 0.93746	0.21188 0.95164
oolite_rock_hermit_diffuse.png	1.0 1.0	0.21335 0.80547	0.22070 0.79833	0.21335 0.79833
oolite_rock_hermit_diffuse.png	1.0 1.0	0.24068 0.80547	0.23133 0.80547	0.23133 0.91276
oolite_rock_hermit_diffuse.png	1.0 1.0	0.21335 0.80547	0.22265 0.80547	0.22070 0.79833
oolite_rock_hermit_diffuse.png	1.0 1.0	0.24068 0.79833	0.23335 0.79833	0.24068 0.80547
oolite_rock_hermit_diffuse.png	1.0 1.0	0.02441 0.50993	0.01851 0.48426	0.01851 0.50993
oolite_rock_hermit_diffuse.png	1.0 1.0	0.21188 0.92343	0.18171 0.92343	0.21188 0.93746
oolite_rock_hermit_diffuse.png	1.0 1.0	0.21188 0.79229	0.18189 0.79229	0.18189 0.92343
oolite_rock_hermit_diffuse.png	1.0 1.0	0.47994 0.99827	0.49578 0.99827	0.48087 0.95164
oolite_rock_hermit_diffuse.png	1.0 1.0	0.22003 0.93659	0.22459 0.93659	0.22459 0.92207
oolite_rock_hermit_diffuse.png	1.0 1.0	0.23335 0.79833	0.23133 0.80547	0.24068 0.80547
oolite_rock_hermit_diffuse.png	1.0 1.0	0.22265 0.80547	0.23133 0.80547	0.22474 0.79833
oolite_rock_hermit_diffuse.png	1.0 1.0	0.01237 0.50993	0.00647 0.48422	0.00647 0.50993
oolite_rock_hermit_diffuse.png	1.0 1.0	0.00647 0.50993	0.00108 0.48875	0.00046 0.50993
oolite_rock_hermit_diffuse.png	1.0 1.0	0.02441 0.46621	0.01851 0.00313	0.01851 0.46621
oolite_rock_hermit_diffuse.png	1.0 1.0	0.01851 0.48426	0.01237 0.48150	0.01237 0.50993
oolite_rock_hermit_diffuse.png	1.0 1.0	0.00046 0.46621	0.00647 0.46621	0.00046 0.00313
oolite_rock_hermit_diffuse.png	1.0 1.0	0.01851 0.46918	0.01237 0.46621	0.01237 0.48150
oolite_rock_hermit_diffuse.png	1.0 1.0	0.16541 0.95164	0.15040 0.99823	0.16630 0.99823
oolite_rock_hermit_diffuse.png	1.0 1.0	0.47308 0.95164	0.47059 0.93746	0.34273 0.95164
oolite_rock_hermit_diffuse.png	1.0 1.0	0.00647 0.47853	0.01237 0.46621	0.00647 0.46916
oolite_rock_hermit_diffuse.png	1.0 1.0	0.16507 0.93746	0.15096 0.95164	0.16539 0.95164
oolite_rock_hermit_diffuse.png	1.0 1.0	0.01237 0.46621	0.01237 0.00313	0.00647 0.00313
oolite_rock_hermit_diffuse.png	1.0 1.0	0.51902 0.65304	0.51305 0.35387	0.51305 0.65304
oolite_rock_hermit_diffuse.png	1.0 1.0	0.50045 0.99827	0.63725 0.95164	0.50695 0.95164
oolite_rock_hermit_diffuse.png	1.0 1.0	0.51305 0.65599	0.50720 0.65304	0.50720 0.66833
oolite_rock_hermit_diffuse.png	1.0 1.0	0.48140 0.92343	0.49460 0.79229	0.48144 0.79229
oolite_rock_hermit_diffuse.png	1.0 1.0	0.46743 0.79229	0.46308 0.77326	0.34836 0.79229
oolite_rock_hermit_diffuse.png	1.0 1.0	0.16483 0.92343	0.15146 0.93746	0.16529 0.93746
oolite_rock_hermit_diffuse.png	1.0 1.0	0.16483 0.79229	0.15204 0.77326	0.15173 0.79229
oolite_rock_hermit_diffuse.png	1.0 1.0	0.50720 0.66833	0.50112 0.67109	0.50720 0.69676
oolite_rock_hermit_diffuse.png	1.0 1.0	0.50112 0.66538	0.50112 0.65601	0.49527 0.66067
oolite_rock_hermit_diffuse.png	1.0 1.0	0.50112 0.65304	0.50720 0.65304	0.50112 0.35387
oolite_rock_hermit_diffuse.png	1.0 1.0	0.46308 0.77326	0.45920 0.75544	0.35274 0.77326
oolite_rock_hermit_diffuse.png	1.0 1.0	0.50667 0.95164	0.54224 0.95164	0.50915 0.93746
oolite_rock_hermit_diffuse.png	1.0 1.0	0.14209 0.95164	0.01179 0.95164	0.14859 0.99823
oolite_rock_hermit_diffuse.png	1.0 1.0	0.49496 0.93746	0.49460 0.92343	0.48112 0.93746
oolite_rock_hermit_diffuse.png	1.0 1.0	0.13949 0.93746	0.01415 0.93746	0.14197 0.95164
oolite_rock_hermit_diffuse.png	1.0 1.0	0.48226 0.75544	0.49360 0.75544	0.48226 0.00277
oolite_rock_hermit_diffuse.png	1.0 1.0	0.16410 0.75544	0.15276 0.00277	0.15276 0.75544
oolite_rock_hermit_diffuse.png	1.0 1.0	0.51196 0.79229	0.54222 0.79229	0.51632 0.77326
oolite_rock_hermit_diffuse.png	1.0 1.0	0.13654 0.92343	0.01746 0.92343	0.13965 0.93746
oolite_rock_hermit_diffuse.png	1.0 1.0	0.13644 0.79229	0.01737 0.79229	0.01737 0.92343
oolite_rock_hermit_diffuse.png	1.0 1.0	0.49409 0.77326	0.49360 0.75544	0.48190 0.77326
oolite_rock_hermit_diffuse.png	1.0 1.0	0.52047 0.75544	0.54264 0.00277	0.52047 0.00277
oolite_rock_hermit_diffuse.png	1.0 1.0	0.12799 0.75544	0.02538 0.00277	0.02538 0.75544
oolite_rock_hermit_diffuse.png	1.0 1.0	0.54222 0.92343	0.54222 0.79229	0.51191 0.92343
oolite_rock_hermit_diffuse.png	1.0 1.0	0.54222 0.77326	0.54264 0.75544	0.52025 0.75544
oolite_rock_hermit_diffuse.png	1.0 1.0	0.54264 0.75544	0.54808 0.00277	0.54264 0.00277
oolite_rock_hermit_diffuse.png	1.0 1.0	0.55663 0.76659	0.55663 0.00277	0.54808 0.76659
oolite_rock_hermit_diffuse.png	1.0 1.0	0.55663 0.52196	0.59489 0.52196	0.55663 0.49272
oolite_rock_hermit_diffuse.png	1.0 1.0	0.55663 0.49272	0.59489 0.49272	0.55926 0.48220
oolite_rock_hermit_diffuse.png	1.0 1.0	0.56341 0.93989	0.56879 0.93641	0.56341 0.86590
oolite_rock_hermit_diffuse.png	1.0 1.0	0.54704 0.94253	0.54704 0.85911	0.54376 0.94544
oolite_rock_hermit_diffuse.png	1.0 1.0	0.54704 0.94253	0.56083 0.94907	0.55935 0.94253
oolite_rock_hermit_diffuse.png	1.0 1.0	0.55933 0.65770	0.55933 0.53252	0.55663 0.52895
oolite_rock_hermit_diffuse.png	1.0 1.0	0.55926 0.48220	0.55926 0.37591	0.55663 0.37236
oolite_rock_hermit_diffuse.png	1.0 1.0	0.56083 0.75514	0.56410 0.67443	0.56083 0.67158
oolite_rock_hermit_diffuse.png	1.0 1.0	0.56264 0.75877	0.58727 0.75223	0.56410 0.75223
oolite_rock_hermit_diffuse.png	1.0 1.0	0.56839 0.22115	0.57218 0.10060	0.55663 0.10060
oolite_rock_hermit_diffuse.png	1.0 1.0	0.55935 0.94253	0.55935 0.85911	0.54704 0.85911
oolite_rock_hermit_diffuse.png	1.0 1.0	0.56261 0.94541	0.56261 0.85607	0.55935 0.85911
oolite_rock_hermit_diffuse.png	1.0 1.0	0.59216 0.65770	0.59216 0.53252	0.55933 0.53252
oolite_rock_hermit_diffuse.png	1.0 1.0	0.59211 0.48220	0.59489 0.37230	0.59211 0.37591
oolite_rock_hermit_diffuse.png	1.0 1.0	0.60167 0.93641	0.60167 0.86938	0.56879 0.86938
oolite_rock_hermit_diffuse.png	1.0 1.0	0.58727 0.75223	0.59051 0.75514	0.58727 0.67443
oolite_rock_hermit_diffuse.png	1.0 1.0	0.58727 0.67443	0.58873 0.66791	0.56264 0.66791
oolite_rock_hermit_diffuse.png	1.0 1.0	0.59489 0.66515	0.59489 0.52900	0.59216 0.65770
oolite_rock_hermit_diffuse.png	1.0 1.0	0.59489 0.36532	0.59489 0.30471	0.56839 0.30471
oolite_rock_hermit_diffuse.png	1.0 1.0	0.59489 0.22115	0.59489 0.00277	0.57218 0.10060
oolite_rock_hermit_diffuse.png	1.0 1.0	0.60405 0.85895	0.60405 0.80560	0.56658 0.85895
oolite_rock_hermit_diffuse.png	1.0 1.0	0.60354 0.76659	0.60864 0.75544	0.60354 0.00277
oolite_rock_hermit_diffuse.png	1.0 1.0	0.60864 0.95164	0.64156 0.93746	0.60864 0.93746
oolite_rock_hermit_diffuse.png	1.0 1.0	0.60864 0.92343	0.63842 0.92343	0.60864 0.79229
oolite_rock_hermit_diffuse.png	1.0 1.0	0.60864 0.79229	0.63389 0.77326	0.60864 0.77326
oolite_rock_hermit_diffuse.png	1.0 1.0	0.60864 0.75544	0.63033 0.75544	0.60899 0.00277
oolite_rock_hermit_diffuse.png	1.0 1.0	0.65582 0.75544	0.66715 0.75544	0.65582 0.00277
oolite_rock_hermit_diffuse.png	1.0 1.0	0.99676 0.75544	0.98543 0.75544	0.99729 0.77326
oolite_rock_hermit_diffuse.png	1.0 1.0	0.65533 0.77326	0.66797 0.79229	0.66752 0.77326
oolite_rock_hermit_diffuse.png	1.0 1.0	0.99738 0.77326	0.98459 0.79229	0.99769 0.79229
oolite_rock_hermit_diffuse.png	1.0 1.0	0.95963 0.00277	0.85702 0.00277	0.85702 0.75544
oolite_rock_hermit_diffuse.png	1.0 1.0	0.69022 0.75544	0.79275 0.00277	0.69014 0.00277
oolite_rock_hermit_diffuse.png	1.0 1.0	0.95969 0.75544	0.85708 0.75544	0.96356 0.77326
oolite_rock_hermit_diffuse.png	1.0 1.0	0.65446 0.93746	0.66802 0.92343	0.65482 0.92343
oolite_rock_hermit_diffuse.png	1.0 1.0	0.68634 0.77326	0.79667 0.77326	0.69022 0.75544
oolite_rock_hermit_diffuse.png	1.0 1.0	0.96353 0.77326	0.84887 0.79229	0.96795 0.79229
oolite_rock_hermit_diffuse.png	1.0 1.0	0.50720 0.30190	0.51305 0.00273	0.50720 0.00273
oolite_rock_hermit_diffuse.png	1.0 1.0	0.50720 0.30190	0.50720 0.31719	0.51305 0.31422
oolite_rock_hermit_diffuse.png	1.0 1.0	0.50720 0.00273	0.50112 0.00273	0.50112 0.30190
oolite_rock_hermit_diffuse.png	1.0 1.0	0.51305 0.31991	0.50720 0.34562	0.51305 0.34562
oolite_rock_hermit_diffuse.png	1.0 1.0	0.98458 0.92343	0.98413 0.93746	0.99796 0.93746
oolite_rock_hermit_diffuse.png	1.0 1.0	0.96752 0.92343	0.93754 0.79229	0.93754 0.92343
oolite_rock_hermit_diffuse.png	1.0 1.0	0.66802 0.92343	0.66797 0.79229	0.65482 0.79229
oolite_rock_hermit_diffuse.png	1.0 1.0	0.50112 0.30487	0.50112 0.31424	0.50720 0.31719
oolite_rock_hermit_diffuse.png	1.0 1.0	0.50112 0.00273	0.49527 0.00273	0.49527 0.30190
oolite_rock_hermit_diffuse.png	1.0 1.0	0.51902 0.30190	0.51902 0.00273	0.51305 0.30190
oolite_rock_hermit_diffuse.png	1.0 1.0	0.65363 0.99828	0.66855 0.95164	0.65415 0.95164
oolite_rock_hermit_diffuse.png	1.0 1.0	0.50112 0.31995	0.50112 0.34562	0.50720 0.34562
oolite_rock_hermit_diffuse.png	1.0 1.0	0.49593 0.32442	0.49527 0.34562	0.50112 0.31995
oolite_rock_hermit_diffuse.png	1.0 1.0	0.30618 0.46621	0.31231 0.00313	0.30618 0.00313
oolite_rock_hermit_diffuse.png	1.0 1.0	0.30618 0.46621	0.30618 0.48150	0.31231 0.47855
oolite_rock_hermit_diffuse.png	1.0 1.0	0.30618 0.00313	0.30028 0.00313	0.30028 0.46621
oolite_rock_hermit_diffuse.png	1.0 1.0	0.67883 0.93746	0.80422 0.93746	0.68194 0.92343
oolite_rock_hermit_diffuse.png	1.0 1.0	0.98435 0.93746	0.98403 0.95164	0.99846 0.95164
oolite_rock_hermit_diffuse.png	1.0 1.0	0.31231 0.46621	0.31821 0.00313	0.31231 0.00313
oolite_rock_hermit_diffuse.png	1.0 1.0	0.51305 0.34562	0.51902 0.34562	0.51840 0.32444
oolite_rock_hermit_diffuse.png	1.0 1.0	0.31231 0.47855	0.31821 0.47384	0.31231 0.46918
oolite_rock_hermit_diffuse.png	1.0 1.0	0.31231 0.48426	0.30618 0.50993	0.31231 0.50993
oolite_rock_hermit_diffuse.png	1.0 1.0	0.67633 0.95164	0.80669 0.95164	0.67883 0.93746
oolite_rock_hermit_diffuse.png	1.0 1.0	0.98401 0.95164	0.98312 0.99823	0.99901 0.99823
oolite_rock_hermit_diffuse.png	1.0 1.0	0.30028 0.46916	0.30028 0.47853	0.30618 0.48150
oolite_rock_hermit_diffuse.png	1.0 1.0	0.30028 0.00313	0.29426 0.00313	0.29426 0.46621
oolite_rock_hermit_diffuse.png	1.0 1.0	0.30028 0.48422	0.30028 0.50993	0.30618 0.50993
oolite_rock_hermit_diffuse.png	1.0 1.0	0.29488 0.48875	0.29426 0.50993	0.30028 0.48422
oolite_rock_hermit_diffuse.png	1.0 1.0	0.31231 0.50993	0.31821 0.50993	0.31755 0.48872
oolite_rock_hermit_diffuse.png	1.0 1.0	0.25980 0.80547	0.26909 0.80547	0.26175 0.79833
oolite_rock_hermit_diffuse.png	1.0 1.0	0.25112 0.80547	0.25112 0.91276	0.25980 0.80547
oolite_rock_hermit_diffuse.png	1.0 1.0	0.25980 0.80547	0.26909 0.80547	0.26175 0.79833
oolite_rock_hermit_diffuse.png	1.0 1.0	0.25980 0.80547	0.25112 0.91276	0.25980 0.91276
oolite_rock_hermit_diffuse.png	1.0 1.0	0.26253 0.93659	0.25796 0.92207	0.25796 0.93659
oolite_rock_hermit_diffuse.png	1.0 1.0	0.24910 0.79833	0.24177 0.80547	0.25112 0.80547
oolite_rock_hermit_diffuse.png	1.0 1.0	0.26253 0.93659	0.25796 0.92207	0.25796 0.93659
oolite_rock_hermit_diffuse.png	1.0 1.0	0.24910 0.79833	0.24177 0.80547	0.25112 0.80547
oolite_rock_hermit_diffuse.png	1.0 1.0	0.66984 0.99827	0.81323 0.99823	0.67633 0.95164
oolite_rock_hermit_diffuse.png	1.0 1.0	0.93754 0.93746	0.93754 0.95164	0.97095 0.93746
oolite_rock_hermit_diffuse.png	1.0 1.0	0.25112 0.91276	0.25771 0.91991	0.25980 0.91276
oolite_rock_hermit_diffuse.png	1.0 1.0	0.25112 0.91276	0.24177 0.91276	0.24904 0.91991
oolite_rock_hermit_diffuse.png	1.0 1.0	0.25980 0.91276	0.26909 0.91276	0.26909 0.80547
oolite_rock_hermit_diffuse.png	1.0 1.0	0.25112 0.91276	0.24177 0.91276	0.24904 0.91991
oolite_rock_hermit_diffuse.png	1.0 1.0	0.25296 0.92207	0.25296 0.93659	0.25753 0.92207
oolite_rock_hermit_diffuse.png	1.0 1.0	0.26184 0.91991	0.26909 0.91991	0.26909 0.91276
oolite_rock_hermit_diffuse.png	1.0 1.0	0.25296 0.92207	0.25296 0.93659	0.25753 0.92207
oolite_rock_hermit_diffuse.png	1.0 1.0	0.81757 0.75544	0.82891 0.00277	0.81757 0.00277
oolite_rock_hermit_diffuse.png	1.0 1.0	0.81757 0.75544	0.82984 0.77326	0.82891 0.75544
oolite_rock_hermit_diffuse.png	1.0 1.0	0.87897 0.79229	0.84912 0.92343	0.87897 0.92343
oolite_rock_hermit_diffuse.png	1.0 1.0	0.81766 0.77326	0.81689 0.79229	0.82984 0.77326
oolite_rock_hermit_diffuse.png	1.0 1.0	0.83010 0.79229	0.81689 0.79229	0.81722 0.92343
oolite_rock_hermit_diffuse.png	1.0 1.0	0.81722 0.92343	0.83084 0.93746	0.83043 0.92343
oolite_rock_hermit_diffuse.png	1.0 1.0	0.81692 0.93746	0.81672 0.95164	0.83084 0.93746
oolite_rock_hermit_diffuse.png	1.0 1.0	0.84575 0.93746	0.84330 0.95164	0.87897 0.95164
oolite_rock_hermit_diffuse.png	1.0 1.0	0.81672 0.95164	0.81604 0.99823	0.83122 0.95164
oolite_rock_hermit_diffuse.png	1.0 1.0	0.84303 0.95164	0.83655 0.99823	0.97333 0.95164
oolite_rock_hermit_diffuse.png	1.0 1.0	0.31287 0.99823	0.17609 0.95164	0.16954 0.99823
oolite_rock_hermit_diffuse.png	1.0 1.0	0.33338 0.99823	0.31820 0.95164	0.31751 0.99823
oolite_rock_hermit_diffuse.png	1.0 1.0	0.33270 0.95164	0.31858 0.93746	0.31820 0.95164
oolite_rock_hermit_diffuse.png	1.0 1.0	0.34273 0.95164	0.47059 0.93746	0.34520 0.93746
oolite_rock_hermit_diffuse.png	1.0 1.0	0.33250 0.93746	0.33220 0.92343	0.31858 0.93746
oolite_rock_hermit_diffuse.png	1.0 1.0	0.33253 0.79229	0.31932 0.79229	0.33220 0.92343
oolite_rock_hermit_diffuse.png	1.0 1.0	0.34836 0.79229	0.46308 0.77326	0.35274 0.77326
oolite_rock_hermit_diffuse.png	1.0 1.0	0.33176 0.77326	0.33185 0.75544	0.31957 0.77326
oolite_rock_hermit_diffuse.png	1.0 1.0	0.33185 0.75544	0.32051 0.00277	0.32051 0.75544
oolite_rock_hermit_diffuse.png	1.0 1.0	0.29234 0.75544	0.18586 0.77326	0.29620 0.77326
oolite_rock_hermit_diffuse.png	1.0 1.0	0.29240 0.75544	0.18978 0.00277	0.18978 0.75544
oolite_rock_hermit_diffuse.png	1.0 1.0	0.22949 0.93659	0.22492 0.92207	0.22492 0.93659
oolite_rock_hermit_diffuse.png	1.0 1.0	0.21335 0.91991	0.22061 0.91991	0.21335 0.91276
oolite_rock_hermit_diffuse.png	1.0 1.0	0.22949 0.93659	0.22949 0.92207	0.22492 0.92207
oolite_rock_hermit_diffuse.png	1.0 1.0	0.24068 0.91276	0.23341 0.91991	0.24068 0.91991
oolite_rock_hermit_diffuse.png	1.0 1.0	0.24068 0.91276	0.24068 0.80547	0.23133 0.91276
oolite_rock_hermit_diffuse.png	1.0 1.0	0.24068 0.91276	0.23133 0.91276	0.23341 0.91991
oolite_rock_hermit_diffuse.png	1.0 1.0	0.22061 0.91991	0.22265 0.91276	0.21335 0.91276
oolite_rock_hermit_diffuse.png	1.0 1.0	0.22931 0.91991	0.23133 0.91276	0.22474 0.91991
oolite_rock_hermit_diffuse.png	1.0 1.0	0.22474 0.91991	0.23133 0.91276	0.22265 0.91276
oolite_rock_hermit_diffuse.png	1.0 1.0	0.23133 0.91276	0.23133 0.80547	0.22265 0.80547
oolite_rock_hermit_diffuse.png	1.0 1.0	0.22265 0.91276	0.22265 0.80547	0.21335 0.80547
oolite_rock_hermit_diffuse.png	1.0 1.0	0.21188 0.93746	0.18171 0.92343	0.17853 0.93746
oolite_rock_hermit_diffuse.png	1.0 1.0	0.21335 0.80547	0.22265 0.80547	0.22070 0.79833
oolite_rock_hermit_diffuse.png	1.0 1.0	0.24068 0.80547	0.23133 0.80547	0.23133 0.91276
oolite_rock_hermit_diffuse.png	1.0 1.0	0.22003 0.92207	0.22003 0.93659	0.22459 0.92207
oolite_rock_hermit_diffuse.png	1.0 1.0	0.24068 0.79833	0.23335 0.79833	0.24068 0.80547
oolite_rock_hermit_diffuse.png	1.0 1.0	0.47958 0.99827	0.47308 0.95164	0.33618 0.99823
oolite_rock_hermit_diffuse.png	1.0 1.0	0.22003 0.93659	0.22459 0.93659	0.22459 0.92207
oolite_rock_hermit_diffuse.png	1.0 1.0	0.23335 0.79833	0.23133 0.80547	0.24068 0.80547
oolite_rock_hermit_diffuse.png	1.0 1.0	0.22474 0.79833	0.23133 0.80547	0.22931 0.79833
oolite_rock_hermit_diffuse.png	1.0 1.0	0.00647 0.50993	0.00647 0.48422	0.00108 0.48875
oolite_rock_hermit_diffuse.png	1.0 1.0	0.02441 0.47384	0.01851 0.46918	0.01851 0.47855
oolite_rock_hermit_diffuse.png	1.0 1.0	0.01851 0.46621	0.01237 0.00313	0.01237 0.46621
oolite_rock_hermit_diffuse.png	1.0 1.0	0.51305 0.69676	0.51305 0.67105	0.50720 0.69676
oolite_rock_hermit_diffuse.png	1.0 1.0	0.16541 0.95164	0.15098 0.95164	0.15040 0.99823
oolite_rock_hermit_diffuse.png	1.0 1.0	0.48087 0.95164	0.49496 0.93746	0.48112 0.93746
oolite_rock_hermit_diffuse.png	1.0 1.0	0.01237 0.48150	0.00647 0.48422	0.01237 0.50993
oolite_rock_hermit_diffuse.png	1.0 1.0	0.50720 0.69676	0.50112 0.67109	0.50112 0.69676
oolite_rock_hermit_diffuse.png	1.0 1.0	0.50112 0.69676	0.49593 0.67556	0.49527 0.69676
oolite_rock_hermit_diffuse.png	1.0 1.0	0.00647 0.46621	0.01237 0.46621	0.00647 0.00313
oolite_rock_hermit_diffuse.png	1.0 1.0	0.16507 0.93746	0.15124 0.93746	0.15096 0.95164
oolite_rock_hermit_diffuse.png	1.0 1.0	0.48112 0.93746	0.49460 0.92343	0.48140 0.92343
oolite_rock_hermit_diffuse.png	1.0 1.0	0.51840 0.67558	0.51305 0.67105	0.51902 0.69676
oolite_rock_hermit_diffuse.png	1.0 1.0	0.51902 0.35387	0.51305 0.35387	0.51902 0.65304
oolite_rock_hermit_diffuse.png	1.0 1.0	0.49578 0.99827	0.49527 0.95164	0.48087 0.95164
oolite_rock_hermit_diffuse.png	1.0 1.0	0.50045 0.99827	0.64377 0.99827	0.63725 0.95164
oolite_rock_hermit_diffuse.png	1.0 1.0	0.51305 0.65599	0.50720 0.66833	0.51305 0.66536
oolite_rock_hermit_diffuse.png	1.0 1.0	0.51305 0.65304	0.50720 0.35387	0.50720 0.65304
oolite_rock_hermit_diffuse.png	1.0 1.0	0.46747 0.92343	0.46743 0.79229	0.34840 0.92343
oolite_rock_hermit_diffuse.png	1.0 1.0	0.16483 0.92343	0.15173 0.92343	0.15146 0.93746
oolite_rock_hermit_diffuse.png	1.0 1.0	0.16497 0.79229	0.15187 0.79229	0.15187 0.92343
oolite_rock_hermit_diffuse.png	1.0 1.0	0.50720 0.66833	0.50720 0.65304	0.50112 0.66538
oolite_rock_hermit_diffuse.png	1.0 1.0	0.50112 0.65304	0.50112 0.35387	0.49527 0.35387
oolite_rock_hermit_diffuse.png	1.0 1.0	0.48190 0.77326	0.49360 0.75544	0.48226 0.75544
oolite_rock_hermit_diffuse.png	1.0 1.0	0.16422 0.77326	0.15204 0.77326	0.16483 0.79229
oolite_rock_hermit_diffuse.png	1.0 1.0	0.50915 0.93746	0.54222 0.93746	0.51191 0.92343
oolite_rock_hermit_diffuse.png	1.0 1.0	0.45920 0.75544	0.45928 0.00277	0.35667 0.00277
oolite_rock_hermit_diffuse.png	1.0 1.0	0.51191 0.92343	0.54222 0.79229	0.51191 0.79229
oolite_rock_hermit_diffuse.png	1.0 1.0	0.49460 0.79229	0.49409 0.77326	0.48144 0.79229
oolite_rock_hermit_diffuse.png	1.0 1.0	0.51639 0.77326	0.54222 0.77326	0.52025 0.75544
oolite_rock_hermit_diffuse.png	1.0 1.0	0.13225 0.77326	0.01754 0.79229	0.13662 0.79229
oolite_rock_hermit_diffuse.png	1.0 1.0	0.49360 0.75544	0.49360 0.00277	0.48226 0.00277
oolite_rock_hermit_diffuse.png	1.0 1.0	0.12804 0.75544	0.02543 0.75544	0.13190 0.77326
oolite_rock_hermit_diffuse.png	1.0 1.0	0.12799 0.00277	0.02538 0.00277	0.12799 0.75544
oolite_rock_hermit_diffuse.png	1.0 1.0	0.54264 0.75544	0.54264 0.00277	0.52047 0.75544
oolite_rock_hermit_diffuse.png	1.0 1.0	0.54808 0.76659	0.55663 0.00277	0.54808 0.00277
oolite_rock_hermit_diffuse.png	1.0 1.0	0.55663 0.66511	0.55933 0.65770	0.55663 0.52895
oolite_rock_hermit_diffuse.png	1.0 1.0	0.55663 0.48576	0.55926 0.48220	0.55663 0.37236
oolite_rock_hermit_diffuse.png	1.0 1.0	0.55663 0.36532	0.56839 0.22115	0.55663 0.10060
oolite_rock_hermit_diffuse.png	1.0 1.0	0.55663 0.36532	0.59489 0.36532	0.56839 0.30471
oolite_rock_hermit_diffuse.png	1.0 1.0	0.54565 0.94907	0.56083 0.94907	0.54704 0.94253
oolite_rock_hermit_diffuse.png	1.0 1.0	0.56649 0.94698	0.60396 0.94698	0.56879 0.93641
oolite_rock_hermit_diffuse.png	1.0 1.0	0.54704 0.94253	0.55935 0.94253	0.54704 0.85911
oolite_rock_hermit_diffuse.png	1.0 1.0	0.55933 0.65770	0.59216 0.65770	0.55933 0.53252
oolite_rock_hermit_diffuse.png	1.0 1.0	0.55933 0.53252	0.59216 0.53252	0.55663 0.52196
oolite_rock_hermit_diffuse.png	1.0 1.0	0.55926 0.48220	0.59211 0.48220	0.55926 0.37591
oolite_rock_hermit_diffuse.png	1.0 1.0	0.55926 0.37591	0.59211 0.37591	0.55663 0.36532
oolite_rock_hermit_diffuse.png	1.0 1.0	0.56879 0.93641	0.56879 0.86938	0.56341 0.86590
oolite_rock_hermit_diffuse.png	1.0 1.0	0.56879 0.93641	0.60396 0.94698	0.60167 0.93641
oolite_rock_hermit_diffuse.png	1.0 1.0	0.56264 0.75877	0.58872 0.75877	0.58727 0.75223
oolite_rock_hermit_diffuse.png	1.0 1.0	0.56839 0.22115	0.59489 0.22115	0.57218 0.10060
oolite_rock_hermit_diffuse.png	1.0 1.0	0.56410 0.75223	0.58727 0.75223	0.56410 0.67443
oolite_rock_hermit_diffuse.png	1.0 1.0	0.56410 0.67443	0.58727 0.67443	0.56264 0.66791
oolite_rock_hermit_diffuse.png	1.0 1.0	0.55935 0.94253	0.56261 0.94541	0.55935 0.85911
oolite_rock_hermit_diffuse.png	1.0 1.0	0.55935 0.85911	0.56076 0.85258	0.54704 0.85911
oolite_rock_hermit_diffuse.png	1.0 1.0	0.57218 0.10060	0.59489 0.00277	0.57218 0.00277
oolite_rock_hermit_diffuse.png	1.0 1.0	0.59216 0.65770	0.59489 0.52900	0.59216 0.53252
oolite_rock_hermit_diffuse.png	1.0 1.0	0.60167 0.93641	0.60705 0.93994	0.60705 0.86595
oolite_rock_hermit_diffuse.png	1.0 1.0	0.60167 0.86938	0.60405 0.85895	0.56879 0.86938
oolite_rock_hermit_diffuse.png	1.0 1.0	0.59489 0.52196	0.59489 0.49272	0.55663 0.49272
oolite_rock_hermit_diffuse.png	1.0 1.0	0.59489 0.48570	0.59489 0.37230	0.59211 0.48220
oolite_rock_hermit_diffuse.png	1.0 1.0	0.59051 0.75514	0.59051 0.67158	0.58727 0.67443
oolite_rock_hermit_diffuse.png	1.0 1.0	0.60864 0.93746	0.64153 0.93746	0.63838 0.92343
oolite_rock_hermit_diffuse.png	1.0 1.0	0.60864 0.79229	0.63842 0.79229	0.63389 0.77326
oolite_rock_hermit_diffuse.png	1.0 1.0	0.60864 0.77326	0.63033 0.75544	0.60864 0.75544
oolite_rock_hermit_diffuse.png	1.0 1.0	0.60864 0.75544	0.60899 0.00277	0.60354 0.00277
oolite_rock_hermit_diffuse.png	1.0 1.0	0.63033 0.75544	0.63039 0.00277	0.60899 0.00277
oolite_rock_hermit_diffuse.png	1.0 1.0	0.99665 0.00277	0.98532 0.00277	0.99665 0.75544
oolite_rock_hermit_diffuse.png	1.0 1.0	0.65533 0.77326	0.66752 0.77326	0.66715 0.75544
oolite_rock_hermit_diffuse.png	1.0 1.0	0.65482 0.92343	0.66802 0.92343	0.65482 0.79229
oolite_rock_hermit_diffuse.png	1.0 1.0	0.01746 0.92343	0.01431 0.93746	0.13965 0.93746
oolite_rock_hermit_diffuse.png	1.0 1.0	0.99755 0.79229	0.98445 0.92343	0.99755 0.92343
oolite_rock_hermit_diffuse.png	1.0 1.0	0.95963 0.00277	0.85702 0.75544	0.95963 0.75544
oolite_rock_hermit_diffuse.png	1.0 1.0	0.66715 0.75544	0.66715 0.00277	0.65582 0.00277
oolite_rock_hermit_diffuse.png	1.0 1.0	0.69022 0.75544	0.79667 0.77326	0.79275 0.75544
oolite_rock_hermit_diffuse.png	1.0 1.0	0.98543 0.75544	0.98511 0.77326	0.99729 0.77326
oolite_rock_hermit_diffuse.png	1.0 1.0	0.65446 0.93746	0.66830 0.93746	0.66802 0.92343
oolite_rock_hermit_diffuse.png	1.0 1.0	0.01415 0.93746	0.01167 0.95164	0.14197 0.95164
oolite_rock_hermit_diffuse.png	1.0 1.0	0.65415 0.95164	0.66855 0.95164	0.65446 0.93746
oolite_rock_hermit_diffuse.png	1.0 1.0	0.01179 0.95164	0.00527 0.99823	0.14859 0.99823
oolite_rock_hermit_diffuse.png	1.0 1.0	0.68634 0.77326	0.80106 0.79229	0.79667 0.77326
oolite_rock_hermit_diffuse.png	1.0 1.0	0.50720 0.30190	0.50112 0.30487	0.50720 0.31719
oolite_rock_hermit_diffuse.png	1.0 1.0	0.51305 0.30190	0.51305 0.00273	0.50720 0.30190
oolite_rock_hermit_diffuse.png	1.0 1.0	0.51305 0.31422	0.51902 0.30968	0.51305 0.30485
oolite_rock_hermit_diffuse.png	1.0 1.0	0.96752 0.79229	0.93754 0.79229	0.96752 0.92343
oolite_rock_hermit_diffuse.png	1.0 1.0	0.68194 0.92343	0.80422 0.93746	0.80102 0.92343
oolite_rock_hermit_diffuse.png	1.0 1.0	0.50112 0.00273	0.49527 0.30190	0.50112 0.30190
oolite_rock_hermit_diffuse.png	1.0 1.0	0.65363 0.99828	0.66948 0.99828	0.66855 0.95164
oolite_rock_hermit_diffuse.png	1.0 1.0	0.50112 0.31995	0.50720 0.34562	0.50720 0.31719
oolite_rock_hermit_diffuse.png	1.0 1.0	0.30618 0.00313	0.30028 0.46621	0.30618 0.46621
oolite_rock_hermit_diffuse.png	1.0 1.0	0.67883 0.93746	0.80669 0.95164	0.80422 0.93746
oolite_rock_hermit_diffuse.png	1.0 1.0	0.97095 0.93746	0.93754 0.95164	0.97345 0.95164
oolite_rock_hermit_diffuse.png	1.0 1.0	0.31231 0.46621	0.31231 0.00313	0.30618 0.46621
oolite_rock_hermit_diffuse.png	1.0 1.0	0.31231 0.48426	0.31231 0.50993	0.31755 0.48872
oolite_rock_hermit_diffuse.png	1.0 1.0	0.30618 0.48150	0.30618 0.50993	0.31231 0.48426
oolite_rock_hermit_diffuse.png	1.0 1.0	0.67633 0.95164	0.81323 0.99823	0.80669 0.95164
oolite_rock_hermit_diffuse.png	1.0 1.0	0.97333 0.95164	0.83655 0.99823	0.97987 0.99823
oolite_rock_hermit_diffuse.png	1.0 1.0	0.30028 0.00313	0.29426 0.46621	0.30028 0.46621
oolite_rock_hermit_diffuse.png	1.0 1.0	0.25980 0.80547	0.25112 0.91276	0.25980 0.91276
oolite_rock_hermit_diffuse.png	1.0 1.0	0.25980 0.80547	0.25771 0.79833	0.25112 0.80547
oolite_rock_hermit_diffuse.png	1.0 1.0	0.25980 0.80547	0.25980 0.91276	0.26909 0.80547
oolite_rock_hermit_diffuse.png	1.0 1.0	0.25771 0.79833	0.25314 0.79833	0.25112 0.80547
oolite_rock_hermit_diffuse.png	1.0 1.0	0.26175 0.79833	0.26909 0.80547	0.26909 0.79833
oolite_rock_hermit_diffuse.png	1.0 1.0	0.26175 0.79833	0.26909 0.80547	0.26909 0.79833
oolite_rock_hermit_diffuse.png	1.0 1.0	0.93754 0.92343	0.93754 0.93746	0.96771 0.92343
oolite_rock_hermit_diffuse.png	1.0 1.0	0.24177 0.79833	0.24177 0.80547	0.24910 0.79833
oolite_rock_hermit_diffuse.png	1.0 1.0	0.24177 0.79833	0.24177 0.80547	0.24910 0.79833
oolite_rock_hermit_diffuse.png	1.0 1.0	0.24177 0.80547	0.25112 0.91276	0.25112 0.80547
oolite_rock_hermit_diffuse.png	1.0 1.0	0.24177 0.80547	0.25112 0.91276	0.25112 0.80547
oolite_rock_hermit_diffuse.png	1.0 1.0	0.25980 0.91276	0.26909 0.91276	0.26909 0.80547
oolite_rock_hermit_diffuse.png	1.0 1.0	0.25112 0.91276	0.25314 0.91991	0.25771 0.91991
oolite_rock_hermit_diffuse.png	1.0 1.0	0.25112 0.91276	0.25314 0.91991	0.25771 0.91991
oolite_rock_hermit_diffuse.png	1.0 1.0	0.25753 0.92207	0.25296 0.93659	0.25753 0.93659
oolite_rock_hermit_diffuse.png	1.0 1.0	0.26184 0.91991	0.26909 0.91276	0.25980 0.91276
oolite_rock_hermit_diffuse.png	1.0 1.0	0.25753 0.92207	0.25296 0.93659	0.25753 0.93659
oolite_rock_hermit_diffuse.png	1.0 1.0	0.24177 0.91276	0.24177 0.91991	0.24904 0.91991
oolite_rock_hermit_diffuse.png	1.0 1.0	0.24177 0.91276	0.24177 0.91991	0.24904 0.91991
oolite_rock_hermit_diffuse.png	1.0 1.0	0.82891 0.75544	0.82891 0.00277	0.81757 0.75544
oolite_rock_hermit_diffuse.png	1.0 1.0	0.87897 0.92343	0.84908 0.92343	0.87897 0.93746
oolite_rock_hermit_diffuse.png	1.0 1.0	0.87897 0.79229	0.84912 0.79229	0.84912 0.92343
oolite_rock_hermit_diffuse.png	1.0 1.0	0.87897 0.93746	0.84575 0.93746	0.87897 0.95164
oolite_rock_hermit_diffuse.png	1.0 1.0	0.85319 0.77326	0.84887 0.79229	0.96353 0.77326
oolite_rock_hermit_diffuse.png	1.0 1.0	0.80102 0.92343	0.80106 0.79229	0.68198 0.79229
oolite_rock_hermit_diffuse.png	1.0 1.0	0.81672 0.95164	0.83122 0.95164	0.83084 0.93746
oolite_rock_hermit_diffuse.png	1.0 1.0	0.81604 0.99823	0.83191 0.99823	0.83122 0.95164
oolite_rock_hermit_diffuse.png	1.0 1.0	0.33618 0.99823	0.47308 0.95164	0.34273 0.95164
oolite_rock_hermit_diffuse.png	1.0 1.0	0.30367 0.93746	0.27045 0.93746	0.27045 0.95164
oolite_rock_hermit_diffuse.png	1.0 1.0	0.33220 0.92343	0.31899 0.92343	0.31858 0.93746
oolite_rock_hermit_diffuse.png	1.0 1.0	0.34840 0.92343	0.46743 0.79229	0.34836 0.79229
oolite_rock_hermit_diffuse.png	1.0 1.0	0.30034 0.92343	0.27045 0.92343	0.27045 0.93746
oolite_rock_hermit_diffuse.png	1.0 1.0	0.30030 0.79229	0.27045 0.79229	0.30030 0.92343
oolite_rock_hermit_diffuse.png	1.0 1.0	0.33176 0.77326	0.31957 0.77326	0.33253 0.79229
oolite_rock_hermit_diffuse.png	1.0 1.0	0.35274 0.77326	0.45920 0.75544	0.35667 0.75544
oolite_rock_hermit_diffuse.png	1.0 1.0	0.29623 0.77326	0.18589 0.77326	0.30055 0.79229
oolite_rock_hermit_diffuse.png	1.0 1.0	0.33185 0.00277	0.32051 0.00277	0.33185 0.75544
oolite_rock_hermit_diffuse.png	1.0 1.0	0.22474 0.91991	0.23133 0.91276	0.22265 0.91276
oolite_rock_hermit_diffuse.png	1.0 1.0	0.22061 0.91991	0.22265 0.91276	0.21335 0.91276
oolite_rock_hermit_diffuse.png	1.0 1.0	0.21188 0.95164	0.17847 0.93746	0.17597 0.95164
oolite_rock_hermit_diffuse.png	1.0 1.0	0.22265 0.91276	0.22265 0.80547	0.21335 0.80547
oolite_rock_hermit_diffuse.png	1.0 1.0	0.23133 0.91276	0.23133 0.80547	0.22265 0.80547
oolite_rock_hermit_diffuse.png	1.0 1.0	0.01851 0.50993	0.01851 0.48426	0.01237 0.50993
oolite_rock_hermit_diffuse.png	1.0 1.0	0.21188 0.79229	0.18189 0.92343	0.21188 0.92343
oolite_rock_hermit_diffuse.png	1.0 1.0	0.22474 0.79833	0.23133 0.80547	0.22931 0.79833
oolite_rock_hermit_diffuse.png	1.0 1.0	0.02374 0.48872	0.01851 0.48426	0.02441 0.50993
oolite_rock_hermit_diffuse.png	1.0 1.0	0.02441 0.00313	0.01851 0.00313	0.02441 0.46621
oolite_rock_hermit_diffuse.png	1.0 1.0	0.51902 0.69676	0.51305 0.67105	0.51305 0.69676
oolite_rock_hermit_diffuse.png	1.0 1.0	0.01851 0.46918	0.01237 0.48150	0.01851 0.47855
oolite_rock_hermit_diffuse.png	1.0 1.0	0.01851 0.00313	0.01237 0.00313	0.01851 0.46621
oolite_rock_hermit_diffuse.png	1.0 1.0	0.01237 0.48150	0.01237 0.46621	0.00647 0.47853
oolite_rock_hermit_diffuse.png	1.0 1.0	0.00647 0.47853	0.00647 0.46916	0.00046 0.47399
oolite_rock_hermit_diffuse.png	1.0 1.0	0.50112 0.69676	0.50112 0.67109	0.49593 0.67556
oolite_rock_hermit_diffuse.png	1.0 1.0	0.00647 0.46621	0.00647 0.00313	0.00046 0.00313
oolite_rock_hermit_diffuse.png	1.0 1.0	0.47059 0.93746	0.46747 0.92343	0.34520 0.93746
oolite_rock_hermit_diffuse.png	1.0 1.0	0.51902 0.66082	0.51305 0.65599	0.51305 0.66536
oolite_rock_hermit_diffuse.png	1.0 1.0	0.51305 0.67105	0.50720 0.66833	0.50720 0.69676
oolite_rock_hermit_diffuse.png	1.0 1.0	0.49527 0.65304	0.50112 0.65304	0.49527 0.35387
oolite_rock_hermit_diffuse.png	1.0 1.0	0.51305 0.35387	0.50720 0.35387	0.51305 0.65304
oolite_rock_hermit_diffuse.png	1.0 1.0	0.48144 0.79229	0.49409 0.77326	0.48190 0.77326
oolite_rock_hermit_diffuse.png	1.0 1.0	0.16497 0.79229	0.15187 0.92343	0.16497 0.92343
oolite_rock_hermit_diffuse.png	1.0 1.0	0.50112 0.66538	0.50720 0.65304	0.50112 0.65601
oolite_rock_hermit_diffuse.png	1.0 1.0	0.50720 0.65304	0.50720 0.35387	0.50112 0.35387
oolite_rock_hermit_diffuse.png	1.0 1.0	0.49527 0.95164	0.49496 0.93746	0.48087 0.95164
oolite_rock_hermit_diffuse.png	1.0 1.0	0.16399 0.75544	0.15266 0.75544	0.15212 0.77326
oolite_rock_hermit_diffuse.png	1.0 1.0	0.16410 0.00277	0.15276 0.00277	0.16410 0.75544
oolite_rock_hermit_diffuse.png	1.0 1.0	0.49460 0.92343	0.49460 0.79229	0.48140 0.92343
oolite_rock_hermit_diffuse.png	1.0 1.0	0.13644 0.79229	0.01737 0.92343	0.13644 0.92343
oolite_rock_hermit_diffuse.png	1.0 1.0	0.54224 0.95164	0.54224 0.93746	0.50915 0.93746
oolite_rock_hermit_diffuse.png	1.0 1.0	0.54222 0.93746	0.54222 0.92343	0.51191 0.92343
oolite_rock_hermit_diffuse.png	1.0 1.0	0.54222 0.79229	0.54222 0.77326	0.51632 0.77326
oolite_rock_hermit_diffuse.png	1.0 1.0	0.54808 0.76659	0.54808 0.00277	0.54264 0.75544
oolite_rock_hermit_diffuse.png	1.0 1.0	0.56658 0.85895	0.60405 0.80560	0.56658 0.80560
oolite_rock_hermit_diffuse.png	1.0 1.0	0.55926 0.48220	0.59489 0.49272	0.59211 0.48220
oolite_rock_hermit_diffuse.png	1.0 1.0	0.56879 0.93641	0.60167 0.93641	0.56879 0.86938
oolite_rock_hermit_diffuse.png	1.0 1.0	0.56879 0.86938	0.60405 0.85895	0.56658 0.85895
oolite_rock_hermit_diffuse.png	1.0 1.0	0.56839 0.30471	0.56839 0.22115	0.55663 0.36532
oolite_rock_hermit_diffuse.png	1.0 1.0	0.56410 0.75223	0.56410 0.67443	0.56083 0.75514
oolite_rock_hermit_diffuse.png	1.0 1.0	0.59216 0.53252	0.59489 0.52196	0.55663 0.52196
oolite_rock_hermit_diffuse.png	1.0 1.0	0.59211 0.48220	0.59211 0.37591	0.55926 0.37591
oolite_rock_hermit_diffuse.png	1.0 1.0	0.59211 0.37591	0.59489 0.36532	0.55663 0.36532
oolite_rock_hermit_diffuse.png	1.0 1.0	0.60167 0.93641	0.60705 0.86595	0.60167 0.86938
oolite_rock_hermit_diffuse.png	1.0 1.0	0.58727 0.75223	0.58727 0.67443	0.56410 0.67443
oolite_rock_hermit_diffuse.png	1.0 1.0	0.60864 0.95164	0.64404 0.95164	0.64156 0.93746
oolite_rock_hermit_diffuse.png	1.0 1.0	0.60864 0.93746	0.63838 0.92343	0.60864 0.92343
oolite_rock_hermit_diffuse.png	1.0 1.0	0.60864 0.77326	0.63389 0.77326	0.63033 0.75544
oolite_rock_hermit_diffuse.png	1.0 1.0	0.02543 0.75544	0.02156 0.77326	0.13190 0.77326
oolite_rock_hermit_diffuse.png	1.0 1.0	0.63842 0.92343	0.63842 0.79229	0.60864 0.79229
oolite_rock_hermit_diffuse.png	1.0 1.0	0.65482 0.79229	0.66797 0.79229	0.65533 0.77326
oolite_rock_hermit_diffuse.png	1.0 1.0	0.99769 0.92343	0.98458 0.92343	0.99796 0.93746
oolite_rock_hermit_diffuse.png	1.0 1.0	0.99755 0.79229	0.98445 0.79229	0.98445 0.92343
oolite_rock_hermit_diffuse.png	1.0 1.0	0.98532 0.00277	0.98532 0.75544	0.99665 0.75544
oolite_rock_hermit_diffuse.png	1.0 1.0	0.65446 0.93746	0.66855 0.95164	0.66830 0.93746
oolite_rock_hermit_diffuse.png	1.0 1.0	0.99818 0.93746	0.98435 0.93746	0.99846 0.95164
oolite_rock_hermit_diffuse.png	1.0 1.0	0.99844 0.95164	0.98401 0.95164	0.99901 0.99823
oolite_rock_hermit_diffuse.png	1.0 1.0	0.98519 0.77326	0.98459 0.79229	0.99738 0.77326
oolite_rock_hermit_diffuse.png	1.0 1.0	0.50720 0.30190	0.51305 0.31422	0.51305 0.30485
oolite_rock_hermit_diffuse.png	1.0 1.0	0.50720 0.00273	0.50112 0.30190	0.50720 0.30190
oolite_rock_hermit_diffuse.png	1.0 1.0	0.51305 0.30190	0.51902 0.00273	0.51305 0.00273
oolite_rock_hermit_diffuse.png	1.0 1.0	0.51305 0.31991	0.51305 0.34562	0.51840 0.32444
oolite_rock_hermit_diffuse.png	1.0 1.0	0.50720 0.31719	0.50720 0.34562	0.51305 0.31991
oolite_rock_hermit_diffuse.png	1.0 1.0	0.96771 0.92343	0.93754 0.93746	0.97089 0.93746
oolite_rock_hermit_diffuse.png	1.0 1.0	0.68194 0.92343	0.80102 0.92343	0.68198 0.79229
oolite_rock_hermit_diffuse.png	1.0 1.0	0.68198 0.79229	0.80106 0.79229	0.68634 0.77326
oolite_rock_hermit_diffuse.png	1.0 1.0	0.50112 0.30487	0.49527 0.30953	0.50112 0.31424
oolite_rock_hermit_diffuse.png	1.0 1.0	0.50112 0.31995	0.49527 0.34562	0.50112 0.34562
oolite_rock_hermit_diffuse.png	1.0 1.0	0.30618 0.46621	0.31231 0.47855	0.31231 0.46918
oolite_rock_hermit_diffuse.png	1.0 1.0	0.30618 0.46621	0.30028 0.46916	0.30618 0.48150
oolite_rock_hermit_diffuse.png	1.0 1.0	0.30028 0.46916	0.29426 0.47399	0.30028 0.47853
oolite_rock_hermit_diffuse.png	1.0 1.0	0.31821 0.46621	0.31821 0.00313	0.31231 0.46621
oolite_rock_hermit_diffuse.png	1.0 1.0	0.30028 0.48422	0.30618 0.50993	0.30618 0.48150
oolite_rock_hermit_diffuse.png	1.0 1.0	0.30028 0.48422	0.29426 0.50993	0.30028 0.50993
oolite_rock_hermit_diffuse.png	1.0 1.0	0.25980 0.80547	0.25771 0.79833	0.25112 0.80547
oolite_rock_hermit_diffuse.png	1.0 1.0	0.25980 0.80547	0.25980 0.91276	0.26909 0.80547
oolite_rock_hermit_diffuse.png	1.0 1.0	0.25112 0.80547	0.25112 0.91276	0.25980 0.80547
oolite_rock_hermit_diffuse.png	1.0 1.0	0.25771 0.79833	0.25314 0.79833	0.25112 0.80547
oolite_rock_hermit_diffuse.png	1.0 1.0	0.26253 0.92207	0.25796 0.92207	0.26253 0.93659
oolite_rock_hermit_diffuse.png	1.0 1.0	0.26253 0.92207	0.25796 0.92207	0.26253 0.93659
oolite_rock_hermit_diffuse.png	1.0 1.0	0.24177 0.80547	0.24177 0.91276	0.25112 0.91276
oolite_rock_hermit_diffuse.png	1.0 1.0	0.24177 0.80547	0.24177 0.91276	0.25112 0.91276
oolite_rock_hermit_diffuse.png	1.0 1.0	0.25112 0.91276	0.25771 0.91991	0.25980 0.91276
oolite_rock_hermit_diffuse.png	1.0 1.0	0.26184 0.91991	0.26909 0.91991	0.26909 0.91276
oolite_rock_hermit_diffuse.png	1.0 1.0	0.79275 0.75544	0.79275 0.00277	0.69022 0.75544
oolite_rock_hermit_diffuse.png	1.0 1.0	0.85708 0.75544	0.85322 0.77326	0.96356 0.77326
oolite_rock_hermit_diffuse.png	1.0 1.0	0.81766 0.77326	0.82984 0.77326	0.81757 0.75544
oolite_rock_hermit_diffuse.png	1.0 1.0	0.82984 0.77326	0.81689 0.79229	0.83010 0.79229
oolite_rock_hermit_diffuse.png	1.0 1.0	0.84908 0.92343	0.84589 0.93746	0.87897 0.93746
oolite_rock_hermit_diffuse.png	1.0 1.0	0.83010 0.79229	0.81722 0.92343	0.83043 0.92343
oolite_rock_hermit_diffuse.png	1.0 1.0	0.81692 0.93746	0.83084 0.93746	0.81722 0.92343
oolite_rock_hermit_diffuse.png	1.0 1.0	0.21335 0.80547	0.22070 0.79833	0.21335 0.79833
oolite_rock_hermit_diffuse.png	1.0 1.0	0.22003 0.92207	0.22003 0.93659	0.22459 0.92207
oolite_rock_hermit_diffuse.png	1.0 1.0	0.22265 0.80547	0.23133 0.80547	0.22474 0.79833
oolite_rock_hermit_diffuse.png	1.0 1.0	0.16399 0.75544	0.15212 0.77326	0.16431 0.77326
oolite_rock_hermit_diffuse.png	1.0 1.0	0.54704 0.85911	0.54376 0.85610	0.54376 0.94544
oolite_rock_hermit_diffuse.png	1.0 1.0	0.56076 0.85258	0.54558 0.85258	0.54704 0.85911
oolite_rock_hermit_diffuse.png	1.0 1.0	0.60354 0.76659	0.59489 0.00277	0.59489 0.76659
oolite_rock_hermit_diffuse.png	1.0 1.0	0.60354 0.00277	0.59489 0.00277	0.60354 0.76659
oolite_rock_hermit_diffuse.png	1.0 1.0	0.65533 0.77326	0.66715 0.75544	0.65582 0.75544
oolite_rock_hermit_diffuse.png	1.0 1.0	0.02192 0.77326	0.01754 0.79229	0.13225 0.77326
oolite_rock_hermit_diffuse.png	1.0 1.0	0.26184 0.91991	0.26909 0.91276	0.25980 0.91276

END
