// output from Obj2DatTex.py Wavefront text file conversion script
// (c) 2005 By Giles Williams
// 
// original file: "justdock2.obj"
// 
// model size: 210.362 x 81.027 x 250.000
// 
// textures used: ['oolite_dodo_dock_diffuse.png']
// 
NVERTS 307
NFACES 430

VERTEX
105.18100, 8.33463, -14.74180
105.18100, 8.33463, -92.05060
105.18100, 8.33463, -156.81200
105.18100, 8.33463, -234.12100
105.18100, 24.12020, -14.74180
105.18100, 24.12020, -92.05060
105.18100, 24.12020, -156.81200
105.18100, 24.12020, -234.12100
102.89800, -36.34630, 0.00000
102.89800, -36.34630, -248.54500
102.89800, -7.41404, -43.19260
102.89800, -7.41404, -49.93280
102.89800, -7.41404, -53.52140
102.89800, -7.41404, -60.26160
102.89800, -7.41404, -188.07600
102.89800, -7.41404, -194.81600
102.89800, -7.41404, -198.40500
102.89800, -7.41404, -205.14500
102.89800, 7.12036, 0.00000
102.89800, 7.12036, -13.52750
102.89800, 7.12036, -43.19260
102.89800, 7.12036, -49.93280
102.89800, 7.12036, -53.52140
102.89800, 7.12036, -60.26160
102.89800, 7.12036, -93.26490
102.89800, 7.12036, -155.59800
102.89800, 7.12036, -188.07600
102.89800, 7.12036, -194.81600
102.89800, 7.12036, -198.40500
102.89800, 7.12036, -205.14500
102.89800, 7.12036, -235.33500
102.89800, 7.12036, -248.54500
102.89800, 7.12236, -155.59800
102.89800, 25.33450, 0.00000
102.89800, 25.33450, -13.52750
102.89800, 25.33450, -93.26490
102.89800, 25.33450, -155.59800
102.89800, 25.33450, -235.33500
102.89800, 25.33450, -248.54500
102.89800, 27.41250, -28.15240
102.89800, 27.41250, -30.65230
102.89800, 27.41250, -58.29840
102.89800, 27.41250, -60.79830
102.89800, 27.41250, -88.82320
102.89800, 27.41250, -91.32300
102.89800, 27.41250, -118.96900
102.89800, 27.41250, -121.46900
102.89800, 27.41250, -148.71100
102.89800, 27.41250, -151.21100
102.89800, 27.41250, -178.85700
102.89800, 27.41250, -181.35700
102.89800, 27.41250, -209.00800
102.89800, 27.41250, -211.50800
102.89800, 32.85400, -28.15240
102.89800, 32.85400, -30.65230
102.89800, 32.85400, -58.29840
102.89800, 32.85400, -60.79830
102.89800, 32.85400, -88.82320
102.89800, 32.85400, -91.32300
102.89800, 32.85400, -118.96900
102.89800, 32.85400, -121.46900
102.89800, 32.85400, -148.71100
102.89800, 32.85400, -151.21100
102.89800, 32.85400, -178.85700
102.89800, 32.85400, -181.35700
102.89800, 32.85400, -209.00800
102.89800, 32.85400, -211.50800
102.89800, 36.34630, 0.00000
102.89800, 36.34630, -248.54500
100.87200, -5.42387, -43.19260
100.87200, -5.42387, -49.93280
100.87200, -5.42387, -53.52140
100.87200, -5.42387, -60.26160
100.87200, -5.42387, -188.07600
100.87200, -5.42387, -194.81600
100.87200, -5.42387, -198.40500
100.87200, -5.42387, -205.14500
100.87200, 6.23946, -43.19260
100.87200, 6.23946, -49.93280
100.87200, 6.23946, -53.52140
100.87200, 6.23946, -60.26160
100.87200, 6.23946, -188.07600
100.87200, 6.23946, -194.81600
100.87200, 6.23946, -198.40500
100.87200, 6.23946, -205.14500
100.85700, -35.36660, -250.00000
100.85700, 35.36660, -250.00000
100.46300, 27.41250, -28.15240
100.46300, 27.41250, -30.65230
100.46300, 27.41250, -58.29840
100.46300, 27.41250, -60.79830
100.46300, 27.41250, -88.82320
100.46300, 27.41250, -91.32300
100.46300, 27.41250, -118.96900
100.46300, 27.41250, -121.46900
100.46300, 27.41250, -148.71100
100.46300, 27.41250, -151.21100
100.46300, 27.41250, -178.85700
100.46300, 27.41250, -181.35700
100.46300, 27.41250, -209.00800
100.46300, 27.41250, -211.50800
100.46300, 32.85400, -28.15240
100.46300, 32.85400, -30.65230
100.46300, 32.85400, -58.29840
100.46300, 32.85400, -60.79830
100.46300, 32.85400, -88.82320
100.46300, 32.85400, -91.32300
100.46300, 32.85400, -118.96900
100.46300, 32.85400, -121.46900
100.46300, 32.85400, -148.71100
100.46300, 32.85400, -151.21100
100.46300, 32.85400, -178.85700
100.46300, 32.85400, -181.35700
100.46300, 32.85400, -209.00800
100.46300, 32.85400, -211.50800
99.34680, -39.19200, 0.00000
99.34680, -39.19200, -248.54500
99.34680, 39.19200, 0.00000
99.34680, 39.19200, -248.54500
98.63000, -37.15130, -250.00000
98.63000, 37.15130, -250.00000
95.01920, -39.19200, -26.33250
95.01920, -39.19200, -56.96590
95.01920, -39.19200, -69.77890
95.01920, -39.19200, -83.15930
93.44550, 39.19200, -167.49500
93.44550, 39.19200, -195.08600
92.98820, -37.86770, -28.25370
92.98820, -37.86770, -55.04470
92.98820, -37.86770, -71.70010
92.98820, -37.86770, -81.23800
91.52430, 37.86770, -169.48600
91.52430, 37.86770, -193.05500
75.48040, -37.86770, -71.70010
75.48040, -37.86770, -81.23800
73.49030, -39.19200, -69.77890
73.49030, -39.19200, -83.15930
69.41850, -37.86770, -28.25370
69.41850, -37.86770, -55.04470
67.42840, -39.19200, -26.33250
67.42840, -39.19200, -56.96590
64.73320, 37.86770, -169.48600
64.73320, 37.86770, -193.05500
62.81200, 39.19200, -167.49500
62.81200, 39.19200, -195.08600
20.67460, -39.19200, 0.00000
20.67460, -39.19200, -200.91300
20.67460, 39.19200, 0.00000
20.67460, 39.19200, -200.91300
18.62640, -40.51340, -1.14038
18.62640, -40.51340, -195.30100
18.62640, 40.51340, -1.14038
18.62640, 40.51340, -195.30100
-18.62640, -40.51340, -1.14038
-18.62640, -40.51340, -195.30100
-18.62640, 40.51340, -1.14038
-18.62640, 40.51340, -195.30100
-20.67460, -39.19200, 0.00000
-20.67460, -39.19200, -200.91300
-20.67460, 39.19200, 0.00000
-20.67460, 39.19200, -200.91300
-62.81200, 39.19200, -167.49500
-62.81200, 39.19200, -195.08600
-64.73320, 37.86770, -169.48600
-64.73320, 37.86770, -193.05500
-67.42840, -39.19200, -26.33250
-67.42840, -39.19200, -56.96590
-69.41850, -37.86770, -28.25370
-69.41850, -37.86770, -55.04470
-73.49030, -39.19200, -69.77890
-73.49030, -39.19200, -83.15930
-75.48040, -37.86770, -71.70010
-75.48040, -37.86770, -81.23800
-91.52430, 37.86770, -169.48600
-91.52430, 37.86770, -193.05500
-92.98820, -37.86770, -28.25370
-92.98820, -37.86770, -55.04470
-92.98820, -37.86770, -71.70010
-92.98820, -37.86770, -81.23800
-93.44550, 39.19200, -167.49500
-93.44550, 39.19200, -195.08600
-95.01920, -39.19200, -26.33250
-95.01920, -39.19200, -56.96590
-95.01920, -39.19200, -69.77890
-95.01920, -39.19200, -83.15930
-98.63000, -37.15130, -250.00000
-98.63000, 37.15130, -250.00000
-99.34680, -39.19200, 0.00000
-99.34680, -39.19200, -248.54500
-99.34680, 39.19200, 0.00000
-99.34680, 39.19200, -248.54500
-100.46300, 27.41250, -28.15240
-100.46300, 27.41250, -30.65230
-100.46300, 27.41250, -58.29840
-100.46300, 27.41250, -60.79830
-100.46300, 27.41250, -88.82320
-100.46300, 27.41250, -91.32300
-100.46300, 27.41250, -118.96900
-100.46300, 27.41250, -121.46900
-100.46300, 27.41250, -148.71100
-100.46300, 27.41250, -151.21100
-100.46300, 27.41250, -178.85700
-100.46300, 27.41250, -181.35700
-100.46300, 27.41250, -209.00800
-100.46300, 27.41250, -211.50800
-100.46300, 32.85400, -28.15240
-100.46300, 32.85400, -30.65230
-100.46300, 32.85400, -58.29840
-100.46300, 32.85400, -60.79830
-100.46300, 32.85400, -88.82320
-100.46300, 32.85400, -91.32300
-100.46300, 32.85400, -118.96900
-100.46300, 32.85400, -121.46900
-100.46300, 32.85400, -148.71100
-100.46300, 32.85400, -151.21100
-100.46300, 32.85400, -178.85700
-100.46300, 32.85400, -181.35700
-100.46300, 32.85400, -209.00800
-100.46300, 32.85400, -211.50800
-100.85700, -35.36660, -250.00000
-100.85700, 35.36660, -250.00000
-100.87200, -5.42387, -43.19260
-100.87200, -5.42387, -49.93280
-100.87200, -5.42387, -53.52140
-100.87200, -5.42387, -60.26160
-100.87200, -5.42387, -188.07600
-100.87200, -5.42387, -194.81600
-100.87200, -5.42387, -198.40500
-100.87200, -5.42387, -205.14500
-100.87200, 6.23946, -43.19260
-100.87200, 6.23946, -49.93280
-100.87200, 6.23946, -53.52140
-100.87200, 6.23946, -60.26160
-100.87200, 6.23946, -188.07600
-100.87200, 6.23946, -194.81600
-100.87200, 6.23946, -198.40500
-100.87200, 6.23946, -205.14500
-102.89800, -36.34630, 0.00000
-102.89800, -36.34630, -248.54500
-102.89800, -7.41404, -43.19260
-102.89800, -7.41404, -49.93280
-102.89800, -7.41404, -53.52140
-102.89800, -7.41404, -60.26160
-102.89800, -7.41404, -188.07600
-102.89800, -7.41404, -194.81600
-102.89800, -7.41404, -198.40500
-102.89800, -7.41404, -205.14500
-102.89800, 7.12036, 0.00000
-102.89800, 7.12036, -13.52750
-102.89800, 7.12036, -43.19260
-102.89800, 7.12036, -49.93280
-102.89800, 7.12036, -53.52140
-102.89800, 7.12036, -60.26160
-102.89800, 7.12036, -93.26490
-102.89800, 7.12036, -155.59800
-102.89800, 7.12036, -188.07600
-102.89800, 7.12036, -194.81600
-102.89800, 7.12036, -198.40500
-102.89800, 7.12036, -205.14500
-102.89800, 7.12036, -235.33500
-102.89800, 7.12036, -248.54500
-102.89800, 25.33450, 0.00000
-102.89800, 25.33450, -13.52750
-102.89800, 25.33450, -93.26490
-102.89800, 25.33450, -155.59800
-102.89800, 25.33450, -235.33500
-102.89800, 25.33450, -248.54500
-102.89800, 27.41250, -28.15240
-102.89800, 27.41250, -30.65230
-102.89800, 27.41250, -58.29840
-102.89800, 27.41250, -60.79830
-102.89800, 27.41250, -88.82320
-102.89800, 27.41250, -91.32300
-102.89800, 27.41250, -118.96900
-102.89800, 27.41250, -121.46900
-102.89800, 27.41250, -148.71100
-102.89800, 27.41250, -151.21100
-102.89800, 27.41250, -178.85700
-102.89800, 27.41250, -181.35700
-102.89800, 27.41250, -209.00800
-102.89800, 27.41250, -211.50800
-102.89800, 32.85400, -28.15240
-102.89800, 32.85400, -30.65230
-102.89800, 32.85400, -58.29840
-102.89800, 32.85400, -60.79830
-102.89800, 32.85400, -88.82320
-102.89800, 32.85400, -91.32300
-102.89800, 32.85400, -118.96900
-102.89800, 32.85400, -121.46900
-102.89800, 32.85400, -148.71100
-102.89800, 32.85400, -151.21100
-102.89800, 32.85400, -178.85700
-102.89800, 32.85400, -181.35700
-102.89800, 32.85400, -209.00800
-102.89800, 32.85400, -211.50800
-102.89800, 36.34630, 0.00000
-102.89800, 36.34630, -248.54500
-105.18100, 8.33463, -14.74180
-105.18100, 8.33463, -92.05060
-105.18100, 8.33463, -156.81200
-105.18100, 8.33463, -234.12100
-105.18100, 24.12020, -14.74180
-105.18100, 24.12020, -92.05060
-105.18100, 24.12020, -156.81200
-105.18100, 24.12020, -234.12100
102.89800, 7.12036, -248.54500
-102.89800, 7.12036, -248.54500

FACES
128,127,127,	-0.46959,-0.00000,-0.88288,	3,	0,34,19
128,127,127,	-0.46959,-0.00000,0.88288,	3,	1,35,5
128,127,127,	-1.00000,0.00000,-0.00000,	3,	2,7,6
128,127,127,	-1.00000,-0.00000,0.00000,	3,	3,7,2
128,127,127,	-0.46959,-0.00000,-0.88288,	3,	4,34,0
128,127,127,	-0.36302,0.45301,0.81425,	3,	9,116,85
128,127,127,	-0.00000,-0.00000,1.00000,	3,	10,69,20
128,127,127,	-0.00000,-0.00000,1.00000,	3,	12,71,22
128,127,127,	-0.00000,-0.00000,-1.00000,	3,	21,70,11
128,127,127,	-0.00000,-0.00000,-1.00000,	3,	21,78,70
128,127,127,	-0.00000,-0.00000,-1.00000,	3,	23,72,13
128,127,127,	-0.00000,-0.00000,-1.00000,	3,	23,80,72
128,127,127,	-0.46959,-0.00000,0.88288,	3,	24,35,1
128,127,127,	-0.00000,-1.00000,0.00000,	3,	41,90,89
128,127,127,	-0.00000,-1.00000,0.00000,	3,	42,90,41
128,127,127,	-0.00000,-0.00000,1.00000,	3,	45,107,59
128,127,127,	-0.00000,-0.00000,-1.00000,	3,	46,108,94
128,127,127,	-0.00000,-0.00000,1.00000,	3,	47,109,61
128,127,127,	-0.00000,-0.00000,-1.00000,	3,	48,110,96
128,127,127,	-0.00000,1.00000,0.00000,	3,	55,104,56
128,127,127,	-0.00000,-0.00000,-1.00000,	3,	60,108,46
128,127,127,	-0.00000,-0.00000,-1.00000,	3,	62,110,48
128,127,127,	-0.62533,-0.78036,0.00000,	3,	67,118,117
128,127,127,	-0.62533,-0.78036,-0.00000,	3,	68,118,67
128,127,127,	-0.00000,-0.00000,1.00000,	3,	69,77,20
128,127,127,	-0.00000,-0.00000,1.00000,	3,	71,79,22
128,127,127,	-1.00000,-0.00000,0.00000,	3,	74,81,73
128,127,127,	-1.00000,-0.00000,-0.00000,	3,	74,82,81
128,127,127,	-1.00000,-0.00000,0.00000,	3,	76,83,75
128,127,127,	-1.00000,-0.00000,-0.00000,	3,	76,84,83
128,127,127,	-1.00000,-0.00000,0.00000,	3,	88,101,87
128,127,127,	-1.00000,-0.00000,-0.00000,	3,	88,102,101
128,127,127,	-1.00000,-0.00000,0.00000,	3,	92,105,91
128,127,127,	-1.00000,-0.00000,-0.00000,	3,	92,106,105
128,127,127,	-0.00000,-0.00000,1.00000,	3,	93,107,45
128,127,127,	-0.00000,-0.00000,1.00000,	3,	95,109,47
128,127,127,	-1.00000,-0.00000,0.00000,	3,	98,111,97
128,127,127,	-1.00000,-0.00000,-0.00000,	3,	98,112,111
128,127,127,	-1.00000,-0.00000,0.00000,	3,	100,113,99
128,127,127,	-1.00000,-0.00000,-0.00000,	3,	100,114,113
128,127,127,	-0.00000,1.00000,-0.00000,	3,	103,104,55
128,127,127,	-0.36305,0.45302,0.81423,	3,	116,119,85
128,127,127,	0.56754,-0.82335,-0.00000,	3,	125,132,131
128,127,127,	0.56754,-0.82335,-0.00000,	3,	126,132,125
128,127,127,	-0.00000,1.00000,0.00000,	3,	127,138,128
128,127,127,	-0.00000,1.00000,0.00000,	3,	129,134,130
128,127,127,	-0.00000,1.00000,-0.00000,	3,	133,134,129
128,127,127,	-0.00000,1.00000,-0.00000,	3,	137,138,127
128,127,127,	-0.56754,-0.82335,-0.00000,	3,	142,143,141
128,127,127,	-0.56754,-0.82335,0.00000,	3,	142,144,143
128,127,127,	-0.00000,-0.97338,0.22919,	3,	148,160,152
128,127,127,	0.00000,1.00000,0.00000,	3,	149,153,150
128,127,127,	-0.00000,-0.97338,0.22919,	3,	152,160,156
128,127,127,	-0.00000,1.00000,-0.00000,	3,	153,154,150
128,127,127,	-0.00000,-1.00000,0.00000,	3,	163,174,173
128,127,127,	-0.00000,-1.00000,0.00000,	3,	164,174,163
128,127,127,	0.00000,1.00000,0.00000,	3,	167,175,168
128,127,127,	0.55400,0.83252,-0.00000,	3,	169,172,170
128,127,127,	-0.00000,0.82335,0.56754,	3,	169,177,171
128,127,127,	0.00000,0.82335,0.56754,	3,	169,183,177
128,127,127,	0.55400,0.83252,0.00000,	3,	171,172,169
128,127,127,	-0.00000,0.82336,-0.56752,	3,	172,178,170
128,127,127,	-0.00000,1.00000,-0.00000,	3,	175,176,168
128,127,127,	-0.54619,0.83766,-0.00000,	3,	177,183,178
128,127,127,	-0.00000,0.82336,-0.56752,	3,	178,184,170
128,127,127,	-0.54619,0.83766,-0.00000,	3,	183,184,178
128,127,127,	0.36305,-0.45302,0.81423,	3,	186,220,190
128,127,127,	0.62533,0.78036,-0.00000,	3,	187,238,188
128,127,127,	-0.00000,-0.00000,1.00000,	3,	191,267,205
128,127,127,	1.00000,-0.00000,0.00000,	3,	193,207,194
128,127,127,	1.00000,-0.00000,0.00000,	3,	195,209,196
128,127,127,	-0.00000,-1.00000,0.00000,	3,	198,273,197
128,127,127,	-0.00000,-1.00000,0.00000,	3,	198,274,273
128,127,127,	-0.00000,-0.00000,1.00000,	3,	199,275,213
128,127,127,	-0.00000,-1.00000,0.00000,	3,	202,277,201
128,127,127,	-0.00000,-1.00000,0.00000,	3,	202,278,277
128,127,127,	1.00000,-0.00000,0.00000,	3,	203,217,204
128,127,127,	0.00000,-0.00000,-1.00000,	3,	206,268,192
128,127,127,	-0.00000,-0.00000,-1.00000,	3,	206,282,268
128,127,127,	1.00000,0.00000,0.00000,	3,	207,208,194
128,127,127,	1.00000,0.00000,0.00000,	3,	209,210,196
128,127,127,	0.00000,1.00000,0.00000,	3,	211,287,212
128,127,127,	0.00000,-0.00000,-1.00000,	3,	214,276,200
128,127,127,	-0.00000,-0.00000,-1.00000,	3,	214,290,276
128,127,127,	0.00000,1.00000,0.00000,	3,	215,291,216
128,127,127,	1.00000,0.00000,0.00000,	3,	217,218,204
128,127,127,	0.36302,-0.45301,0.81425,	3,	220,296,190
128,127,127,	1.00000,-0.00000,0.00000,	3,	221,229,222
128,127,127,	0.70077,-0.71339,-0.00000,	3,	223,242,241
128,127,127,	0.70077,-0.71339,-0.00000,	3,	224,242,223
128,127,127,	1.00000,-0.00000,0.00000,	3,	225,233,226
128,127,127,	1.00000,-0.00000,0.00000,	3,	227,235,228
128,127,127,	1.00000,0.00000,0.00000,	3,	229,230,222
128,127,127,	0.39874,0.91707,-0.00000,	3,	231,252,232
128,127,127,	1.00000,0.00000,0.00000,	3,	233,234,226
128,127,127,	1.00000,0.00000,0.00000,	3,	235,236,228
128,127,127,	0.62533,0.78036,0.00000,	3,	237,238,187
128,127,127,	0.46959,0.88289,-0.00000,	3,	248,297,253
128,127,127,	0.39874,0.91707,0.00000,	3,	251,252,231
128,127,127,	0.46950,-0.00000,0.88293,	3,	259,300,265
128,127,127,	0.46959,-0.88288,-0.00000,	3,	263,301,262
128,127,127,	0.46959,-0.88288,-0.00000,	3,	263,302,301
128,127,127,	0.46950,-0.00000,-0.88293,	3,	264,299,254
128,127,127,	0.46950,-0.00000,-0.88293,	3,	264,303,299
128,127,127,	-0.00000,-0.00000,1.00000,	3,	267,281,205
128,127,127,	-0.00000,-0.00000,1.00000,	3,	275,289,213
128,127,127,	-0.00000,1.00000,-0.00000,	3,	287,288,212
128,127,127,	-0.00000,1.00000,-0.00000,	3,	291,292,216
128,127,127,	0.46959,0.88289,0.00000,	3,	297,298,253
128,127,127,	0.46950,-0.00000,0.88293,	3,	300,304,265
129,127,127,	-0.46959,0.88289,-0.00000,	3,	0,24,1
129,127,127,	-0.46950,-0.00000,0.88293,	3,	3,37,7
129,127,127,	-0.46959,-0.88288,0.00000,	3,	4,35,34
129,127,127,	-0.46959,-0.88288,-0.00000,	3,	5,35,4
129,127,127,	-0.62533,0.78036,-0.00000,	3,	8,115,9
129,127,127,	-0.70077,-0.71339,-0.00000,	3,	15,73,14
129,127,127,	-0.70077,-0.71339,0.00000,	3,	15,74,73
129,127,127,	-0.00000,-0.00000,1.00000,	3,	16,75,28
129,127,127,	-0.46959,0.88289,-0.00000,	3,	19,24,0
129,127,127,	-0.39874,0.91707,-0.00000,	3,	26,81,27
129,127,127,	-0.00000,-0.00000,-1.00000,	3,	29,76,17
129,127,127,	-0.00000,-0.00000,-1.00000,	3,	29,84,76
129,127,127,	-0.46950,-0.00000,0.88293,	3,	30,37,3
129,127,127,	-0.00000,-0.00000,1.00000,	3,	39,101,53
129,127,127,	-0.00000,-0.00000,-1.00000,	3,	40,102,88
129,127,127,	-0.00000,-1.00000,0.00000,	3,	43,92,91
129,127,127,	-0.00000,-1.00000,0.00000,	3,	44,92,43
129,127,127,	-0.00000,-1.00000,0.00000,	3,	47,96,95
129,127,127,	-0.00000,-1.00000,0.00000,	3,	48,96,47
129,127,127,	-0.00000,-1.00000,0.00000,	3,	49,98,97
129,127,127,	-0.00000,-1.00000,0.00000,	3,	50,98,49
129,127,127,	-0.00000,-1.00000,0.00000,	3,	51,100,99
129,127,127,	-0.00000,-1.00000,0.00000,	3,	52,100,51
129,127,127,	-0.00000,-0.00000,-1.00000,	3,	54,102,40
129,127,127,	-0.00000,1.00000,0.00000,	3,	57,106,58
129,127,127,	-0.00000,1.00000,0.00000,	3,	61,110,62
129,127,127,	-0.00000,1.00000,0.00000,	3,	63,112,64
129,127,127,	-0.00000,1.00000,0.00000,	3,	65,114,66
129,127,127,	-1.00000,-0.00000,0.00000,	3,	70,77,69
129,127,127,	-1.00000,-0.00000,-0.00000,	3,	70,78,77
129,127,127,	-1.00000,-0.00000,0.00000,	3,	72,79,71
129,127,127,	-1.00000,-0.00000,-0.00000,	3,	72,80,79
129,127,127,	-0.00000,-0.00000,1.00000,	3,	75,83,28
129,127,127,	-0.39874,0.91707,-0.00000,	3,	81,82,27
129,127,127,	-0.36302,-0.45301,0.81425,	3,	86,118,68
129,127,127,	-0.36305,-0.45302,0.81423,	3,	86,120,118
129,127,127,	-0.00000,-0.00000,1.00000,	3,	87,101,39
129,127,127,	-1.00000,-0.00000,0.00000,	3,	90,103,89
129,127,127,	-1.00000,-0.00000,-0.00000,	3,	90,104,103
129,127,127,	-1.00000,-0.00000,0.00000,	3,	94,107,93
129,127,127,	-1.00000,-0.00000,-0.00000,	3,	94,108,107
129,127,127,	-0.00000,1.00000,-0.00000,	3,	105,106,57
129,127,127,	-0.00000,1.00000,-0.00000,	3,	109,110,61
129,127,127,	-0.00000,1.00000,-0.00000,	3,	111,112,63
129,127,127,	-0.00000,1.00000,-0.00000,	3,	113,114,65
129,127,127,	-0.62533,0.78036,-0.00000,	3,	115,116,9
129,127,127,	-0.00000,0.82336,-0.56752,	3,	130,136,124
129,127,127,	-0.00000,-1.00000,0.00000,	3,	132,141,131
129,127,127,	-0.00000,-1.00000,0.00000,	3,	132,142,141
129,127,127,	-0.00000,0.82336,-0.56752,	3,	134,136,130
129,127,127,	-0.55400,0.83252,-0.00000,	3,	137,140,138
129,127,127,	-0.55400,0.83252,-0.00000,	3,	139,140,137
129,127,127,	-0.54212,0.84030,-0.00000,	3,	145,150,146
129,127,127,	-0.54212,-0.84030,0.00000,	3,	147,152,151
129,127,127,	-0.54212,-0.84030,-0.00000,	3,	148,152,147
129,127,127,	-0.54212,0.84030,-0.00000,	3,	149,150,145
129,127,127,	0.54212,0.84030,-0.00000,	3,	153,157,154
129,127,127,	0.54212,-0.84030,-0.00000,	3,	156,159,155
129,127,127,	0.54212,-0.84030,-0.00000,	3,	156,160,159
129,127,127,	0.54212,0.84030,0.00000,	3,	157,158,154
129,127,127,	0.56754,-0.82335,-0.00000,	3,	161,164,163
129,127,127,	0.56754,-0.82335,-0.00000,	3,	162,164,161
129,127,127,	0.55400,0.83252,-0.00000,	3,	165,167,166
129,127,127,	-0.00000,0.82335,0.56754,	3,	165,175,167
129,127,127,	0.00000,0.82335,0.56754,	3,	165,181,175
129,127,127,	0.55400,0.83252,0.00000,	3,	167,168,166
129,127,127,	-0.00000,0.82335,-0.56754,	3,	168,176,166
129,127,127,	0.00000,1.00000,0.00000,	3,	171,177,172
129,127,127,	-0.56754,-0.82335,-0.00000,	3,	174,179,173
129,127,127,	-0.56754,-0.82335,0.00000,	3,	174,180,179
129,127,127,	-0.54619,0.83766,-0.00000,	3,	175,182,176
129,127,127,	-0.00000,0.82335,-0.56754,	3,	176,182,166
129,127,127,	-0.00000,1.00000,-0.00000,	3,	177,178,172
129,127,127,	-0.54619,0.83766,-0.00000,	3,	181,182,175
129,127,127,	0.36305,0.45302,0.81423,	3,	188,219,185
129,127,127,	0.36302,0.45301,0.81425,	3,	188,238,219
129,127,127,	0.62533,-0.78036,-0.00000,	3,	190,295,189
129,127,127,	0.62533,-0.78036,-0.00000,	3,	190,296,295
129,127,127,	1.00000,-0.00000,0.00000,	3,	191,205,192
129,127,127,	-0.00000,-1.00000,0.00000,	3,	194,269,193
129,127,127,	-0.00000,-1.00000,0.00000,	3,	194,270,269
129,127,127,	-0.00000,-0.00000,1.00000,	3,	195,271,209
129,127,127,	1.00000,-0.00000,0.00000,	3,	197,211,198
129,127,127,	1.00000,-0.00000,0.00000,	3,	199,213,200
129,127,127,	1.00000,-0.00000,0.00000,	3,	201,215,202
129,127,127,	-0.00000,-0.00000,1.00000,	3,	203,279,217
129,127,127,	1.00000,0.00000,0.00000,	3,	205,206,192
129,127,127,	0.00000,1.00000,0.00000,	3,	207,283,208
129,127,127,	0.00000,-0.00000,-1.00000,	3,	210,272,196
129,127,127,	-0.00000,-0.00000,-1.00000,	3,	210,286,272
129,127,127,	1.00000,0.00000,0.00000,	3,	211,212,198
129,127,127,	1.00000,0.00000,0.00000,	3,	213,214,200
129,127,127,	1.00000,0.00000,0.00000,	3,	215,216,202
129,127,127,	0.00000,-0.00000,-1.00000,	3,	218,280,204
129,127,127,	-0.00000,-0.00000,-1.00000,	3,	218,294,280
129,127,127,	0.70077,-0.71339,-0.00000,	3,	221,240,239
129,127,127,	0.70077,-0.71339,-0.00000,	3,	222,240,221
129,127,127,	1.00000,-0.00000,0.00000,	3,	223,231,224
129,127,127,	-0.00000,-0.00000,1.00000,	3,	225,255,233
129,127,127,	-0.00000,-0.00000,-1.00000,	3,	226,256,244
129,127,127,	0.70077,-0.71339,-0.00000,	3,	227,246,245
129,127,127,	0.70077,-0.71339,-0.00000,	3,	228,246,227
129,127,127,	0.39874,0.91707,-0.00000,	3,	229,250,230
129,127,127,	1.00000,0.00000,0.00000,	3,	231,232,224
129,127,127,	-0.00000,-0.00000,-1.00000,	3,	234,256,226
129,127,127,	0.39874,0.91707,-0.00000,	3,	235,258,236
129,127,127,	-0.00000,-0.00000,1.00000,	3,	243,255,225
129,127,127,	0.39874,0.91707,0.00000,	3,	249,250,229
129,127,127,	0.46959,-0.00000,0.88288,	3,	253,298,263
129,127,127,	0.46959,0.88289,-0.00000,	3,	254,300,259
129,127,127,	0.39874,0.91707,0.00000,	3,	257,258,235
129,127,127,	0.46959,-0.00000,-0.88288,	3,	262,297,248
129,127,127,	0.46959,-0.00000,-0.88288,	3,	262,301,297
129,127,127,	0.46959,-0.88288,-0.00000,	3,	264,304,303
129,127,127,	0.46959,-0.88288,-0.00000,	3,	265,304,264
129,127,127,	-0.00000,-0.00000,1.00000,	3,	271,285,209
129,127,127,	-0.00000,-0.00000,1.00000,	3,	279,293,217
129,127,127,	-0.00000,1.00000,-0.00000,	3,	283,284,208
129,127,127,	0.46959,-0.00000,0.88288,	3,	298,302,263
129,127,127,	0.46959,0.88289,0.00000,	3,	299,300,254
130,127,127,	-1.00000,0.00000,-0.00000,	3,	0,5,4
130,127,127,	-1.00000,-0.00000,0.00000,	3,	1,5,0
130,127,127,	-0.46959,0.88289,-0.00000,	3,	2,25,3
130,127,127,	-0.46959,-0.88288,-0.00000,	3,	7,36,6
130,127,127,	-0.46959,-0.88288,0.00000,	3,	7,37,36
130,127,127,	-0.70077,-0.71339,-0.00000,	3,	11,69,10
130,127,127,	-0.70077,-0.71339,0.00000,	3,	11,70,69
130,127,127,	-0.70077,-0.71339,-0.00000,	3,	13,71,12
130,127,127,	-0.70077,-0.71339,0.00000,	3,	13,72,71
130,127,127,	-0.00000,-0.00000,1.00000,	3,	14,73,26
130,127,127,	-0.70077,-0.71339,-0.00000,	3,	17,75,16
130,127,127,	-0.70077,-0.71339,0.00000,	3,	17,76,75
130,127,127,	-0.39874,0.91707,-0.00000,	3,	20,77,21
130,127,127,	-0.39874,0.91707,-0.00000,	3,	22,79,23
130,127,127,	-0.46959,0.88289,-0.00000,	3,	25,30,3
130,127,127,	-0.00000,-0.00000,-1.00000,	3,	27,74,15
130,127,127,	-0.00000,-0.00000,-1.00000,	3,	27,82,74
130,127,127,	-0.39874,0.91707,-0.00000,	3,	28,83,29
130,127,127,	-0.00000,-1.00000,0.00000,	3,	39,88,87
130,127,127,	-0.00000,-1.00000,0.00000,	3,	40,88,39
130,127,127,	-0.00000,-0.00000,1.00000,	3,	41,103,55
130,127,127,	-0.00000,-0.00000,-1.00000,	3,	42,104,90
130,127,127,	-0.00000,-0.00000,1.00000,	3,	43,105,57
130,127,127,	-0.00000,-0.00000,-1.00000,	3,	44,106,92
130,127,127,	-0.00000,-1.00000,0.00000,	3,	45,94,93
130,127,127,	-0.00000,-1.00000,0.00000,	3,	46,94,45
130,127,127,	-0.00000,-0.00000,1.00000,	3,	49,111,63
130,127,127,	-0.00000,-0.00000,-1.00000,	3,	50,112,98
130,127,127,	-0.00000,-0.00000,1.00000,	3,	51,113,65
130,127,127,	-0.00000,-0.00000,-1.00000,	3,	52,114,100
130,127,127,	-0.00000,1.00000,0.00000,	3,	53,102,54
130,127,127,	-0.00000,-0.00000,-1.00000,	3,	56,104,42
130,127,127,	-0.00000,-0.00000,-1.00000,	3,	58,106,44
130,127,127,	-0.00000,1.00000,0.00000,	3,	59,108,60
130,127,127,	-0.00000,-0.00000,-1.00000,	3,	64,112,50
130,127,127,	-0.00000,-0.00000,-1.00000,	3,	66,114,52
130,127,127,	-0.00000,-0.00000,1.00000,	3,	73,81,26
130,127,127,	-0.39874,0.91707,-0.00000,	3,	77,78,21
130,127,127,	-0.39874,0.91707,-0.00000,	3,	79,80,23
130,127,127,	-0.39874,0.91707,-0.00000,	3,	83,84,29
130,127,127,	-0.00000,-0.00000,1.00000,	3,	89,103,41
130,127,127,	-0.00000,-0.00000,1.00000,	3,	91,105,43
130,127,127,	-1.00000,-0.00000,0.00000,	3,	96,109,95
130,127,127,	-1.00000,-0.00000,-0.00000,	3,	96,110,109
130,127,127,	-0.00000,-0.00000,1.00000,	3,	97,111,49
130,127,127,	-0.00000,-0.00000,1.00000,	3,	99,113,51
130,127,127,	-0.00000,1.00000,-0.00000,	3,	101,102,53
130,127,127,	-0.00000,1.00000,-0.00000,	3,	107,108,59
130,127,127,	0.00000,0.58054,0.81423,	3,	116,188,119
130,127,127,	-0.00000,0.58054,0.81423,	3,	119,188,185
130,127,127,	-0.00000,-0.58054,0.81423,	3,	120,190,118
130,127,127,	0.54619,0.83766,-0.00000,	3,	123,130,124
130,127,127,	0.00000,-0.83766,-0.54619,	3,	126,142,132
130,127,127,	-0.00000,-0.83766,-0.54619,	3,	126,144,142
130,127,127,	-0.00000,0.82335,-0.56754,	3,	128,140,122
130,127,127,	0.54619,0.83766,0.00000,	3,	129,130,123
130,127,127,	-0.00000,-0.83264,0.55382,	3,	131,141,125
130,127,127,	-0.00000,0.82335,-0.56754,	3,	138,140,128
130,127,127,	-0.00000,-0.83264,0.55382,	3,	141,143,125
130,127,127,	-0.00000,0.97338,0.22919,	3,	150,158,146
130,127,127,	-0.00000,-1.00000,0.00000,	3,	151,156,155
130,127,127,	-0.00000,-1.00000,0.00000,	3,	152,156,151
130,127,127,	-0.00000,0.97338,0.22919,	3,	154,158,150
130,127,127,	-0.00000,-0.83766,-0.54619,	3,	162,180,164
130,127,127,	-0.00000,-0.83264,0.55382,	3,	163,179,161
130,127,127,	-0.00000,-0.83766,-0.54619,	3,	164,180,174
130,127,127,	-0.00000,-0.83264,0.55382,	3,	173,179,163
130,127,127,	-0.00000,-0.58054,0.81423,	3,	186,190,120
130,127,127,	-0.00000,-1.00000,0.00000,	3,	192,267,191
130,127,127,	-0.00000,-1.00000,0.00000,	3,	192,268,267
130,127,127,	-0.00000,-0.00000,1.00000,	3,	193,269,207
130,127,127,	-0.00000,-1.00000,0.00000,	3,	196,271,195
130,127,127,	-0.00000,-1.00000,0.00000,	3,	196,272,271
130,127,127,	-0.00000,-0.00000,1.00000,	3,	197,273,211
130,127,127,	-0.00000,-1.00000,0.00000,	3,	200,275,199
130,127,127,	-0.00000,-1.00000,0.00000,	3,	200,276,275
130,127,127,	-0.00000,-0.00000,1.00000,	3,	201,277,215
130,127,127,	-0.00000,-1.00000,0.00000,	3,	204,279,203
130,127,127,	-0.00000,-1.00000,0.00000,	3,	204,280,279
130,127,127,	0.00000,1.00000,0.00000,	3,	205,281,206
130,127,127,	0.00000,-0.00000,-1.00000,	3,	208,270,194
130,127,127,	-0.00000,-0.00000,-1.00000,	3,	208,284,270
130,127,127,	0.00000,1.00000,0.00000,	3,	209,285,210
130,127,127,	0.00000,-0.00000,-1.00000,	3,	212,274,198
130,127,127,	-0.00000,-0.00000,-1.00000,	3,	212,288,274
130,127,127,	0.00000,1.00000,0.00000,	3,	213,289,214
130,127,127,	0.00000,-0.00000,-1.00000,	3,	216,278,202
130,127,127,	-0.00000,-0.00000,-1.00000,	3,	216,292,278
130,127,127,	0.00000,1.00000,0.00000,	3,	217,293,218
130,127,127,	0.58048,-0.00000,0.81427,	3,	219,296,220
130,127,127,	-0.00000,-0.00000,1.00000,	3,	221,249,229
130,127,127,	-0.00000,-0.00000,-1.00000,	3,	222,250,240
130,127,127,	-0.00000,-0.00000,1.00000,	3,	223,251,231
130,127,127,	-0.00000,-0.00000,-1.00000,	3,	224,252,242
130,127,127,	0.70077,-0.71339,-0.00000,	3,	225,244,243
130,127,127,	0.70077,-0.71339,-0.00000,	3,	226,244,225
130,127,127,	-0.00000,-0.00000,1.00000,	3,	227,257,235
130,127,127,	-0.00000,-0.00000,-1.00000,	3,	228,258,246
130,127,127,	-0.00000,-0.00000,-1.00000,	3,	230,250,222
130,127,127,	-0.00000,-0.00000,-1.00000,	3,	232,252,224
130,127,127,	0.39874,0.91707,-0.00000,	3,	233,256,234
130,127,127,	-0.00000,-0.00000,-1.00000,	3,	236,258,228
130,127,127,	1.00000,0.00000,0.00000,	3,	237,260,238
130,127,127,	0.58048,-0.00000,0.81427,	3,	238,296,219
130,127,127,	-0.00000,-0.00000,1.00000,	3,	239,249,221
130,127,127,	-0.00000,-0.00000,1.00000,	3,	241,251,223
130,127,127,	-0.00000,-0.00000,1.00000,	3,	245,257,227
130,127,127,	1.00000,0.00000,0.00000,	3,	247,260,237
130,127,127,	1.00000,0.00000,0.00000,	3,	247,262,248
130,127,127,	1.00000,0.00000,0.00000,	3,	253,264,254
130,127,127,	0.39874,0.91707,0.00000,	3,	255,256,233
130,127,127,	1.00000,0.00000,0.00000,	3,	261,262,247
130,127,127,	1.00000,0.00000,0.00000,	3,	261,296,266
130,127,127,	1.00000,0.00000,0.00000,	3,	263,264,253
130,127,127,	1.00000,0.00000,-0.00000,	3,	265,306,259
130,127,127,	1.00000,-0.00000,-0.00000,	3,	266,306,265
130,127,127,	-0.00000,-0.00000,1.00000,	3,	269,283,207
130,127,127,	-0.00000,-0.00000,1.00000,	3,	273,287,211
130,127,127,	-0.00000,-0.00000,1.00000,	3,	277,291,215
130,127,127,	-0.00000,1.00000,-0.00000,	3,	281,282,206
130,127,127,	-0.00000,1.00000,-0.00000,	3,	285,286,210
130,127,127,	-0.00000,1.00000,-0.00000,	3,	289,290,214
130,127,127,	-0.00000,1.00000,-0.00000,	3,	293,294,218
130,127,127,	1.00000,0.00000,0.00000,	3,	295,296,261
130,127,127,	1.00000,0.00000,0.00000,	3,	297,302,298
130,127,127,	1.00000,0.00000,0.00000,	3,	299,304,300
130,127,127,	1.00000,0.00000,0.00000,	3,	301,302,297
130,127,127,	1.00000,0.00000,0.00000,	3,	303,304,299
131,127,127,	0.00000,-0.00000,1.00000,	3,	85,119,86
131,127,127,	0.00000,-0.00000,1.00000,	3,	86,185,120
131,127,127,	-0.00000,-0.00000,1.00000,	3,	119,185,86
131,127,127,	0.54619,0.83766,-0.00000,	3,	121,127,122
131,127,127,	0.00000,0.82335,0.56754,	3,	121,139,127
131,127,127,	0.00000,0.82335,0.56754,	3,	123,135,129
131,127,127,	0.54619,0.83766,0.00000,	3,	127,128,122
131,127,127,	-0.00000,0.82335,0.56754,	3,	127,139,137
131,127,127,	-0.00000,0.82335,0.56754,	3,	129,135,133
131,127,127,	-0.55400,0.83252,-0.00000,	3,	133,135,134
131,127,127,	-0.55400,0.83252,-0.00000,	3,	135,136,134
131,127,127,	-0.00000,-0.00000,1.00000,	3,	185,186,120
131,127,127,	-0.00000,-0.00000,1.00000,	3,	185,219,186
131,127,127,	-0.00000,-0.00000,1.00000,	3,	219,220,186
132,127,127,	-0.46950,-0.00000,-0.88293,	3,	2,36,25
132,127,127,	-0.46950,-0.00000,-0.88293,	3,	6,36,2
132,127,127,	-1.00000,0.00000,-0.00000,	3,	8,305,18
132,127,127,	-0.58048,-0.00000,0.81427,	3,	9,85,68
132,127,127,	-1.00000,-0.00000,0.00000,	3,	9,305,8
132,127,127,	-1.00000,0.00000,-0.00000,	3,	18,34,33
132,127,127,	-1.00000,-0.00000,0.00000,	3,	19,34,18
132,127,127,	-1.00000,-0.00000,0.00000,	3,	31,37,30
132,127,127,	-1.00000,-0.00000,-0.00000,	3,	31,38,37
132,127,127,	-1.00000,-0.00000,0.00000,	3,	32,35,24
132,127,127,	-1.00000,-0.00000,-0.00000,	3,	32,36,35
132,127,127,	-1.00000,0.00000,-0.00000,	3,	33,68,67
132,127,127,	-1.00000,-0.00000,0.00000,	3,	38,68,33
132,127,127,	-0.58048,-0.00000,0.81427,	3,	85,86,68
132,127,127,	-0.00000,1.00000,0.00000,	3,	115,124,116
132,127,127,	-0.00000,1.00000,0.00000,	3,	115,139,121
132,127,127,	0.00000,1.00000,0.00000,	3,	115,145,139
132,127,127,	-0.00000,-1.00000,0.00000,	3,	118,125,117
132,127,127,	-0.00000,-1.00000,0.00000,	3,	118,126,125
132,127,127,	-0.00000,-1.00000,0.00000,	3,	118,144,126
132,127,127,	-0.00000,-1.00000,0.00000,	3,	118,148,144
132,127,127,	-0.00000,-1.00000,0.00000,	3,	118,190,148
132,127,127,	-0.00000,1.00000,-0.00000,	3,	121,124,115
132,127,127,	-0.00000,1.00000,0.00000,	3,	122,135,123
132,127,127,	0.00000,1.00000,0.00000,	3,	122,140,135
132,127,127,	-0.00000,1.00000,0.00000,	3,	124,146,116
132,127,127,	-0.00000,-1.00000,0.00000,	3,	125,143,117
132,127,127,	0.00000,1.00000,0.00000,	3,	135,140,136
132,127,127,	-0.00000,1.00000,0.00000,	3,	136,146,124
132,127,127,	0.00000,1.00000,0.00000,	3,	139,145,140
132,127,127,	-0.00000,1.00000,0.00000,	3,	140,146,136
132,127,127,	-0.00000,-1.00000,0.00000,	3,	143,147,117
132,127,127,	-0.00000,-1.00000,0.00000,	3,	143,148,147
132,127,127,	-0.00000,-1.00000,0.00000,	3,	144,148,143
132,127,127,	-0.00000,1.00000,-0.00000,	3,	145,146,140
132,127,127,	0.00000,1.00000,0.00000,	3,	146,158,116
132,127,127,	-0.00000,-1.00000,0.00000,	3,	148,190,160
132,127,127,	-0.00000,1.00000,0.00000,	3,	157,166,158
132,127,127,	0.00000,1.00000,0.00000,	3,	157,187,165
132,127,127,	-0.00000,1.00000,0.00000,	3,	158,188,116
132,127,127,	-0.00000,-1.00000,0.00000,	3,	160,161,159
132,127,127,	-0.00000,-1.00000,0.00000,	3,	160,162,161
132,127,127,	-0.00000,-1.00000,0.00000,	3,	160,190,162
132,127,127,	-0.00000,-1.00000,0.00000,	3,	161,189,159
132,127,127,	-0.00000,-1.00000,0.00000,	3,	162,190,180
132,127,127,	-0.00000,1.00000,-0.00000,	3,	165,166,157
132,127,127,	0.00000,1.00000,0.00000,	3,	165,187,181
132,127,127,	-0.00000,1.00000,0.00000,	3,	166,170,158
132,127,127,	0.00000,1.00000,0.00000,	3,	166,182,169
132,127,127,	-0.00000,1.00000,-0.00000,	3,	169,170,166
132,127,127,	0.00000,1.00000,0.00000,	3,	170,184,158
132,127,127,	0.00000,-1.00000,0.00000,	3,	179,189,161
132,127,127,	-0.00000,-1.00000,0.00000,	3,	179,190,189
132,127,127,	-0.00000,-1.00000,0.00000,	3,	180,190,179
132,127,127,	0.00000,1.00000,0.00000,	3,	181,187,184
132,127,127,	-0.00000,1.00000,-0.00000,	3,	182,183,169
132,127,127,	-0.00000,1.00000,0.00000,	3,	184,188,158
132,127,127,	-0.00000,1.00000,-0.00000,	3,	187,188,184

TEXTURES
oolite_dodo_dock_diffuse.png	1.0 1.0	0.05674 0.98888	0.14520 0.99564	0.05030 0.99564
oolite_dodo_dock_diffuse.png	1.0 1.0	0.05674 0.78746	0.14520 0.78072	0.13883 0.78746
oolite_dodo_dock_diffuse.png	1.0 1.0	0.05762 0.76743	0.13934 0.56590	0.13934 0.76743
oolite_dodo_dock_diffuse.png	1.0 1.0	0.05762 0.56590	0.13934 0.56590	0.05762 0.76743
oolite_dodo_dock_diffuse.png	1.0 1.0	0.13883 0.98888	0.14520 0.99564	0.05674 0.98888
oolite_dodo_dock_diffuse.png	1.0 1.0	0.28177 0.56213	0.29393 0.56703	0.28981 0.55985
oolite_dodo_dock_diffuse.png	1.0 1.0	0.17855 0.08679	0.18543 0.08329	0.22853 0.08679
oolite_dodo_dock_diffuse.png	1.0 1.0	0.17855 0.10941	0.18543 0.10591	0.22853 0.10941
oolite_dodo_dock_diffuse.png	1.0 1.0	0.22859 0.06821	0.18543 0.07170	0.17860 0.06821
oolite_dodo_dock_diffuse.png	1.0 1.0	0.22859 0.06821	0.22555 0.07170	0.18543 0.07170
oolite_dodo_dock_diffuse.png	1.0 1.0	0.22859 0.09083	0.18543 0.09432	0.17860 0.09083
oolite_dodo_dock_diffuse.png	1.0 1.0	0.22859 0.09083	0.22555 0.09432	0.18543 0.09432
oolite_dodo_dock_diffuse.png	1.0 1.0	0.05030 0.78072	0.14520 0.78072	0.05674 0.78746
oolite_dodo_dock_diffuse.png	1.0 1.0	0.17891 0.30168	0.19010 0.29592	0.19010 0.30168
oolite_dodo_dock_diffuse.png	1.0 1.0	0.17891 0.29592	0.19010 0.29592	0.17891 0.30168
oolite_dodo_dock_diffuse.png	1.0 1.0	0.18955 0.34586	0.21463 0.34026	0.21463 0.34586
oolite_dodo_dock_diffuse.png	1.0 1.0	0.18955 0.32888	0.21463 0.33450	0.18955 0.33450
oolite_dodo_dock_diffuse.png	1.0 1.0	0.19003 0.36597	0.21511 0.36037	0.21511 0.36597
oolite_dodo_dock_diffuse.png	1.0 1.0	0.19003 0.34899	0.21511 0.35461	0.19003 0.35461
oolite_dodo_dock_diffuse.png	1.0 1.0	0.22635 0.30168	0.21518 0.29592	0.22635 0.29592
oolite_dodo_dock_diffuse.png	1.0 1.0	0.21463 0.32888	0.21463 0.33450	0.18955 0.32888
oolite_dodo_dock_diffuse.png	1.0 1.0	0.21511 0.34899	0.21511 0.35461	0.19003 0.34899
oolite_dodo_dock_diffuse.png	1.0 1.0	0.27293 0.43076	0.28857 0.00339	0.28857 0.43076
oolite_dodo_dock_diffuse.png	1.0 1.0	0.27293 0.00339	0.28857 0.00339	0.27293 0.43076
oolite_dodo_dock_diffuse.png	1.0 1.0	0.18543 0.08329	0.22555 0.08329	0.22853 0.08679
oolite_dodo_dock_diffuse.png	1.0 1.0	0.18543 0.10591	0.22555 0.10591	0.22853 0.10941
oolite_dodo_dock_diffuse.png	1.0 1.0	0.18547 0.03039	0.22559 0.04198	0.18547 0.04198
oolite_dodo_dock_diffuse.png	1.0 1.0	0.18547 0.03039	0.22559 0.03039	0.22559 0.04198
oolite_dodo_dock_diffuse.png	1.0 1.0	0.18547 0.05301	0.22559 0.06460	0.18547 0.06460
oolite_dodo_dock_diffuse.png	1.0 1.0	0.18547 0.05301	0.22559 0.05301	0.22559 0.06460
oolite_dodo_dock_diffuse.png	1.0 1.0	0.18963 0.27812	0.21471 0.28388	0.18963 0.28388
oolite_dodo_dock_diffuse.png	1.0 1.0	0.18963 0.27812	0.21471 0.27812	0.21471 0.28388
oolite_dodo_dock_diffuse.png	1.0 1.0	0.18984 0.31455	0.21491 0.32031	0.18984 0.32031
oolite_dodo_dock_diffuse.png	1.0 1.0	0.18984 0.31455	0.21491 0.31455	0.21491 0.32031
oolite_dodo_dock_diffuse.png	1.0 1.0	0.18955 0.34026	0.21463 0.34026	0.18955 0.34586
oolite_dodo_dock_diffuse.png	1.0 1.0	0.19003 0.36037	0.21511 0.36037	0.19003 0.36597
oolite_dodo_dock_diffuse.png	1.0 1.0	0.18963 0.37479	0.21471 0.38055	0.18963 0.38055
oolite_dodo_dock_diffuse.png	1.0 1.0	0.18963 0.37479	0.21471 0.37479	0.21471 0.38055
oolite_dodo_dock_diffuse.png	1.0 1.0	0.19012 0.39438	0.21520 0.40014	0.19012 0.40014
oolite_dodo_dock_diffuse.png	1.0 1.0	0.19012 0.39438	0.21520 0.39438	0.21520 0.40014
oolite_dodo_dock_diffuse.png	1.0 1.0	0.21518 0.30168	0.21518 0.29592	0.22635 0.30168
oolite_dodo_dock_diffuse.png	1.0 1.0	0.29393 0.56703	0.29746 0.56292	0.28981 0.55985
oolite_dodo_dock_diffuse.png	1.0 1.0	0.05559 0.48669	0.06428 0.53393	0.06428 0.49038
oolite_dodo_dock_diffuse.png	1.0 1.0	0.05559 0.53767	0.06428 0.53393	0.05559 0.48669
oolite_dodo_dock_diffuse.png	1.0 1.0	0.18375 0.54957	0.27070 0.50016	0.18375 0.50016
oolite_dodo_dock_diffuse.png	1.0 1.0	0.01067 0.43716	0.04478 0.46846	0.04478 0.43716
oolite_dodo_dock_diffuse.png	1.0 1.0	0.01067 0.46846	0.04478 0.46846	0.01067 0.43716
oolite_dodo_dock_diffuse.png	1.0 1.0	0.27070 0.54957	0.27070 0.50016	0.18375 0.54957
oolite_dodo_dock_diffuse.png	1.0 1.0	0.16328 0.53393	0.17178 0.48669	0.16328 0.49038
oolite_dodo_dock_diffuse.png	1.0 1.0	0.16328 0.53393	0.17178 0.53767	0.17178 0.48669
oolite_dodo_dock_diffuse.png	1.0 1.0	0.56556 0.34894	0.71044 0.34894	0.57393 0.33933
oolite_dodo_dock_diffuse.png	1.0 1.0	0.57393 0.99283	0.70206 0.99283	0.57393 0.65898
oolite_dodo_dock_diffuse.png	1.0 1.0	0.57393 0.33933	0.71044 0.34894	0.70206 0.33933
oolite_dodo_dock_diffuse.png	1.0 1.0	0.70206 0.99283	0.70206 0.65898	0.57393 0.65898
oolite_dodo_dock_diffuse.png	1.0 1.0	0.06406 0.43747	0.16306 0.48102	0.16306 0.43747
oolite_dodo_dock_diffuse.png	1.0 1.0	0.06406 0.48102	0.16306 0.48102	0.06406 0.43747
oolite_dodo_dock_diffuse.png	1.0 1.0	0.18299 0.48666	0.26996 0.48666	0.18299 0.43726
oolite_dodo_dock_diffuse.png	1.0 1.0	0.00431 0.47408	0.04528 0.47835	0.05216 0.47408
oolite_dodo_dock_diffuse.png	1.0 1.0	0.00280 0.47476	0.01118 0.50965	0.01118 0.47835
oolite_dodo_dock_diffuse.png	1.0 1.0	0.00280 0.47476	0.00280 0.51326	0.01118 0.50965
oolite_dodo_dock_diffuse.png	1.0 1.0	0.01118 0.47835	0.04528 0.47835	0.00431 0.47408
oolite_dodo_dock_diffuse.png	1.0 1.0	0.04528 0.47835	0.04528 0.50965	0.05367 0.47477
oolite_dodo_dock_diffuse.png	1.0 1.0	0.26996 0.48666	0.26996 0.43726	0.18299 0.43726
oolite_dodo_dock_diffuse.png	1.0 1.0	0.01118 0.50965	0.00430 0.51399	0.04528 0.50965
oolite_dodo_dock_diffuse.png	1.0 1.0	0.04528 0.50965	0.05367 0.51326	0.05367 0.47477
oolite_dodo_dock_diffuse.png	1.0 1.0	0.00430 0.51399	0.05215 0.51399	0.04528 0.50965
oolite_dodo_dock_diffuse.png	1.0 1.0	0.97851 0.43515	0.98618 0.43822	0.98204 0.43084
oolite_dodo_dock_diffuse.png	1.0 1.0	0.00737 0.43076	0.02301 0.00339	0.00737 0.00339
oolite_dodo_dock_diffuse.png	1.0 1.0	0.18963 0.28388	0.18963 0.28949	0.21471 0.28388
oolite_dodo_dock_diffuse.png	1.0 1.0	0.19010 0.30168	0.21518 0.30168	0.19010 0.29592
oolite_dodo_dock_diffuse.png	1.0 1.0	0.18984 0.32031	0.21491 0.32031	0.18984 0.31455
oolite_dodo_dock_diffuse.png	1.0 1.0	0.18955 0.33450	0.17836 0.34026	0.18955 0.34026
oolite_dodo_dock_diffuse.png	1.0 1.0	0.18955 0.33450	0.17836 0.33450	0.17836 0.34026
oolite_dodo_dock_diffuse.png	1.0 1.0	0.19003 0.36037	0.19003 0.36597	0.21511 0.36037
oolite_dodo_dock_diffuse.png	1.0 1.0	0.18963 0.37479	0.17844 0.38055	0.18963 0.38055
oolite_dodo_dock_diffuse.png	1.0 1.0	0.18963 0.37479	0.17844 0.37479	0.17844 0.38055
oolite_dodo_dock_diffuse.png	1.0 1.0	0.19012 0.40014	0.21520 0.40014	0.19012 0.39438
oolite_dodo_dock_diffuse.png	1.0 1.0	0.21471 0.27812	0.18963 0.27250	0.18963 0.27812
oolite_dodo_dock_diffuse.png	1.0 1.0	0.21471 0.27812	0.21471 0.27250	0.18963 0.27250
oolite_dodo_dock_diffuse.png	1.0 1.0	0.21518 0.30168	0.21518 0.29592	0.19010 0.29592
oolite_dodo_dock_diffuse.png	1.0 1.0	0.21491 0.32031	0.21491 0.31455	0.18984 0.31455
oolite_dodo_dock_diffuse.png	1.0 1.0	0.21463 0.34026	0.22580 0.34026	0.21463 0.33450
oolite_dodo_dock_diffuse.png	1.0 1.0	0.21511 0.35461	0.19003 0.34899	0.19003 0.35461
oolite_dodo_dock_diffuse.png	1.0 1.0	0.21511 0.35461	0.21511 0.34899	0.19003 0.34899
oolite_dodo_dock_diffuse.png	1.0 1.0	0.21471 0.38055	0.22588 0.38055	0.21471 0.37479
oolite_dodo_dock_diffuse.png	1.0 1.0	0.21520 0.40014	0.21520 0.39438	0.19012 0.39438
oolite_dodo_dock_diffuse.png	1.0 1.0	0.98618 0.43822	0.99423 0.43594	0.98204 0.43084
oolite_dodo_dock_diffuse.png	1.0 1.0	0.18543 0.08329	0.22555 0.08329	0.18543 0.07170
oolite_dodo_dock_diffuse.png	1.0 1.0	0.18543 0.10591	0.17566 0.09432	0.17566 0.10591
oolite_dodo_dock_diffuse.png	1.0 1.0	0.18543 0.09432	0.17566 0.09432	0.18543 0.10591
oolite_dodo_dock_diffuse.png	1.0 1.0	0.18547 0.04198	0.22559 0.04198	0.18547 0.03039
oolite_dodo_dock_diffuse.png	1.0 1.0	0.18547 0.06460	0.22559 0.06460	0.18547 0.05301
oolite_dodo_dock_diffuse.png	1.0 1.0	0.22555 0.08329	0.22555 0.07170	0.18543 0.07170
oolite_dodo_dock_diffuse.png	1.0 1.0	0.22555 0.10591	0.23315 0.09432	0.22555 0.09432
oolite_dodo_dock_diffuse.png	1.0 1.0	0.22559 0.04198	0.22559 0.03039	0.18547 0.03039
oolite_dodo_dock_diffuse.png	1.0 1.0	0.22559 0.06460	0.22559 0.05301	0.18547 0.05301
oolite_dodo_dock_diffuse.png	1.0 1.0	0.02301 0.43076	0.02301 0.00339	0.00737 0.43076
oolite_dodo_dock_diffuse.png	1.0 1.0	0.16166 0.99207	0.17514 0.98888	0.16166 0.78434
oolite_dodo_dock_diffuse.png	1.0 1.0	0.23315 0.10591	0.23315 0.09432	0.22555 0.10591
oolite_dodo_dock_diffuse.png	1.0 1.0	0.16961 0.55916	0.17601 0.56590	0.26450 0.55916
oolite_dodo_dock_diffuse.png	1.0 1.0	0.27070 0.78431	0.25723 0.98888	0.27070 0.99204
oolite_dodo_dock_diffuse.png	1.0 1.0	0.27070 0.78431	0.25723 0.78746	0.25723 0.98888
oolite_dodo_dock_diffuse.png	1.0 1.0	0.26414 0.77410	0.17601 0.76743	0.16923 0.77410
oolite_dodo_dock_diffuse.png	1.0 1.0	0.26414 0.77410	0.25774 0.76743	0.17601 0.76743
oolite_dodo_dock_diffuse.png	1.0 1.0	0.18963 0.28949	0.21471 0.28949	0.21471 0.28388
oolite_dodo_dock_diffuse.png	1.0 1.0	0.19003 0.36597	0.21511 0.36597	0.21511 0.36037
oolite_dodo_dock_diffuse.png	1.0 1.0	0.22580 0.34026	0.22580 0.33450	0.21463 0.33450
oolite_dodo_dock_diffuse.png	1.0 1.0	0.22588 0.38055	0.22588 0.37479	0.21471 0.37479
oolite_dodo_dock_diffuse.png	1.0 1.0	0.17514 0.98888	0.17514 0.78746	0.16166 0.78434
oolite_dodo_dock_diffuse.png	1.0 1.0	0.17601 0.56590	0.25774 0.56590	0.26450 0.55916
oolite_dodo_dock_diffuse.png	1.0 1.0	0.05674 0.98888	0.04327 0.78434	0.05674 0.78746
oolite_dodo_dock_diffuse.png	1.0 1.0	0.05762 0.56590	0.14610 0.55916	0.13934 0.56590
oolite_dodo_dock_diffuse.png	1.0 1.0	0.13883 0.98888	0.15230 0.78431	0.15230 0.99204
oolite_dodo_dock_diffuse.png	1.0 1.0	0.13883 0.78746	0.15230 0.78431	0.13883 0.98888
oolite_dodo_dock_diffuse.png	1.0 1.0	0.02301 0.43076	0.00737 0.43076	0.02301 0.00339
oolite_dodo_dock_diffuse.png	1.0 1.0	0.17570 0.03039	0.18547 0.04198	0.17570 0.04198
oolite_dodo_dock_diffuse.png	1.0 1.0	0.17570 0.03039	0.18547 0.03039	0.18547 0.04198
oolite_dodo_dock_diffuse.png	1.0 1.0	0.17859 0.06810	0.18547 0.06460	0.22857 0.06810
oolite_dodo_dock_diffuse.png	1.0 1.0	0.04327 0.99207	0.04327 0.78434	0.05674 0.98888
oolite_dodo_dock_diffuse.png	1.0 1.0	0.23319 0.04198	0.22559 0.04198	0.23319 0.03039
oolite_dodo_dock_diffuse.png	1.0 1.0	0.22862 0.04952	0.18547 0.05301	0.17864 0.04952
oolite_dodo_dock_diffuse.png	1.0 1.0	0.22862 0.04952	0.22559 0.05301	0.18547 0.05301
oolite_dodo_dock_diffuse.png	1.0 1.0	0.05120 0.55916	0.14610 0.55916	0.05762 0.56590
oolite_dodo_dock_diffuse.png	1.0 1.0	0.18963 0.28949	0.21471 0.28388	0.21471 0.28949
oolite_dodo_dock_diffuse.png	1.0 1.0	0.18963 0.27250	0.21471 0.27812	0.18963 0.27812
oolite_dodo_dock_diffuse.png	1.0 1.0	0.17865 0.32031	0.18984 0.31455	0.18984 0.32031
oolite_dodo_dock_diffuse.png	1.0 1.0	0.17865 0.31455	0.18984 0.31455	0.17865 0.32031
oolite_dodo_dock_diffuse.png	1.0 1.0	0.17884 0.36037	0.19003 0.35461	0.19003 0.36037
oolite_dodo_dock_diffuse.png	1.0 1.0	0.17884 0.35461	0.19003 0.35461	0.17884 0.36037
oolite_dodo_dock_diffuse.png	1.0 1.0	0.17844 0.38055	0.18963 0.37479	0.18963 0.38055
oolite_dodo_dock_diffuse.png	1.0 1.0	0.17844 0.37479	0.18963 0.37479	0.17844 0.38055
oolite_dodo_dock_diffuse.png	1.0 1.0	0.17893 0.40014	0.19012 0.39438	0.19012 0.40014
oolite_dodo_dock_diffuse.png	1.0 1.0	0.17893 0.39438	0.19012 0.39438	0.17893 0.40014
oolite_dodo_dock_diffuse.png	1.0 1.0	0.21471 0.27250	0.21471 0.27812	0.18963 0.27250
oolite_dodo_dock_diffuse.png	1.0 1.0	0.22609 0.32031	0.21491 0.31455	0.22609 0.31455
oolite_dodo_dock_diffuse.png	1.0 1.0	0.22628 0.36037	0.21511 0.35461	0.22628 0.35461
oolite_dodo_dock_diffuse.png	1.0 1.0	0.22588 0.38055	0.21471 0.37479	0.22588 0.37479
oolite_dodo_dock_diffuse.png	1.0 1.0	0.22637 0.40014	0.21520 0.39438	0.22637 0.39438
oolite_dodo_dock_diffuse.png	1.0 1.0	0.18543 0.07170	0.22555 0.08329	0.18543 0.08329
oolite_dodo_dock_diffuse.png	1.0 1.0	0.18543 0.07170	0.22555 0.07170	0.22555 0.08329
oolite_dodo_dock_diffuse.png	1.0 1.0	0.18543 0.09432	0.22555 0.10591	0.18543 0.10591
oolite_dodo_dock_diffuse.png	1.0 1.0	0.18543 0.09432	0.22555 0.09432	0.22555 0.10591
oolite_dodo_dock_diffuse.png	1.0 1.0	0.18547 0.06460	0.22559 0.06460	0.22857 0.06810
oolite_dodo_dock_diffuse.png	1.0 1.0	0.22559 0.04198	0.22559 0.03039	0.23319 0.03039
oolite_dodo_dock_diffuse.png	1.0 1.0	0.28981 0.43822	0.29395 0.43084	0.28176 0.43594
oolite_dodo_dock_diffuse.png	1.0 1.0	0.28981 0.43822	0.29748 0.43515	0.29395 0.43084
oolite_dodo_dock_diffuse.png	1.0 1.0	0.18963 0.28388	0.21471 0.28388	0.18963 0.28949
oolite_dodo_dock_diffuse.png	1.0 1.0	0.19010 0.29592	0.21518 0.30168	0.19010 0.30168
oolite_dodo_dock_diffuse.png	1.0 1.0	0.19010 0.29592	0.21518 0.29592	0.21518 0.30168
oolite_dodo_dock_diffuse.png	1.0 1.0	0.18955 0.33450	0.21463 0.34026	0.18955 0.34026
oolite_dodo_dock_diffuse.png	1.0 1.0	0.18955 0.33450	0.21463 0.33450	0.21463 0.34026
oolite_dodo_dock_diffuse.png	1.0 1.0	0.21491 0.32031	0.21491 0.31455	0.22609 0.32031
oolite_dodo_dock_diffuse.png	1.0 1.0	0.21511 0.36037	0.21511 0.35461	0.22628 0.36037
oolite_dodo_dock_diffuse.png	1.0 1.0	0.21471 0.38055	0.21471 0.37479	0.22588 0.38055
oolite_dodo_dock_diffuse.png	1.0 1.0	0.21520 0.40014	0.21520 0.39438	0.22637 0.40014
oolite_dodo_dock_diffuse.png	1.0 1.0	0.00737 0.43076	0.00737 0.00339	0.02301 0.00339
oolite_dodo_dock_diffuse.png	1.0 1.0	0.04478 0.43716	0.05317 0.47205	0.05317 0.43355
oolite_dodo_dock_diffuse.png	1.0 1.0	0.06428 0.53393	0.16328 0.49038	0.06428 0.49038
oolite_dodo_dock_diffuse.png	1.0 1.0	0.06428 0.53393	0.16328 0.53393	0.16328 0.49038
oolite_dodo_dock_diffuse.png	1.0 1.0	0.04478 0.46846	0.05317 0.47205	0.04478 0.43716
oolite_dodo_dock_diffuse.png	1.0 1.0	0.27070 0.54957	0.27954 0.49661	0.27070 0.50016
oolite_dodo_dock_diffuse.png	1.0 1.0	0.27954 0.55310	0.27954 0.49661	0.27070 0.54957
oolite_dodo_dock_diffuse.png	1.0 1.0	0.56556 0.99460	0.57393 0.65898	0.56556 0.64913
oolite_dodo_dock_diffuse.png	1.0 1.0	0.56556 0.00348	0.57393 0.33933	0.57393 0.00545
oolite_dodo_dock_diffuse.png	1.0 1.0	0.56556 0.34894	0.57393 0.33933	0.56556 0.00348
oolite_dodo_dock_diffuse.png	1.0 1.0	0.57393 0.99283	0.57393 0.65898	0.56556 0.99460
oolite_dodo_dock_diffuse.png	1.0 1.0	0.70206 0.99283	0.71044 0.99460	0.70206 0.65898
oolite_dodo_dock_diffuse.png	1.0 1.0	0.70206 0.33933	0.71044 0.00348	0.70206 0.00545
oolite_dodo_dock_diffuse.png	1.0 1.0	0.70206 0.33933	0.71044 0.34894	0.71044 0.00348
oolite_dodo_dock_diffuse.png	1.0 1.0	0.71044 0.99460	0.71044 0.64913	0.70206 0.65898
oolite_dodo_dock_diffuse.png	1.0 1.0	0.05556 0.43379	0.06406 0.48102	0.06406 0.43747
oolite_dodo_dock_diffuse.png	1.0 1.0	0.05556 0.48476	0.06406 0.48102	0.05556 0.43379
oolite_dodo_dock_diffuse.png	1.0 1.0	0.17416 0.49019	0.18299 0.48666	0.17416 0.43370
oolite_dodo_dock_diffuse.png	1.0 1.0	0.17572 0.49098	0.26996 0.48666	0.18299 0.48666
oolite_dodo_dock_diffuse.png	1.0 1.0	0.17572 0.49098	0.27748 0.49098	0.26996 0.48666
oolite_dodo_dock_diffuse.png	1.0 1.0	0.18299 0.48666	0.18299 0.43726	0.17416 0.43370
oolite_dodo_dock_diffuse.png	1.0 1.0	0.18299 0.43726	0.26996 0.43726	0.17572 0.43295
oolite_dodo_dock_diffuse.png	1.0 1.0	0.01118 0.47835	0.01118 0.50965	0.04528 0.47835
oolite_dodo_dock_diffuse.png	1.0 1.0	0.16306 0.48102	0.17175 0.43378	0.16306 0.43747
oolite_dodo_dock_diffuse.png	1.0 1.0	0.16306 0.48102	0.17175 0.48476	0.17175 0.43378
oolite_dodo_dock_diffuse.png	1.0 1.0	0.26996 0.48666	0.27890 0.43372	0.26996 0.43726
oolite_dodo_dock_diffuse.png	1.0 1.0	0.26996 0.43726	0.27748 0.43295	0.17572 0.43295
oolite_dodo_dock_diffuse.png	1.0 1.0	0.01118 0.50965	0.04528 0.50965	0.04528 0.47835
oolite_dodo_dock_diffuse.png	1.0 1.0	0.27890 0.49021	0.27890 0.43372	0.26996 0.48666
oolite_dodo_dock_diffuse.png	1.0 1.0	0.98206 0.56703	0.98618 0.55985	0.97854 0.56292
oolite_dodo_dock_diffuse.png	1.0 1.0	0.98206 0.56703	0.99423 0.56213	0.98618 0.55985
oolite_dodo_dock_diffuse.png	1.0 1.0	0.28857 0.00339	0.27293 0.43076	0.28857 0.43076
oolite_dodo_dock_diffuse.png	1.0 1.0	0.28857 0.00339	0.27293 0.00339	0.27293 0.43076
oolite_dodo_dock_diffuse.png	1.0 1.0	0.18963 0.28388	0.21471 0.28388	0.18963 0.27812
oolite_dodo_dock_diffuse.png	1.0 1.0	0.19010 0.29592	0.17891 0.30168	0.19010 0.30168
oolite_dodo_dock_diffuse.png	1.0 1.0	0.19010 0.29592	0.17891 0.29592	0.17891 0.30168
oolite_dodo_dock_diffuse.png	1.0 1.0	0.18984 0.32031	0.18984 0.32591	0.21491 0.32031
oolite_dodo_dock_diffuse.png	1.0 1.0	0.18955 0.34026	0.21463 0.34026	0.18955 0.33450
oolite_dodo_dock_diffuse.png	1.0 1.0	0.19003 0.36037	0.21511 0.36037	0.19003 0.35461
oolite_dodo_dock_diffuse.png	1.0 1.0	0.18963 0.38055	0.21471 0.38055	0.18963 0.37479
oolite_dodo_dock_diffuse.png	1.0 1.0	0.19012 0.40014	0.19012 0.40574	0.21520 0.40014
oolite_dodo_dock_diffuse.png	1.0 1.0	0.21471 0.28388	0.21471 0.27812	0.18963 0.27812
oolite_dodo_dock_diffuse.png	1.0 1.0	0.21518 0.30168	0.22635 0.30168	0.21518 0.29592
oolite_dodo_dock_diffuse.png	1.0 1.0	0.21491 0.31455	0.18984 0.30893	0.18984 0.31455
oolite_dodo_dock_diffuse.png	1.0 1.0	0.21491 0.31455	0.21491 0.30893	0.18984 0.30893
oolite_dodo_dock_diffuse.png	1.0 1.0	0.21463 0.34026	0.21463 0.33450	0.18955 0.33450
oolite_dodo_dock_diffuse.png	1.0 1.0	0.21511 0.36037	0.21511 0.35461	0.19003 0.35461
oolite_dodo_dock_diffuse.png	1.0 1.0	0.21471 0.38055	0.21471 0.37479	0.18963 0.37479
oolite_dodo_dock_diffuse.png	1.0 1.0	0.21520 0.39438	0.19012 0.38876	0.19012 0.39438
oolite_dodo_dock_diffuse.png	1.0 1.0	0.21520 0.39438	0.21520 0.38876	0.19012 0.38876
oolite_dodo_dock_diffuse.png	1.0 1.0	0.18543 0.08329	0.17566 0.07170	0.17566 0.08329
oolite_dodo_dock_diffuse.png	1.0 1.0	0.18543 0.07170	0.17566 0.07170	0.18543 0.08329
oolite_dodo_dock_diffuse.png	1.0 1.0	0.18543 0.10591	0.22555 0.10591	0.18543 0.09432
oolite_dodo_dock_diffuse.png	1.0 1.0	0.18547 0.04198	0.22857 0.04548	0.22559 0.04198
oolite_dodo_dock_diffuse.png	1.0 1.0	0.18547 0.03039	0.22862 0.02690	0.17864 0.02690
oolite_dodo_dock_diffuse.png	1.0 1.0	0.18547 0.06460	0.17570 0.05301	0.17570 0.06460
oolite_dodo_dock_diffuse.png	1.0 1.0	0.18547 0.05301	0.17570 0.05301	0.18547 0.06460
oolite_dodo_dock_diffuse.png	1.0 1.0	0.22555 0.08329	0.23315 0.07170	0.22555 0.07170
oolite_dodo_dock_diffuse.png	1.0 1.0	0.22555 0.10591	0.22555 0.09432	0.18543 0.09432
oolite_dodo_dock_diffuse.png	1.0 1.0	0.22559 0.03039	0.22862 0.02690	0.18547 0.03039
oolite_dodo_dock_diffuse.png	1.0 1.0	0.22559 0.06460	0.23319 0.05301	0.22559 0.05301
oolite_dodo_dock_diffuse.png	1.0 1.0	0.17859 0.04548	0.22857 0.04548	0.18547 0.04198
oolite_dodo_dock_diffuse.png	1.0 1.0	0.23315 0.08329	0.23315 0.07170	0.22555 0.08329
oolite_dodo_dock_diffuse.png	1.0 1.0	0.16870 0.78072	0.17514 0.78746	0.26360 0.78072
oolite_dodo_dock_diffuse.png	1.0 1.0	0.16253 0.77050	0.17601 0.56590	0.16253 0.56277
oolite_dodo_dock_diffuse.png	1.0 1.0	0.23319 0.06460	0.23319 0.05301	0.22559 0.06460
oolite_dodo_dock_diffuse.png	1.0 1.0	0.26360 0.99564	0.17514 0.98888	0.16870 0.99564
oolite_dodo_dock_diffuse.png	1.0 1.0	0.26360 0.99564	0.25723 0.98888	0.17514 0.98888
oolite_dodo_dock_diffuse.png	1.0 1.0	0.27122 0.77060	0.25774 0.56590	0.25774 0.76743
oolite_dodo_dock_diffuse.png	1.0 1.0	0.27122 0.56286	0.25774 0.56590	0.27122 0.77060
oolite_dodo_dock_diffuse.png	1.0 1.0	0.18984 0.32591	0.21491 0.32591	0.21491 0.32031
oolite_dodo_dock_diffuse.png	1.0 1.0	0.19012 0.40574	0.21520 0.40574	0.21520 0.40014
oolite_dodo_dock_diffuse.png	1.0 1.0	0.22635 0.30168	0.22635 0.29592	0.21518 0.29592
oolite_dodo_dock_diffuse.png	1.0 1.0	0.17514 0.78746	0.25723 0.78746	0.26360 0.78072
oolite_dodo_dock_diffuse.png	1.0 1.0	0.17601 0.76743	0.17601 0.56590	0.16253 0.77050
oolite_dodo_dock_diffuse.png	1.0 1.0	0.05674 0.98888	0.13883 0.78746	0.13883 0.98888
oolite_dodo_dock_diffuse.png	1.0 1.0	0.05674 0.78746	0.13883 0.78746	0.05674 0.98888
oolite_dodo_dock_diffuse.png	1.0 1.0	0.05762 0.76743	0.04414 0.77050	0.05762 0.56590
oolite_dodo_dock_diffuse.png	1.0 1.0	0.13934 0.56590	0.15281 0.77060	0.13934 0.76743
oolite_dodo_dock_diffuse.png	1.0 1.0	0.13934 0.56590	0.15281 0.56286	0.15281 0.77060
oolite_dodo_dock_diffuse.png	1.0 1.0	0.17566 0.07170	0.18543 0.08329	0.17566 0.08329
oolite_dodo_dock_diffuse.png	1.0 1.0	0.17566 0.07170	0.18543 0.07170	0.18543 0.08329
oolite_dodo_dock_diffuse.png	1.0 1.0	0.17566 0.09432	0.18543 0.10591	0.17566 0.10591
oolite_dodo_dock_diffuse.png	1.0 1.0	0.17566 0.09432	0.18543 0.09432	0.18543 0.10591
oolite_dodo_dock_diffuse.png	1.0 1.0	0.17859 0.04548	0.18547 0.04198	0.22857 0.04548
oolite_dodo_dock_diffuse.png	1.0 1.0	0.17570 0.05301	0.18547 0.06460	0.17570 0.06460
oolite_dodo_dock_diffuse.png	1.0 1.0	0.17570 0.05301	0.18547 0.05301	0.18547 0.06460
oolite_dodo_dock_diffuse.png	1.0 1.0	0.23315 0.08329	0.22555 0.08329	0.23315 0.07170
oolite_dodo_dock_diffuse.png	1.0 1.0	0.23315 0.10591	0.22555 0.10591	0.23315 0.09432
oolite_dodo_dock_diffuse.png	1.0 1.0	0.04414 0.77050	0.04414 0.56277	0.05762 0.56590
oolite_dodo_dock_diffuse.png	1.0 1.0	0.22862 0.02690	0.18547 0.03039	0.17864 0.02690
oolite_dodo_dock_diffuse.png	1.0 1.0	0.22862 0.02690	0.22559 0.03039	0.18547 0.03039
oolite_dodo_dock_diffuse.png	1.0 1.0	0.23319 0.06460	0.22559 0.06460	0.23319 0.05301
oolite_dodo_dock_diffuse.png	1.0 1.0	0.17844 0.28388	0.18963 0.27812	0.18963 0.28388
oolite_dodo_dock_diffuse.png	1.0 1.0	0.17844 0.27812	0.18963 0.27812	0.17844 0.28388
oolite_dodo_dock_diffuse.png	1.0 1.0	0.19010 0.30729	0.21518 0.30168	0.21518 0.30729
oolite_dodo_dock_diffuse.png	1.0 1.0	0.19010 0.29030	0.21518 0.29592	0.19010 0.29592
oolite_dodo_dock_diffuse.png	1.0 1.0	0.18984 0.32591	0.21491 0.32031	0.21491 0.32591
oolite_dodo_dock_diffuse.png	1.0 1.0	0.18984 0.30893	0.21491 0.31455	0.18984 0.31455
oolite_dodo_dock_diffuse.png	1.0 1.0	0.17836 0.34026	0.18955 0.33450	0.18955 0.34026
oolite_dodo_dock_diffuse.png	1.0 1.0	0.17836 0.33450	0.18955 0.33450	0.17836 0.34026
oolite_dodo_dock_diffuse.png	1.0 1.0	0.18963 0.38616	0.21471 0.38055	0.21471 0.38616
oolite_dodo_dock_diffuse.png	1.0 1.0	0.18963 0.36917	0.21471 0.37479	0.18963 0.37479
oolite_dodo_dock_diffuse.png	1.0 1.0	0.19012 0.40574	0.21520 0.40014	0.21520 0.40574
oolite_dodo_dock_diffuse.png	1.0 1.0	0.19012 0.38876	0.21520 0.39438	0.19012 0.39438
oolite_dodo_dock_diffuse.png	1.0 1.0	0.22588 0.28388	0.21471 0.27812	0.22588 0.27812
oolite_dodo_dock_diffuse.png	1.0 1.0	0.21518 0.29030	0.21518 0.29592	0.19010 0.29030
oolite_dodo_dock_diffuse.png	1.0 1.0	0.21491 0.30893	0.21491 0.31455	0.18984 0.30893
oolite_dodo_dock_diffuse.png	1.0 1.0	0.22580 0.34026	0.21463 0.33450	0.22580 0.33450
oolite_dodo_dock_diffuse.png	1.0 1.0	0.21471 0.36917	0.21471 0.37479	0.18963 0.36917
oolite_dodo_dock_diffuse.png	1.0 1.0	0.21520 0.38876	0.21520 0.39438	0.19012 0.38876
oolite_dodo_dock_diffuse.png	1.0 1.0	0.18547 0.04198	0.22559 0.04198	0.22857 0.04548
oolite_dodo_dock_diffuse.png	1.0 1.0	0.22555 0.08329	0.22555 0.07170	0.23315 0.07170
oolite_dodo_dock_diffuse.png	1.0 1.0	0.22555 0.10591	0.22555 0.09432	0.23315 0.09432
oolite_dodo_dock_diffuse.png	1.0 1.0	0.22559 0.06460	0.22559 0.05301	0.23319 0.05301
oolite_dodo_dock_diffuse.png	1.0 1.0	0.19010 0.30168	0.21518 0.30168	0.19010 0.30729
oolite_dodo_dock_diffuse.png	1.0 1.0	0.18984 0.32031	0.21491 0.32031	0.18984 0.32591
oolite_dodo_dock_diffuse.png	1.0 1.0	0.19003 0.35461	0.21511 0.36037	0.19003 0.36037
oolite_dodo_dock_diffuse.png	1.0 1.0	0.19003 0.35461	0.21511 0.35461	0.21511 0.36037
oolite_dodo_dock_diffuse.png	1.0 1.0	0.18963 0.38055	0.21471 0.38055	0.18963 0.38616
oolite_dodo_dock_diffuse.png	1.0 1.0	0.19012 0.40014	0.21520 0.40014	0.19012 0.40574
oolite_dodo_dock_diffuse.png	1.0 1.0	0.21471 0.28388	0.21471 0.27812	0.22588 0.28388
oolite_dodo_dock_diffuse.png	1.0 1.0	0.21463 0.34026	0.21463 0.33450	0.22580 0.34026
oolite_dodo_dock_diffuse.png	1.0 1.0	0.29501 0.56723	0.98098 0.56723	0.29746 0.56292
oolite_dodo_dock_diffuse.png	1.0 1.0	0.29746 0.56292	0.98098 0.56723	0.97854 0.56292
oolite_dodo_dock_diffuse.png	1.0 1.0	0.29748 0.43515	0.98099 0.43084	0.29501 0.43084
oolite_dodo_dock_diffuse.png	1.0 1.0	0.00380 0.43283	0.04478 0.43716	0.05164 0.43283
oolite_dodo_dock_diffuse.png	1.0 1.0	0.05718 0.53841	0.16328 0.53393	0.06428 0.53393
oolite_dodo_dock_diffuse.png	1.0 1.0	0.05718 0.53841	0.17039 0.53841	0.16328 0.53393
oolite_dodo_dock_diffuse.png	1.0 1.0	0.18375 0.50016	0.27798 0.49585	0.17623 0.49585
oolite_dodo_dock_diffuse.png	1.0 1.0	0.01067 0.43716	0.04478 0.43716	0.00380 0.43283
oolite_dodo_dock_diffuse.png	1.0 1.0	0.06428 0.49038	0.16328 0.49038	0.05713 0.48596
oolite_dodo_dock_diffuse.png	1.0 1.0	0.27070 0.50016	0.27798 0.49585	0.18375 0.50016
oolite_dodo_dock_diffuse.png	1.0 1.0	0.16328 0.49038	0.17033 0.48596	0.05713 0.48596
oolite_dodo_dock_diffuse.png	1.0 1.0	0.57393 0.65898	0.71044 0.64913	0.56556 0.64913
oolite_dodo_dock_diffuse.png	1.0 1.0	0.57393 0.00547	0.70206 0.33933	0.70206 0.00547
oolite_dodo_dock_diffuse.png	1.0 1.0	0.57393 0.33933	0.70206 0.33933	0.57393 0.00547
oolite_dodo_dock_diffuse.png	1.0 1.0	0.70206 0.65898	0.71044 0.64913	0.57393 0.65898
oolite_dodo_dock_diffuse.png	1.0 1.0	0.05696 0.48550	0.17016 0.48550	0.06406 0.48102
oolite_dodo_dock_diffuse.png	1.0 1.0	0.06406 0.43747	0.17021 0.43305	0.05701 0.43305
oolite_dodo_dock_diffuse.png	1.0 1.0	0.06406 0.48102	0.17016 0.48550	0.16306 0.48102
oolite_dodo_dock_diffuse.png	1.0 1.0	0.16306 0.43747	0.17021 0.43305	0.06406 0.43747
oolite_dodo_dock_diffuse.png	1.0 1.0	0.97851 0.43515	0.98099 0.43084	0.29748 0.43515
oolite_dodo_dock_diffuse.png	1.0 1.0	0.18963 0.27812	0.17844 0.28388	0.18963 0.28388
oolite_dodo_dock_diffuse.png	1.0 1.0	0.18963 0.27812	0.17844 0.27812	0.17844 0.28388
oolite_dodo_dock_diffuse.png	1.0 1.0	0.19010 0.30168	0.19010 0.30729	0.21518 0.30168
oolite_dodo_dock_diffuse.png	1.0 1.0	0.18984 0.31455	0.17865 0.32031	0.18984 0.32031
oolite_dodo_dock_diffuse.png	1.0 1.0	0.18984 0.31455	0.17865 0.31455	0.17865 0.32031
oolite_dodo_dock_diffuse.png	1.0 1.0	0.18955 0.34026	0.18955 0.34586	0.21463 0.34026
oolite_dodo_dock_diffuse.png	1.0 1.0	0.19003 0.35461	0.17884 0.36037	0.19003 0.36037
oolite_dodo_dock_diffuse.png	1.0 1.0	0.19003 0.35461	0.17884 0.35461	0.17884 0.36037
oolite_dodo_dock_diffuse.png	1.0 1.0	0.18963 0.38055	0.18963 0.38616	0.21471 0.38055
oolite_dodo_dock_diffuse.png	1.0 1.0	0.19012 0.39438	0.17893 0.40014	0.19012 0.40014
oolite_dodo_dock_diffuse.png	1.0 1.0	0.19012 0.39438	0.17893 0.39438	0.17893 0.40014
oolite_dodo_dock_diffuse.png	1.0 1.0	0.21471 0.28388	0.22588 0.28388	0.21471 0.27812
oolite_dodo_dock_diffuse.png	1.0 1.0	0.21518 0.29592	0.19010 0.29030	0.19010 0.29592
oolite_dodo_dock_diffuse.png	1.0 1.0	0.21518 0.29592	0.21518 0.29030	0.19010 0.29030
oolite_dodo_dock_diffuse.png	1.0 1.0	0.21491 0.32031	0.22609 0.32031	0.21491 0.31455
oolite_dodo_dock_diffuse.png	1.0 1.0	0.21463 0.33450	0.18955 0.32888	0.18955 0.33450
oolite_dodo_dock_diffuse.png	1.0 1.0	0.21463 0.33450	0.21463 0.32888	0.18955 0.32888
oolite_dodo_dock_diffuse.png	1.0 1.0	0.21511 0.36037	0.22628 0.36037	0.21511 0.35461
oolite_dodo_dock_diffuse.png	1.0 1.0	0.21471 0.37479	0.18963 0.36917	0.18963 0.37479
oolite_dodo_dock_diffuse.png	1.0 1.0	0.21471 0.37479	0.21471 0.36917	0.18963 0.36917
oolite_dodo_dock_diffuse.png	1.0 1.0	0.21520 0.40014	0.22637 0.40014	0.21520 0.39438
oolite_dodo_dock_diffuse.png	1.0 1.0	0.98618 0.55985	0.99479 0.43654	0.98618 0.43822
oolite_dodo_dock_diffuse.png	1.0 1.0	0.18543 0.08329	0.22853 0.08679	0.22555 0.08329
oolite_dodo_dock_diffuse.png	1.0 1.0	0.18543 0.07170	0.22859 0.06821	0.17860 0.06821
oolite_dodo_dock_diffuse.png	1.0 1.0	0.18543 0.10591	0.22853 0.10941	0.22555 0.10591
oolite_dodo_dock_diffuse.png	1.0 1.0	0.18543 0.09432	0.22859 0.09083	0.17860 0.09083
oolite_dodo_dock_diffuse.png	1.0 1.0	0.18547 0.04198	0.17570 0.03039	0.17570 0.04198
oolite_dodo_dock_diffuse.png	1.0 1.0	0.18547 0.03039	0.17570 0.03039	0.18547 0.04198
oolite_dodo_dock_diffuse.png	1.0 1.0	0.18547 0.06460	0.22857 0.06810	0.22559 0.06460
oolite_dodo_dock_diffuse.png	1.0 1.0	0.18547 0.05301	0.22862 0.04952	0.17864 0.04952
oolite_dodo_dock_diffuse.png	1.0 1.0	0.22555 0.07170	0.22859 0.06821	0.18543 0.07170
oolite_dodo_dock_diffuse.png	1.0 1.0	0.22555 0.09432	0.22859 0.09083	0.18543 0.09432
oolite_dodo_dock_diffuse.png	1.0 1.0	0.22559 0.04198	0.23319 0.03039	0.22559 0.03039
oolite_dodo_dock_diffuse.png	1.0 1.0	0.22559 0.05301	0.22862 0.04952	0.18547 0.05301
oolite_dodo_dock_diffuse.png	1.0 1.0	0.02301 0.43076	0.17249 0.00339	0.02301 0.00339
oolite_dodo_dock_diffuse.png	1.0 1.0	0.99479 0.56154	0.99479 0.43654	0.98618 0.55985
oolite_dodo_dock_diffuse.png	1.0 1.0	0.17855 0.08679	0.22853 0.08679	0.18543 0.08329
oolite_dodo_dock_diffuse.png	1.0 1.0	0.17855 0.10941	0.22853 0.10941	0.18543 0.10591
oolite_dodo_dock_diffuse.png	1.0 1.0	0.17859 0.06810	0.22857 0.06810	0.18547 0.06460
oolite_dodo_dock_diffuse.png	1.0 1.0	0.17249 0.43076	0.17249 0.00339	0.02301 0.43076
oolite_dodo_dock_diffuse.png	1.0 1.0	0.17249 0.43076	0.23506 0.40753	0.17249 0.40753
oolite_dodo_dock_diffuse.png	1.0 1.0	0.17249 0.27043	0.23506 0.16325	0.17249 0.16325
oolite_dodo_dock_diffuse.png	1.0 1.0	0.23319 0.04198	0.23319 0.03039	0.22559 0.04198
oolite_dodo_dock_diffuse.png	1.0 1.0	0.23506 0.43076	0.23506 0.40753	0.17249 0.43076
oolite_dodo_dock_diffuse.png	1.0 1.0	0.23506 0.43076	0.27293 0.00339	0.23506 0.00339
oolite_dodo_dock_diffuse.png	1.0 1.0	0.23506 0.27043	0.23506 0.16325	0.17249 0.27043
oolite_dodo_dock_diffuse.png	1.0 1.0	0.23506 0.02609	0.17249 0.00339	0.17249 0.02609
oolite_dodo_dock_diffuse.png	1.0 1.0	0.23506 0.00339	0.17249 0.00339	0.23506 0.02609
oolite_dodo_dock_diffuse.png	1.0 1.0	0.19010 0.30729	0.21518 0.30729	0.21518 0.30168
oolite_dodo_dock_diffuse.png	1.0 1.0	0.18955 0.34586	0.21463 0.34586	0.21463 0.34026
oolite_dodo_dock_diffuse.png	1.0 1.0	0.18963 0.38616	0.21471 0.38616	0.21471 0.38055
oolite_dodo_dock_diffuse.png	1.0 1.0	0.22588 0.28388	0.22588 0.27812	0.21471 0.27812
oolite_dodo_dock_diffuse.png	1.0 1.0	0.22609 0.32031	0.22609 0.31455	0.21491 0.31455
oolite_dodo_dock_diffuse.png	1.0 1.0	0.22628 0.36037	0.22628 0.35461	0.21511 0.35461
oolite_dodo_dock_diffuse.png	1.0 1.0	0.22637 0.40014	0.22637 0.39438	0.21520 0.39438
oolite_dodo_dock_diffuse.png	1.0 1.0	0.27293 0.43076	0.27293 0.00339	0.23506 0.43076
oolite_dodo_dock_diffuse.png	1.0 1.0	0.17514 0.98888	0.25723 0.78746	0.17514 0.78746
oolite_dodo_dock_diffuse.png	1.0 1.0	0.17601 0.76743	0.25774 0.56590	0.17601 0.56590
oolite_dodo_dock_diffuse.png	1.0 1.0	0.25723 0.98888	0.25723 0.78746	0.17514 0.98888
oolite_dodo_dock_diffuse.png	1.0 1.0	0.25774 0.76743	0.25774 0.56590	0.17601 0.76743
oolite_dodo_dock_diffuse.png	1.0 1.0	0.28981 0.55985	0.29746 0.56292	0.28981 0.43822
oolite_dodo_dock_diffuse.png	1.0 1.0	0.28981 0.43822	0.97854 0.56292	0.29748 0.43515
oolite_dodo_dock_diffuse.png	1.0 1.0	0.29746 0.56292	0.97854 0.56292	0.28981 0.43822
oolite_dodo_dock_diffuse.png	1.0 1.0	0.17480 0.55311	0.18375 0.54957	0.17480 0.49662
oolite_dodo_dock_diffuse.png	1.0 1.0	0.17623 0.55389	0.27798 0.55389	0.18375 0.54957
oolite_dodo_dock_diffuse.png	1.0 1.0	0.00229 0.43356	0.00229 0.47205	0.01067 0.43716
oolite_dodo_dock_diffuse.png	1.0 1.0	0.18375 0.54957	0.18375 0.50016	0.17480 0.49662
oolite_dodo_dock_diffuse.png	1.0 1.0	0.18375 0.54957	0.27798 0.55389	0.27070 0.54957
oolite_dodo_dock_diffuse.png	1.0 1.0	0.01067 0.43716	0.00229 0.47205	0.01067 0.46846
oolite_dodo_dock_diffuse.png	1.0 1.0	0.01067 0.46846	0.00381 0.47274	0.04478 0.46846
oolite_dodo_dock_diffuse.png	1.0 1.0	0.00381 0.47274	0.05166 0.47274	0.04478 0.46846
oolite_dodo_dock_diffuse.png	1.0 1.0	0.97854 0.56292	0.97851 0.43515	0.29748 0.43515
oolite_dodo_dock_diffuse.png	1.0 1.0	0.97854 0.56292	0.98618 0.55985	0.97851 0.43515
oolite_dodo_dock_diffuse.png	1.0 1.0	0.98618 0.55985	0.98618 0.43822	0.97851 0.43515
oolite_dodo_dock_diffuse.png	1.0 1.0	0.05762 0.76743	0.14574 0.77410	0.05083 0.77410
oolite_dodo_dock_diffuse.png	1.0 1.0	0.13934 0.76743	0.14574 0.77410	0.05762 0.76743
oolite_dodo_dock_diffuse.png	1.0 1.0	0.02301 0.43076	0.17249 0.00339	0.17249 0.43076
oolite_dodo_dock_diffuse.png	1.0 1.0	0.28120 0.56154	0.28981 0.55985	0.28120 0.43654
oolite_dodo_dock_diffuse.png	1.0 1.0	0.02301 0.00339	0.17249 0.00339	0.02301 0.43076
oolite_dodo_dock_diffuse.png	1.0 1.0	0.17249 0.43076	0.23506 0.40753	0.23506 0.43076
oolite_dodo_dock_diffuse.png	1.0 1.0	0.17249 0.40753	0.23506 0.40753	0.17249 0.43076
oolite_dodo_dock_diffuse.png	1.0 1.0	0.17249 0.00339	0.23506 0.02609	0.17249 0.02609
oolite_dodo_dock_diffuse.png	1.0 1.0	0.17249 0.00339	0.23506 0.00339	0.23506 0.02609
oolite_dodo_dock_diffuse.png	1.0 1.0	0.17249 0.16325	0.23506 0.27043	0.17249 0.27043
oolite_dodo_dock_diffuse.png	1.0 1.0	0.17249 0.16325	0.23506 0.16325	0.23506 0.27043
oolite_dodo_dock_diffuse.png	1.0 1.0	0.23506 0.43076	0.27293 0.00339	0.27293 0.43076
oolite_dodo_dock_diffuse.png	1.0 1.0	0.23506 0.00339	0.27293 0.00339	0.23506 0.43076
oolite_dodo_dock_diffuse.png	1.0 1.0	0.28981 0.55985	0.28981 0.43822	0.28120 0.43654
oolite_dodo_dock_diffuse.png	1.0 1.0	0.29501 0.99460	0.30989 0.85161	0.29501 0.56723
oolite_dodo_dock_diffuse.png	1.0 1.0	0.29501 0.99460	0.40478 0.94932	0.30989 0.94932
oolite_dodo_dock_diffuse.png	1.0 1.0	0.29501 0.99460	0.56556 0.99460	0.40478 0.94932
oolite_dodo_dock_diffuse.png	1.0 1.0	0.29501 0.43084	0.31530 0.29148	0.29501 0.00348
oolite_dodo_dock_diffuse.png	1.0 1.0	0.29501 0.43084	0.31530 0.33892	0.31530 0.29148
oolite_dodo_dock_diffuse.png	1.0 1.0	0.29501 0.43084	0.42065 0.33892	0.31530 0.33892
oolite_dodo_dock_diffuse.png	1.0 1.0	0.29501 0.43084	0.56556 0.34894	0.42065 0.33892
oolite_dodo_dock_diffuse.png	1.0 1.0	0.29501 0.43084	0.98099 0.43084	0.56556 0.34894
oolite_dodo_dock_diffuse.png	1.0 1.0	0.30989 0.94932	0.30989 0.85161	0.29501 0.99460
oolite_dodo_dock_diffuse.png	1.0 1.0	0.30989 0.89663	0.38393 0.87460	0.30989 0.87460
oolite_dodo_dock_diffuse.png	1.0 1.0	0.30989 0.89663	0.40478 0.89663	0.38393 0.87460
oolite_dodo_dock_diffuse.png	1.0 1.0	0.30989 0.85161	0.56556 0.64913	0.29501 0.56723
oolite_dodo_dock_diffuse.png	1.0 1.0	0.31530 0.29148	0.42065 0.29148	0.29501 0.00348
oolite_dodo_dock_diffuse.png	1.0 1.0	0.38393 0.87460	0.40478 0.89663	0.38393 0.85161
oolite_dodo_dock_diffuse.png	1.0 1.0	0.38393 0.85161	0.56556 0.64913	0.30989 0.85161
oolite_dodo_dock_diffuse.png	1.0 1.0	0.40478 0.94932	0.56556 0.99460	0.40478 0.89663
oolite_dodo_dock_diffuse.png	1.0 1.0	0.40478 0.89663	0.56556 0.64913	0.38393 0.85161
oolite_dodo_dock_diffuse.png	1.0 1.0	0.42065 0.29148	0.56556 0.00348	0.29501 0.00348
oolite_dodo_dock_diffuse.png	1.0 1.0	0.42065 0.29148	0.56556 0.34894	0.56556 0.00348
oolite_dodo_dock_diffuse.png	1.0 1.0	0.42065 0.33892	0.56556 0.34894	0.42065 0.29148
oolite_dodo_dock_diffuse.png	1.0 1.0	0.56556 0.99460	0.56556 0.64913	0.40478 0.89663
oolite_dodo_dock_diffuse.png	1.0 1.0	0.56556 0.64913	0.71044 0.64913	0.29501 0.56723
oolite_dodo_dock_diffuse.png	1.0 1.0	0.56556 0.34894	0.98099 0.43084	0.71044 0.34894
oolite_dodo_dock_diffuse.png	1.0 1.0	0.71044 0.99460	0.87122 0.89663	0.71044 0.64913
oolite_dodo_dock_diffuse.png	1.0 1.0	0.71044 0.99460	0.98098 0.99460	0.87122 0.94932
oolite_dodo_dock_diffuse.png	1.0 1.0	0.71044 0.64913	0.98098 0.56723	0.29501 0.56723
oolite_dodo_dock_diffuse.png	1.0 1.0	0.71044 0.34894	0.85535 0.29148	0.71044 0.00348
oolite_dodo_dock_diffuse.png	1.0 1.0	0.71044 0.34894	0.85535 0.33892	0.85535 0.29148
oolite_dodo_dock_diffuse.png	1.0 1.0	0.71044 0.34894	0.98099 0.43084	0.85535 0.33892
oolite_dodo_dock_diffuse.png	1.0 1.0	0.85535 0.29148	0.98099 0.00348	0.71044 0.00348
oolite_dodo_dock_diffuse.png	1.0 1.0	0.85535 0.33892	0.98099 0.43084	0.96069 0.33892
oolite_dodo_dock_diffuse.png	1.0 1.0	0.87122 0.94932	0.87122 0.89663	0.71044 0.99460
oolite_dodo_dock_diffuse.png	1.0 1.0	0.87122 0.94932	0.98098 0.99460	0.96610 0.94932
oolite_dodo_dock_diffuse.png	1.0 1.0	0.87122 0.89663	0.89206 0.85161	0.71044 0.64913
oolite_dodo_dock_diffuse.png	1.0 1.0	0.87122 0.89663	0.96610 0.89663	0.89206 0.87460
oolite_dodo_dock_diffuse.png	1.0 1.0	0.89206 0.87460	0.89206 0.85161	0.87122 0.89663
oolite_dodo_dock_diffuse.png	1.0 1.0	0.89206 0.85161	0.96610 0.85161	0.71044 0.64913
oolite_dodo_dock_diffuse.png	1.0 1.0	0.96069 0.29148	0.98099 0.00348	0.85535 0.29148
oolite_dodo_dock_diffuse.png	1.0 1.0	0.96069 0.29148	0.98099 0.43084	0.98099 0.00348
oolite_dodo_dock_diffuse.png	1.0 1.0	0.96069 0.33892	0.98099 0.43084	0.96069 0.29148
oolite_dodo_dock_diffuse.png	1.0 1.0	0.96610 0.94932	0.98098 0.99460	0.96610 0.85161
oolite_dodo_dock_diffuse.png	1.0 1.0	0.96610 0.89663	0.96610 0.87460	0.89206 0.87460
oolite_dodo_dock_diffuse.png	1.0 1.0	0.96610 0.85161	0.98098 0.56723	0.71044 0.64913
oolite_dodo_dock_diffuse.png	1.0 1.0	0.98098 0.99460	0.98098 0.56723	0.96610 0.85161

END
