// output from Obj2DatTex.py Wavefront text file conversion script
// (c) 2005 By Giles Williams
// 
// original file: "diamonds.obj"
// 
// model size: 1000.000 x 1000.000 x 995.918
// 
// textures used: ['oolite_coriolis_diffuse.png']
// 
NVERTS 48
NFACES 50

VERTEX
500.00000, -492.92900, 0.00000
500.00000, 0.00000, 492.92900
500.00000, 0.00000, -492.92900
500.00000, 492.92900, 0.00000
495.91800, -495.91800, 8.16497
495.91800, -495.91800, -8.16497
495.91800, -8.16497, 495.91800
495.91800, -8.16497, -495.91800
495.91800, 8.16497, 495.91800
495.91800, 8.16497, -495.91800
495.91800, 495.91800, 8.16497
495.91800, 495.91800, -8.16497
492.92900, -500.00000, 0.00000
492.92900, 0.00000, -500.00000
492.92900, 500.00000, 0.00000
8.16497, -495.91800, 495.91800
8.16497, -495.91800, -495.91800
8.16497, 495.91800, 495.91800
8.16497, 495.91800, -495.91800
-0.00000, -500.00000, 492.92900
-0.00000, -500.00000, -492.92900
-0.00000, -492.92900, -500.00000
-0.00000, 492.92900, -500.00000
-0.00000, 500.00000, 492.92900
-0.00000, 500.00000, -492.92900
-8.16497, -495.91800, 495.91800
-8.16497, -495.91800, -495.91800
-8.16497, 495.91800, 495.91800
-8.16497, 495.91800, -495.91800
-492.92900, -500.00000, 0.00000
-492.92900, 0.00000, -500.00000
-492.92900, 500.00000, 0.00000
-495.91800, -495.91800, 8.16497
-495.91800, -495.91800, -8.16497
-495.91800, -8.16497, 495.91800
-495.91800, -8.16497, -495.91800
-495.91800, 8.16497, 495.91800
-495.91800, 8.16497, -495.91800
-495.91800, 495.91800, 8.16497
-495.91800, 495.91800, -8.16497
-500.00000, -492.92900, 0.00000
-500.00000, 0.00000, 492.92900
-500.00000, 0.00000, -492.92900
-500.00000, 492.92900, 0.00000
495.91800, -495.91800, -8.16497
495.91800, 495.91800, 8.16497
8.16497, 495.91800, -495.91800
-495.91800, -8.16497, -495.91800

FACES
1,0,0,	0.88810,-0.32502,0.32502,	3,	0,6,1
1,0,0,	1.00000,-0.00000,0.00000,	3,	1,3,2
1,0,0,	0.88810,0.32502,-0.32502,	3,	3,11,9
1,0,0,	0.32502,0.32502,-0.88810,	3,	9,18,13
1,0,0,	0.32502,-0.88810,0.32502,	3,	12,19,15
1,0,0,	0.32502,-0.32502,-0.88810,	3,	13,16,7
1,0,0,	-0.00000,-0.00000,-1.00000,	3,	13,22,21
1,0,0,	0.32502,-0.88810,-0.32502,	3,	16,20,5
1,0,0,	0.32502,0.88810,0.32502,	3,	17,23,10
1,0,0,	-0.00000,-1.00000,0.00000,	3,	20,29,12
1,0,0,	-0.32502,0.32502,-0.88810,	3,	22,37,30
1,0,0,	-0.00000,1.00000,0.00000,	3,	23,31,14
1,0,0,	-0.32502,0.88810,-0.32502,	3,	24,31,28
1,0,0,	-0.32502,-0.88810,-0.32502,	3,	26,33,20
1,0,0,	-0.32502,0.88810,0.32502,	3,	27,38,23
1,0,0,	-0.32502,-0.88810,0.32502,	3,	29,32,25
1,0,0,	-0.88810,-0.32502,-0.32502,	3,	35,40,33
1,0,0,	-0.88810,0.32502,0.32502,	3,	36,43,38
1,0,0,	-0.88810,0.32502,-0.32502,	3,	39,42,37
1,0,0,	-0.88810,-0.32502,0.32502,	3,	40,41,32
1,0,0,	-1.00000,-0.00000,0.00000,	3,	42,43,40
2,0,0,	1.00000,0.00000,0.00000,	3,	1,2,0
2,0,0,	0.88810,0.32502,-0.32502,	3,	3,9,2
2,0,0,	0.88810,-0.32502,0.32502,	3,	4,6,0
2,0,0,	0.32502,-0.88810,-0.32502,	3,	5,20,12
2,0,0,	0.32502,0.88810,0.32502,	3,	10,23,14
2,0,0,	0.32502,-0.88810,0.32502,	3,	12,15,4
2,0,0,	0.32502,-0.32502,-0.88810,	3,	13,21,16
2,0,0,	0.00000,1.00000,0.00000,	3,	14,31,24
2,0,0,	0.32502,0.32502,-0.88810,	3,	18,22,13
2,0,0,	-0.32502,-0.88810,0.32502,	3,	19,29,25
2,0,0,	-0.32502,-0.88810,-0.32502,	3,	20,33,29
2,0,0,	-0.00000,-0.00000,-1.00000,	3,	22,30,21
2,0,0,	-0.32502,0.88810,0.32502,	3,	23,38,31
2,0,0,	-0.32502,0.32502,-0.88810,	3,	28,37,22
2,0,0,	-0.32502,0.88810,-0.32502,	3,	31,39,28
2,0,0,	-0.88810,-0.32502,0.32502,	3,	32,41,34
2,0,0,	-0.88810,-0.32502,-0.32502,	3,	35,42,40
2,0,0,	-0.88810,0.32502,-0.32502,	3,	39,43,42
2,0,0,	-0.88810,0.32502,0.32502,	3,	41,43,36
3,0,0,	0.88810,0.32502,0.32502,	3,	1,45,3
3,0,0,	0.88810,-0.32502,-0.32502,	3,	2,44,0
3,0,0,	0.88810,-0.32502,-0.32502,	3,	7,44,2
3,0,0,	0.88810,0.32502,0.32502,	3,	8,45,1
3,0,0,	-0.00000,-1.00000,0.00000,	3,	12,29,19
3,0,0,	0.32502,0.88810,-0.32502,	3,	14,46,11
3,0,0,	-0.32502,-0.32502,-0.88810,	3,	21,47,26
3,0,0,	0.32502,0.88810,-0.32502,	3,	24,46,14
3,0,0,	-0.32502,-0.32502,-0.88810,	3,	30,47,21
3,0,0,	-1.00000,-0.00000,0.00000,	3,	40,43,41

TEXTURES
oolite_coriolis_diffuse.png	1.0 1.0	0.98746 0.01278	0.01692 0.00000	0.01167 0.01272
oolite_coriolis_diffuse.png	1.0 1.0	0.01182 0.01278	0.01182 0.98840	0.98745 0.98840
oolite_coriolis_diffuse.png	1.0 1.0	0.01182 0.98840	0.01703 1.00000	0.98241 1.00000
oolite_coriolis_diffuse.png	1.0 1.0	0.98247 0.00000	0.01692 0.00000	0.98746 0.01278
oolite_coriolis_diffuse.png	1.0 1.0	0.98746 0.01278	0.98745 0.98840	1.00000 0.98358
oolite_coriolis_diffuse.png	1.0 1.0	0.98746 0.01278	1.00000 0.98358	1.00000 0.01820
oolite_coriolis_diffuse.png	1.0 1.0	0.01182 0.01278	0.01182 0.98840	0.98745 0.01277
oolite_coriolis_diffuse.png	1.0 1.0	0.01692 0.00000	0.01167 0.01272	0.98247 0.00000
oolite_coriolis_diffuse.png	1.0 1.0	0.01692 0.00000	0.01167 0.01272	0.98247 0.00000
oolite_coriolis_diffuse.png	1.0 1.0	0.01182 0.98840	0.98745 0.98840	0.01182 0.01278
oolite_coriolis_diffuse.png	1.0 1.0	0.01178 0.01277	0.00000 0.98319	0.01182 0.98840
oolite_coriolis_diffuse.png	1.0 1.0	0.01182 0.98840	0.98745 0.98840	0.01182 0.01278
oolite_coriolis_diffuse.png	1.0 1.0	0.98745 0.98840	0.01182 0.98840	0.98241 1.00000
oolite_coriolis_diffuse.png	1.0 1.0	0.00000 0.01780	0.00000 0.98319	0.01178 0.01277
oolite_coriolis_diffuse.png	1.0 1.0	0.00000 0.01780	0.00000 0.98319	0.01178 0.01277
oolite_coriolis_diffuse.png	1.0 1.0	0.01182 0.98840	0.01703 1.00000	0.98241 1.00000
oolite_coriolis_diffuse.png	1.0 1.0	0.01692 0.00000	0.98746 0.01278	0.98247 0.00000
oolite_coriolis_diffuse.png	1.0 1.0	0.98241 1.00000	0.01182 0.98840	0.01703 1.00000
oolite_coriolis_diffuse.png	1.0 1.0	0.00000 0.98319	0.01178 0.01277	0.00000 0.01780
oolite_coriolis_diffuse.png	1.0 1.0	0.98746 0.01278	0.98745 0.98840	1.00000 0.01820
oolite_coriolis_diffuse.png	1.0 1.0	0.01182 0.01278	0.01182 0.98840	0.98745 0.01277
oolite_coriolis_diffuse.png	1.0 1.0	0.01182 0.01278	0.98745 0.98840	0.98745 0.01277
oolite_coriolis_diffuse.png	1.0 1.0	0.01182 0.98840	0.98241 1.00000	0.98745 0.98840
oolite_coriolis_diffuse.png	1.0 1.0	0.98247 0.00000	0.01692 0.00000	0.98746 0.01278
oolite_coriolis_diffuse.png	1.0 1.0	0.98247 0.00000	0.01167 0.01272	0.98746 0.01278
oolite_coriolis_diffuse.png	1.0 1.0	0.98247 0.00000	0.01167 0.01272	0.98746 0.01278
oolite_coriolis_diffuse.png	1.0 1.0	0.98746 0.01278	1.00000 0.98358	1.00000 0.01820
oolite_coriolis_diffuse.png	1.0 1.0	0.98746 0.01278	0.98745 0.98840	1.00000 0.98358
oolite_coriolis_diffuse.png	1.0 1.0	0.01182 0.01278	0.98745 0.98840	0.98745 0.01277
oolite_coriolis_diffuse.png	1.0 1.0	0.01692 0.00000	0.01167 0.01272	0.98746 0.01278
oolite_coriolis_diffuse.png	1.0 1.0	0.98745 0.98840	0.01182 0.98840	0.98241 1.00000
oolite_coriolis_diffuse.png	1.0 1.0	0.01178 0.01277	0.00000 0.98319	0.01182 0.98840
oolite_coriolis_diffuse.png	1.0 1.0	0.01182 0.98840	0.98745 0.98840	0.98745 0.01277
oolite_coriolis_diffuse.png	1.0 1.0	0.01178 0.01277	0.00000 0.98319	0.01182 0.98840
oolite_coriolis_diffuse.png	1.0 1.0	0.00000 0.01780	0.00000 0.98319	0.01178 0.01277
oolite_coriolis_diffuse.png	1.0 1.0	0.01182 0.98840	0.01703 1.00000	0.98241 1.00000
oolite_coriolis_diffuse.png	1.0 1.0	1.00000 0.01820	0.98745 0.98840	1.00000 0.98358
oolite_coriolis_diffuse.png	1.0 1.0	0.01692 0.00000	0.01167 0.01272	0.98746 0.01278
oolite_coriolis_diffuse.png	1.0 1.0	0.00000 0.98319	0.01182 0.98840	0.01178 0.01277
oolite_coriolis_diffuse.png	1.0 1.0	0.98745 0.98840	0.01182 0.98840	0.98241 1.00000
oolite_coriolis_diffuse.png	1.0 1.0	0.01178 0.01277	0.00000 0.98319	0.01182 0.98840
oolite_coriolis_diffuse.png	1.0 1.0	0.98745 0.98840	1.00000 0.01820	0.98746 0.01278
oolite_coriolis_diffuse.png	1.0 1.0	1.00000 0.98358	1.00000 0.01820	0.98745 0.98840
oolite_coriolis_diffuse.png	1.0 1.0	0.00000 0.01780	0.00000 0.98319	0.01178 0.01277
oolite_coriolis_diffuse.png	1.0 1.0	0.01182 0.01278	0.98745 0.98840	0.98745 0.01277
oolite_coriolis_diffuse.png	1.0 1.0	0.98746 0.01278	1.00000 0.98358	1.00000 0.01820
oolite_coriolis_diffuse.png	1.0 1.0	0.98745 0.98840	0.01703 1.00000	0.98241 1.00000
oolite_coriolis_diffuse.png	1.0 1.0	0.98745 0.98840	1.00000 0.98358	0.98746 0.01278
oolite_coriolis_diffuse.png	1.0 1.0	0.01182 0.98840	0.01703 1.00000	0.98745 0.98840
oolite_coriolis_diffuse.png	1.0 1.0	0.98745 0.01277	0.01182 0.98840	0.98745 0.98840

END
