// output from Obj2DatTex.py Wavefront text file conversion script
// (c) 2005 By Giles Williams
// 
// original file: "Hull.obj"
// 
// model size: 1286.006 x 1286.006 x 1278.767
// 
// textures used: ['oolite_ico_hull_diffuse.png']
// 
NVERTS 58
NFACES 102

VERTEX
643.00300, -7.23903, 385.66300
643.00300, -7.23903, -385.66300
643.00300, 7.23903, 385.66300
643.00300, 7.23903, -385.66300
635.76400, -11.71290, 397.37700
635.76400, -11.71290, -397.37700
635.76400, 11.71290, 397.37700
635.76400, 11.71290, -397.37700
631.29000, 0.00000, -404.61600
523.81000, 319.26400, -192.83200
404.61600, -631.29000, 0.00000
404.61600, 631.29000, 0.00000
397.37700, -635.76400, 11.71290
397.37700, -635.76400, -11.71290
397.37700, 635.76400, 11.71290
397.37700, 635.76400, -11.71290
385.66300, -643.00300, 7.23903
385.66300, -643.00300, -7.23903
385.66300, 643.00300, 7.23903
385.66300, 643.00300, -7.23903
11.71290, -397.37700, 635.76400
11.71290, -397.37700, -635.76400
11.71290, 397.37700, 635.76400
11.71290, 397.37700, -635.76400
7.23903, -385.66300, -643.00300
7.23903, 385.66300, -643.00300
-0.00000, -404.61600, 631.29000
-0.00000, -404.61600, -631.29000
-0.00000, 404.61600, 631.29000
-0.00000, 404.61600, -631.29000
-7.23903, -385.66300, -643.00300
-7.23903, 385.66300, -643.00300
-11.71290, -397.37700, 635.76400
-11.71290, -397.37700, -635.76400
-11.71290, 397.37700, 635.76400
-11.71290, 397.37700, -635.76400
-319.26400, 192.83200, -523.81000
-385.66300, -643.00300, 7.23903
-385.66300, -643.00300, -7.23903
-385.66300, 643.00300, 7.23903
-385.66300, 643.00300, -7.23903
-397.37700, -635.76400, 11.71290
-397.37700, -635.76400, -11.71290
-397.37700, 635.76400, 11.71290
-397.37700, 635.76400, -11.71290
-404.61600, -631.29000, 0.00000
-404.61600, 631.29000, 0.00000
-516.57000, 323.73900, 204.54500
-523.81000, -319.26400, -192.83200
-631.29000, 0.00000, -404.61600
-635.76400, -11.71290, 397.37700
-635.76400, -11.71290, -397.37700
-635.76400, 11.71290, 397.37700
-635.76400, 11.71290, -397.37700
-643.00300, -7.23903, 385.66300
-643.00300, -7.23903, -385.66300
-643.00300, 7.23903, 385.66300
-643.00300, 7.23903, -385.66300

FACES
1,0,0,	1.00000,-0.00000,-0.00000,	3,	0,2,1
1,0,0,	0.85067,0.00003,-0.52570,	3,	1,8,5
1,0,0,	0.80901,-0.50001,-0.30901,	3,	1,13,10
1,0,0,	0.93416,0.35685,-0.00000,	3,	2,9,3
1,0,0,	0.80901,0.50001,0.30901,	3,	2,14,11
1,0,0,	0.80902,0.50000,-0.30899,	3,	3,15,7
1,0,0,	0.85067,-0.00000,0.52570,	3,	4,6,0
1,0,0,	0.57735,0.57735,0.57735,	3,	6,22,14
1,0,0,	0.80901,-0.50001,0.30901,	3,	10,12,0
1,0,0,	0.30899,-0.80902,-0.50000,	3,	13,21,17
1,0,0,	0.30899,-0.80902,0.50000,	3,	16,20,12
1,0,0,	-0.00000,-1.00000,-0.00000,	3,	17,38,16
1,0,0,	0.52571,0.85066,-0.00000,	3,	18,19,11
1,0,0,	0.30899,0.80902,-0.50000,	3,	19,23,15
1,0,0,	0.30901,0.80901,0.50001,	3,	22,28,18
1,0,0,	0.50000,0.30899,-0.80902,	3,	23,25,7
1,0,0,	-0.00003,-0.52570,-0.85067,	3,	24,27,21
1,0,0,	-0.00000,-0.00000,-1.00000,	3,	25,30,24
1,0,0,	-0.30901,-0.80901,0.50001,	3,	26,37,32
1,0,0,	-0.00000,0.52571,-0.85066,	3,	29,31,25
1,0,0,	-0.30901,0.80901,-0.50001,	3,	29,40,35
1,0,0,	-0.50000,-0.30899,-0.80902,	3,	30,51,33
1,0,0,	-0.30901,-0.80901,-0.50001,	3,	33,38,27
1,0,0,	-0.30901,0.80901,0.50001,	3,	34,39,28
1,0,0,	-0.57735,0.57735,0.57735,	3,	34,47,43
1,0,0,	-0.50000,0.30899,-0.80902,	3,	35,53,31
1,0,0,	-0.52570,-0.85067,-0.00003,	3,	37,45,41
1,0,0,	-0.00000,1.00000,-0.00000,	3,	39,40,19
1,0,0,	-0.52570,0.85067,0.00003,	3,	40,46,44
1,0,0,	-0.80902,-0.50000,0.30899,	3,	41,54,50
1,0,0,	-0.80901,-0.50001,-0.30901,	3,	42,55,45
1,0,0,	-0.80901,0.50001,0.30901,	3,	43,56,46
1,0,0,	-0.80902,0.50000,-0.30899,	3,	44,57,53
1,0,0,	-0.93416,-0.35685,0.00000,	3,	48,54,45
1,0,0,	-0.85067,0.00003,-0.52570,	3,	49,55,51
1,0,0,	-0.85067,-0.00000,0.52570,	3,	50,56,52
1,0,0,	-1.00000,-0.00000,-0.00000,	3,	54,57,56
2,0,0,	0.85067,-0.00000,0.52570,	3,	0,6,2
2,0,0,	0.93416,-0.35685,-0.00000,	3,	1,10,0
2,0,0,	1.00000,-0.00000,-0.00000,	3,	2,3,1
2,0,0,	0.93416,0.35685,0.00000,	3,	2,11,9
2,0,0,	0.80902,-0.50000,-0.30899,	3,	5,13,1
2,0,0,	0.50000,-0.30899,-0.80902,	3,	5,24,21
2,0,0,	0.50001,0.30901,-0.80901,	3,	7,25,8
2,0,0,	0.52570,-0.85067,-0.00003,	3,	10,16,12
2,0,0,	0.80901,0.50001,-0.30901,	3,	11,15,3
2,0,0,	0.57735,-0.57735,0.57735,	3,	12,20,4
2,0,0,	0.52570,-0.85067,0.00003,	3,	13,17,10
2,0,0,	0.52570,0.85067,-0.00003,	3,	14,18,11
2,0,0,	0.57735,0.57735,-0.57735,	3,	15,23,7
2,0,0,	0.30901,-0.80901,0.50001,	3,	16,26,20
2,0,0,	-0.00000,-1.00000,-0.00000,	3,	16,38,37
2,0,0,	-0.00000,0.93416,-0.35685,	3,	19,40,29
2,0,0,	0.30901,-0.80901,-0.50001,	3,	21,27,17
2,0,0,	-0.00000,0.52574,0.85065,	3,	22,34,28
2,0,0,	-0.00003,0.52570,-0.85067,	3,	23,29,25
2,0,0,	-0.00000,-0.52571,-0.85066,	3,	24,30,27
2,0,0,	-0.00000,0.93416,0.35685,	3,	28,39,18
2,0,0,	0.00003,0.52570,-0.85067,	3,	29,35,31
2,0,0,	-0.35685,-0.00000,-0.93416,	3,	31,36,30
2,0,0,	-0.50001,0.30901,-0.80901,	3,	31,53,49
2,0,0,	-0.57735,-0.57735,-0.57735,	3,	33,51,42
2,0,0,	-0.30899,0.80902,0.50000,	3,	34,43,39
2,0,0,	-0.57735,0.57735,0.57735,	3,	34,52,47
2,0,0,	-0.52571,0.85066,-0.00000,	3,	39,46,40
2,0,0,	-0.57735,-0.57735,0.57735,	3,	41,50,32
2,0,0,	-0.52570,-0.85067,0.00003,	3,	42,45,38
2,0,0,	-0.57735,0.57735,-0.57735,	3,	44,53,35
2,0,0,	-0.80901,-0.50001,0.30901,	3,	45,54,41
2,0,0,	-0.93416,-0.35685,-0.00000,	3,	48,55,54
2,0,0,	-0.50001,-0.30901,-0.80901,	3,	49,51,30
2,0,0,	-0.85066,-0.00000,-0.52571,	3,	49,57,55
2,0,0,	-0.80902,0.50000,0.30899,	3,	52,56,43
2,0,0,	-0.85067,-0.00000,0.52570,	3,	54,56,50
2,0,0,	-0.93416,0.35685,-0.00000,	3,	56,57,46
3,0,0,	0.80902,-0.50000,0.30899,	3,	0,12,4
3,0,0,	0.57735,-0.57735,-0.57735,	3,	5,21,13
3,0,0,	0.80902,0.50000,0.30899,	3,	6,14,2
3,0,0,	0.85067,-0.00003,-0.52570,	3,	7,8,3
3,0,0,	0.35685,-0.00000,-0.93416,	3,	8,25,24
3,0,0,	0.52571,-0.85066,-0.00000,	3,	10,17,16
3,0,0,	0.52570,0.85067,0.00003,	3,	11,19,15
3,0,0,	0.30899,0.80902,0.50000,	3,	14,22,18
3,0,0,	-0.00000,-0.93416,0.35685,	3,	16,37,26
3,0,0,	-0.00000,1.00000,-0.00000,	3,	18,39,19
3,0,0,	0.30901,0.80901,-0.50001,	3,	19,29,23
3,0,0,	-0.00000,-0.00000,-1.00000,	3,	25,31,30
3,0,0,	-0.00000,-0.93416,-0.35685,	3,	27,38,17
3,0,0,	0.00003,-0.52570,-0.85067,	3,	30,33,27
3,0,0,	-0.30899,-0.80902,-0.50000,	3,	33,42,38
3,0,0,	-0.35685,-0.00000,-0.93416,	3,	36,49,30
3,0,0,	-0.30899,-0.80902,0.50000,	3,	37,41,32
3,0,0,	-0.52571,-0.85066,-0.00000,	3,	38,45,37
3,0,0,	-0.30899,0.80902,-0.50000,	3,	40,44,35
3,0,0,	-0.52570,0.85067,-0.00003,	3,	43,46,39
3,0,0,	-0.80901,0.50001,-0.30901,	3,	46,57,44
3,0,0,	-0.80902,-0.50000,-0.30899,	3,	51,55,42
3,0,0,	-0.85067,-0.00003,-0.52570,	3,	53,57,49
3,0,0,	-1.00000,-0.00000,-0.00000,	3,	55,57,54
4,0,0,	0.85066,-0.00000,-0.52571,	3,	3,8,1
4,0,0,	0.50001,-0.30901,-0.80901,	3,	8,24,5
4,0,0,	-0.00000,-0.52574,0.85065,	3,	26,32,20

TEXTURES
oolite_ico_hull_diffuse.png	1.0 1.0	0.49280 0.01350	0.49280 0.02296	0.99721 0.01350
oolite_ico_hull_diffuse.png	1.0 1.0	0.42820 0.01343	0.44295 0.01822	0.43732 0.01047
oolite_ico_hull_diffuse.png	1.0 1.0	0.49280 0.00168	0.99721 0.01115	0.99721 0.00168
oolite_ico_hull_diffuse.png	1.0 1.0	0.00121 0.54093	0.00120 0.97887	0.25405 0.97887
oolite_ico_hull_diffuse.png	1.0 1.0	0.99721 0.03536	0.49280 0.02589	0.49280 0.03536
oolite_ico_hull_diffuse.png	1.0 1.0	0.99721 0.01350	0.49280 0.02296	0.99721 0.02296
oolite_ico_hull_diffuse.png	1.0 1.0	0.46393 0.00963	0.46393 0.02514	0.47304 0.01259
oolite_ico_hull_diffuse.png	1.0 1.0	0.99502 0.48119	0.74033 0.04218	0.48933 0.48119
oolite_ico_hull_diffuse.png	1.0 1.0	0.99721 0.03536	0.99721 0.02589	0.49280 0.03536
oolite_ico_hull_diffuse.png	1.0 1.0	0.99894 0.98683	0.49453 0.98683	0.99894 0.99630
oolite_ico_hull_diffuse.png	1.0 1.0	0.49280 0.02296	0.99721 0.01350	0.49280 0.01350
oolite_ico_hull_diffuse.png	1.0 1.0	0.99721 0.02589	0.49280 0.02589	0.99721 0.03536
oolite_ico_hull_diffuse.png	1.0 1.0	0.42820 0.01343	0.42820 0.02301	0.44295 0.01822
oolite_ico_hull_diffuse.png	1.0 1.0	0.49280 0.02296	0.99721 0.01350	0.49280 0.01350
oolite_ico_hull_diffuse.png	1.0 1.0	0.49453 0.98683	0.49453 0.99630	0.99894 0.99630
oolite_ico_hull_diffuse.png	1.0 1.0	0.99894 0.99630	0.99894 0.98683	0.49453 0.99630
oolite_ico_hull_diffuse.png	1.0 1.0	0.42820 0.01343	0.44295 0.01822	0.43732 0.01047
oolite_ico_hull_diffuse.png	1.0 1.0	0.49280 0.02589	0.99721 0.03536	0.99721 0.02589
oolite_ico_hull_diffuse.png	1.0 1.0	0.99894 0.98683	0.49453 0.98683	0.99894 0.99630
oolite_ico_hull_diffuse.png	1.0 1.0	0.41283 0.01822	0.42758 0.02301	0.42758 0.01343
oolite_ico_hull_diffuse.png	1.0 1.0	0.99721 0.00168	0.49280 0.00168	0.99721 0.01115
oolite_ico_hull_diffuse.png	1.0 1.0	0.49453 0.99630	0.99894 0.98683	0.49453 0.98683
oolite_ico_hull_diffuse.png	1.0 1.0	0.49280 0.02296	0.99721 0.01350	0.49280 0.01350
oolite_ico_hull_diffuse.png	1.0 1.0	0.49280 0.03536	0.99721 0.02589	0.49280 0.02589
oolite_ico_hull_diffuse.png	1.0 1.0	0.99543 0.47690	0.99544 0.03897	0.74260 0.03897
oolite_ico_hull_diffuse.png	1.0 1.0	0.49453 0.99630	0.99894 0.99630	0.49453 0.98683
oolite_ico_hull_diffuse.png	1.0 1.0	0.42820 0.01343	0.44295 0.01822	0.43732 0.01047
oolite_ico_hull_diffuse.png	1.0 1.0	0.49280 0.00168	0.49280 0.01115	0.99721 0.01115
oolite_ico_hull_diffuse.png	1.0 1.0	0.42758 0.02301	0.41283 0.01822	0.41847 0.02598
oolite_ico_hull_diffuse.png	1.0 1.0	0.49280 0.00168	0.99721 0.01115	0.99721 0.00168
oolite_ico_hull_diffuse.png	1.0 1.0	0.49280 0.03536	0.99721 0.02589	0.49280 0.02589
oolite_ico_hull_diffuse.png	1.0 1.0	0.99894 0.98683	0.49453 0.99630	0.99894 0.99630
oolite_ico_hull_diffuse.png	1.0 1.0	0.99721 0.01115	0.49280 0.00168	0.49280 0.01115
oolite_ico_hull_diffuse.png	1.0 1.0	0.99642 0.92763	0.99643 0.48969	0.74357 0.92763
oolite_ico_hull_diffuse.png	1.0 1.0	0.41283 0.01822	0.42758 0.01343	0.41847 0.01047
oolite_ico_hull_diffuse.png	1.0 1.0	0.46283 0.00963	0.45371 0.02217	0.46283 0.02514
oolite_ico_hull_diffuse.png	1.0 1.0	0.99721 0.01350	0.49280 0.02296	0.99721 0.02296
oolite_ico_hull_diffuse.png	1.0 1.0	0.47304 0.01259	0.46393 0.02514	0.47304 0.02217
oolite_ico_hull_diffuse.png	1.0 1.0	0.50891 0.53565	0.00322 0.53565	0.25605 0.97359
oolite_ico_hull_diffuse.png	1.0 1.0	0.49280 0.02296	0.99721 0.02296	0.99721 0.01350
oolite_ico_hull_diffuse.png	1.0 1.0	0.99643 0.48969	0.74357 0.92763	0.99642 0.92763
oolite_ico_hull_diffuse.png	1.0 1.0	0.49280 0.01115	0.99721 0.01115	0.49280 0.00168
oolite_ico_hull_diffuse.png	1.0 1.0	0.49453 0.98683	0.99894 0.99630	0.99894 0.98683
oolite_ico_hull_diffuse.png	1.0 1.0	0.49453 0.99630	0.99894 0.98683	0.49453 0.98683
oolite_ico_hull_diffuse.png	1.0 1.0	0.41283 0.01822	0.42758 0.01343	0.41847 0.01047
oolite_ico_hull_diffuse.png	1.0 1.0	0.49280 0.01350	0.49280 0.02296	0.99721 0.01350
oolite_ico_hull_diffuse.png	1.0 1.0	0.50790 0.53112	0.25322 0.09424	0.00221 0.53112
oolite_ico_hull_diffuse.png	1.0 1.0	0.41847 0.02598	0.42758 0.02301	0.41283 0.01822
oolite_ico_hull_diffuse.png	1.0 1.0	0.43732 0.01047	0.42820 0.01343	0.44295 0.01822
oolite_ico_hull_diffuse.png	1.0 1.0	0.25819 0.97812	0.76388 0.97812	0.51105 0.54018
oolite_ico_hull_diffuse.png	1.0 1.0	0.49280 0.02296	0.99721 0.02296	0.99721 0.01350
oolite_ico_hull_diffuse.png	1.0 1.0	0.99721 0.03536	0.49280 0.02589	0.49280 0.03536
oolite_ico_hull_diffuse.png	1.0 1.0	0.25605 0.97359	0.50891 0.53565	0.00322 0.53565
oolite_ico_hull_diffuse.png	1.0 1.0	0.49453 0.98683	0.49453 0.99630	0.99894 0.99630
oolite_ico_hull_diffuse.png	1.0 1.0	0.48390 0.00966	0.48390 0.02517	0.48954 0.01741
oolite_ico_hull_diffuse.png	1.0 1.0	0.41847 0.01047	0.41283 0.01822	0.42758 0.01343
oolite_ico_hull_diffuse.png	1.0 1.0	0.42820 0.01343	0.42820 0.02301	0.44295 0.01822
oolite_ico_hull_diffuse.png	1.0 1.0	0.48591 0.48528	0.73875 0.92320	0.99161 0.48526
oolite_ico_hull_diffuse.png	1.0 1.0	0.41283 0.01822	0.41847 0.02598	0.42758 0.02301
oolite_ico_hull_diffuse.png	1.0 1.0	0.74357 0.92763	0.99642 0.92763	0.99643 0.48969
oolite_ico_hull_diffuse.png	1.0 1.0	0.49453 0.98683	0.99894 0.99630	0.99894 0.98683
oolite_ico_hull_diffuse.png	1.0 1.0	0.25819 0.97812	0.76388 0.97812	0.51105 0.54018
oolite_ico_hull_diffuse.png	1.0 1.0	0.49280 0.03536	0.99721 0.03536	0.99721 0.02589
oolite_ico_hull_diffuse.png	1.0 1.0	0.00180 0.52275	0.25466 0.08481	0.00181 0.08481
oolite_ico_hull_diffuse.png	1.0 1.0	0.42758 0.01343	0.41283 0.01822	0.42758 0.02301
oolite_ico_hull_diffuse.png	1.0 1.0	0.73942 0.03796	0.23372 0.03796	0.48656 0.47590
oolite_ico_hull_diffuse.png	1.0 1.0	0.43732 0.02598	0.44295 0.01822	0.42820 0.02301
oolite_ico_hull_diffuse.png	1.0 1.0	0.00322 0.53565	0.25605 0.97359	0.50891 0.53565
oolite_ico_hull_diffuse.png	1.0 1.0	0.49280 0.01115	0.99721 0.01115	0.49280 0.00168
oolite_ico_hull_diffuse.png	1.0 1.0	0.00120 0.97887	0.25405 0.97887	0.00121 0.54093
oolite_ico_hull_diffuse.png	1.0 1.0	0.99894 0.99630	0.99894 0.98683	0.49453 0.99630
oolite_ico_hull_diffuse.png	1.0 1.0	0.41283 0.01822	0.42758 0.02301	0.42758 0.01343
oolite_ico_hull_diffuse.png	1.0 1.0	0.49453 0.98683	0.49453 0.99630	0.99894 0.98683
oolite_ico_hull_diffuse.png	1.0 1.0	0.45371 0.01259	0.45371 0.02217	0.46283 0.00963
oolite_ico_hull_diffuse.png	1.0 1.0	0.25819 0.97812	0.76388 0.97812	0.51105 0.54018
oolite_ico_hull_diffuse.png	1.0 1.0	0.49280 0.03536	0.99721 0.02589	0.49280 0.02589
oolite_ico_hull_diffuse.png	1.0 1.0	0.25819 0.97812	0.76388 0.97812	0.51105 0.54018
oolite_ico_hull_diffuse.png	1.0 1.0	0.99721 0.02589	0.49280 0.02589	0.99721 0.03536
oolite_ico_hull_diffuse.png	1.0 1.0	0.43732 0.02598	0.44295 0.01822	0.42820 0.02301
oolite_ico_hull_diffuse.png	1.0 1.0	0.50891 0.53565	0.00322 0.53565	0.25605 0.97359
oolite_ico_hull_diffuse.png	1.0 1.0	0.41283 0.01822	0.42758 0.02301	0.42758 0.01343
oolite_ico_hull_diffuse.png	1.0 1.0	0.44295 0.01822	0.42820 0.02301	0.43732 0.02598
oolite_ico_hull_diffuse.png	1.0 1.0	0.99894 0.98683	0.49453 0.98683	0.99894 0.99630
oolite_ico_hull_diffuse.png	1.0 1.0	0.48591 0.48528	0.73875 0.92320	0.99161 0.48526
oolite_ico_hull_diffuse.png	1.0 1.0	0.99721 0.00168	0.49280 0.00168	0.99721 0.01115
oolite_ico_hull_diffuse.png	1.0 1.0	0.49280 0.02296	0.99721 0.02296	0.99721 0.01350
oolite_ico_hull_diffuse.png	1.0 1.0	0.49280 0.02589	0.49280 0.03536	0.99721 0.03536
oolite_ico_hull_diffuse.png	1.0 1.0	0.99161 0.48526	0.48591 0.48528	0.73875 0.92320
oolite_ico_hull_diffuse.png	1.0 1.0	0.42820 0.02301	0.43732 0.02598	0.44295 0.01822
oolite_ico_hull_diffuse.png	1.0 1.0	0.49280 0.02296	0.99721 0.02296	0.99721 0.01350
oolite_ico_hull_diffuse.png	1.0 1.0	0.00120 0.97887	0.25405 0.97887	0.00121 0.54093
oolite_ico_hull_diffuse.png	1.0 1.0	0.49453 0.98683	0.49453 0.99630	0.99894 0.99630
oolite_ico_hull_diffuse.png	1.0 1.0	0.42820 0.02301	0.44295 0.01822	0.42820 0.01343
oolite_ico_hull_diffuse.png	1.0 1.0	0.49280 0.00168	0.49280 0.01115	0.99721 0.01115
oolite_ico_hull_diffuse.png	1.0 1.0	0.41847 0.01047	0.41283 0.01822	0.42758 0.01343
oolite_ico_hull_diffuse.png	1.0 1.0	0.99721 0.00168	0.49280 0.00168	0.99721 0.01115
oolite_ico_hull_diffuse.png	1.0 1.0	0.99721 0.03536	0.99721 0.02589	0.49280 0.03536
oolite_ico_hull_diffuse.png	1.0 1.0	0.41847 0.02598	0.42758 0.02301	0.41283 0.01822
oolite_ico_hull_diffuse.png	1.0 1.0	0.49280 0.01350	0.49280 0.02296	0.99721 0.01350
oolite_ico_hull_diffuse.png	1.0 1.0	0.42820 0.02301	0.44295 0.01822	0.42820 0.01343
oolite_ico_hull_diffuse.png	1.0 1.0	0.49453 0.99630	0.99894 0.99630	0.49453 0.98683
oolite_ico_hull_diffuse.png	1.0 1.0	0.47785 0.01741	0.48348 0.02517	0.48348 0.00966

END
