// output from Obj2DatTex.py Wavefront text file conversion script
// (c) 2005 By Giles Williams
// 
// original file: "rock.obj"
// 
// model size: 915.892 x 1004.270 x 902.869
// 
// textures used: ['oolite_rock_hermit_rock_diffuse.png']
// 
NVERTS 210
NFACES 400

VERTEX
488.75400, -73.37770, 63.66350
487.37000, -14.02280, -19.20570
480.49700, -142.02800, -91.88580
465.33100, -180.36100, -5.39025
463.00000, 54.97940, -99.53590
462.87900, 52.05310, 110.30500
462.25200, -58.31420, -168.01700
460.36900, 142.05400, -12.99940
445.94100, -90.75200, 146.26500
437.24600, 14.18490, 202.68500
436.50400, 18.89850, -198.74100
431.08800, 166.28300, -68.35890
427.33100, 233.76000, 127.65000
419.67700, 112.88700, -147.87000
416.47500, -173.42900, -218.62300
414.72200, -194.16600, 36.72700
394.34300, -58.89740, -289.42700
389.66500, 283.11400, 0.70177
382.41100, 179.03000, -119.83300
381.36300, -278.17900, -130.84400
378.98900, 105.10300, -187.86000
376.57900, 123.07000, 239.95300
375.16100, -274.16100, -58.01580
369.40600, -15.41410, 307.62100
363.73200, 30.46180, -278.61300
359.89400, 251.65500, -80.05340
355.61800, -183.22300, 116.83500
349.27800, -152.64800, -363.98100
334.13400, -159.27000, 253.82600
332.88300, -81.17860, 326.99700
331.37700, -246.81000, -15.23610
328.17000, 358.88000, 91.84650
327.34400, -253.40200, -273.34400
325.80900, 80.82700, 327.28000
316.61500, -45.26850, -373.99900
312.00600, 221.97300, -122.46800
309.53100, 90.39700, -230.78600
305.86000, 257.02100, 220.58400
302.47700, 163.64100, -170.79700
296.59300, 329.70400, -81.74530
286.92000, -232.10200, 39.37200
275.49700, 400.06300, -33.38570
273.98200, -341.64300, -74.85520
270.61700, -309.09100, -33.96760
269.78000, -363.23800, -197.03500
263.97200, 65.85340, -331.97000
261.48200, 45.66760, 402.76400
258.28700, -256.01000, 193.84900
253.35600, 219.74700, 326.87900
252.34000, -400.40500, -110.68300
248.90000, 264.51100, -120.83800
247.97400, -141.36700, 379.99500
241.76200, -245.56000, 91.27940
236.46800, -233.32900, -355.57100
221.83500, -115.53600, -405.31600
220.29600, 206.37100, -181.17300
219.66700, 322.69500, -139.10000
219.22200, 11.09280, 464.25600
219.19900, -11.05220, 464.25600
216.27900, 125.80400, -255.87200
215.53700, 169.83600, 390.05800
214.85800, 377.85400, -149.67600
212.70700, -260.35600, 314.64400
211.51100, 389.71600, 205.62000
209.93200, 450.02200, 43.43100
204.06300, -351.04800, -309.94300
194.95000, -307.96500, 32.48450
184.00000, 113.92200, 440.32600
181.84500, 19.07180, -409.30400
177.27600, -437.85800, -40.45290
169.22400, -97.63610, 464.24600
168.84200, 130.43500, -359.53900
168.55800, 348.45200, 312.92300
168.09500, 99.64780, 464.25600
167.56400, -381.99200, -7.23249
166.49000, -179.63100, 428.88300
165.69200, -321.20300, 106.44100
163.52000, -354.44600, 187.70600
151.66900, 443.42500, -128.42000
145.27900, 227.92700, -272.95700
145.16700, 342.33300, -237.34600
144.69500, -448.59900, -147.94700
141.53100, 208.92300, 431.53600
139.80300, -473.26500, -83.40880
139.37400, 458.35000, 168.51300
138.52300, -244.01500, 414.74800
135.87800, -421.63800, -226.79200
123.44000, -391.99700, 52.03640
123.03500, -381.72600, 101.75900
122.58100, 284.70900, 384.92700
119.21800, 184.30600, 464.25600
119.14800, -184.34600, 464.25600
119.02400, 264.91500, -343.26000
117.91800, -377.05300, 242.52800
114.30800, -453.65600, 28.78930
111.62200, 493.53400, 3.60059
111.07000, -430.74800, 121.36800
106.21600, 372.97600, -264.61600
104.80200, -308.74300, 356.59400
100.00500, -195.39900, 464.25600
98.85590, 195.17000, 465.05600
98.05460, 150.36700, -402.42500
96.44220, -220.36100, -397.05600
78.73570, 505.01800, 106.89900
76.62380, -499.25200, 7.12458
75.51890, -325.36100, -358.64800
71.33740, 261.97800, -371.72200
63.06380, -470.82400, 115.19800
62.43830, -100.61300, -425.92900
48.33640, 399.91600, 274.33200
47.24650, -496.60600, -66.98380
43.74650, -250.98300, 432.63100
41.31130, -401.50600, -261.55700
35.27210, -388.65300, 276.88000
29.71500, 39.74030, -437.81300
25.02980, 423.60300, -209.95500
14.74180, 263.79900, 429.74800
9.84731, -468.17000, -162.18500
4.86830, 335.81600, 360.07000
4.43998, 463.56500, -89.92700
1.63370, 426.94400, 176.33000
0.00000, -195.39900, 464.25600
-0.03547, 195.28400, 464.65800
-2.69354, 322.77300, -318.05200
-3.73235, 185.13900, -410.40900
-11.76510, -303.29900, 402.79400
-13.72970, 466.36000, 42.81860
-22.96770, -490.03200, 34.32400
-39.21180, -178.87300, -395.66600
-43.23800, -236.37000, 447.76700
-53.55260, -270.83200, -345.86200
-65.22420, -364.40400, -268.71000
-70.73360, -445.49100, 194.84700
-77.37620, -343.32400, 325.78700
-80.21980, 359.81600, -265.93400
-83.12940, -71.68130, -410.10600
-95.31440, 266.33200, 418.74700
-97.22880, -251.28800, 435.90000
-99.45770, -425.94800, -180.06200
-100.00500, -195.39900, 464.25600
-100.00500, 195.39900, 464.25600
-109.18100, 420.28500, -160.41200
-113.50900, -462.51200, -72.15050
-119.14800, -184.34600, 464.25600
-119.21800, 184.30600, 464.25600
-123.63800, 322.42200, 292.23000
-123.68300, 258.66900, -356.54300
-123.82700, 366.41800, 117.31100
-131.24100, 84.31700, -410.29100
-144.36000, 451.61600, -35.55310
-154.06900, 234.57100, 391.61100
-158.55600, -263.96000, 377.29400
-159.69600, -458.07800, 79.61780
-165.04700, -181.77000, -349.26800
-169.17300, -97.69930, 464.25600
-169.20800, 97.71960, 464.25600
-172.01600, -329.71100, 240.05900
-172.10000, -284.07800, -277.79700
-186.91800, 328.97100, -220.43000
-189.25900, -343.71000, -211.21700
-209.60100, -402.52600, -138.07200
-215.49500, 206.56900, -293.02500
-216.30300, 163.79300, 406.30000
-217.46700, -43.31380, -362.08900
-218.18300, -155.18200, 407.46800
-219.19900, -11.05220, 464.25600
-219.22200, 11.09280, 464.25600
-230.72900, -417.95400, -37.53780
-238.03600, 366.19600, -112.12200
-246.41700, -244.34000, -213.59200
-246.78900, 239.69400, 313.91900
-247.64800, -240.82800, 328.61000
-251.36100, 73.61900, 404.20200
-253.68600, -380.05000, 93.13870
-261.17200, -166.74700, -264.26400
-266.20500, -319.86000, -167.82600
-270.92800, -339.05000, -113.44900
-272.15000, -15.10230, 417.60700
-273.65300, 305.95700, 177.39300
-274.10500, -244.82500, -137.91600
-274.50900, 337.82400, 71.45140
-276.09500, 302.65100, -173.86900
-278.68500, -172.55100, -64.83040
-278.86800, 89.22140, -291.05400
-284.68700, -147.47600, -176.96700
-292.10800, -363.06600, -14.26610
-297.91500, -276.80800, -50.34730
-297.99300, -304.05100, 202.89500
-315.38300, -36.04520, -235.25100
-317.89100, 139.39500, 334.43500
-321.94200, -298.52100, 62.75850
-323.01800, -91.44360, 357.40900
-323.32800, 33.40600, 342.17400
-325.54800, 216.15100, -181.32300
-328.16000, -176.63300, 243.03600
-338.97300, -201.50400, 33.09360
-350.97500, -47.16630, -122.13200
-351.75300, 300.65300, -74.27940
-356.07700, -237.68200, 145.28700
-368.00000, 84.52730, -159.43500
-369.24600, 200.49500, 196.98000
-376.76900, 248.98500, 67.38140
-385.45400, -75.94110, -1.25657
-387.90700, -40.49200, 248.08000
-388.04900, 88.45520, 223.45300
-391.41400, -116.92400, 133.16500
-409.66100, 175.96300, -64.87480
-420.00000, 63.86520, -38.25600
-421.29200, -1.17070, 103.46100
-427.13800, 137.79600, 73.79360

FACES
128,127,127,	0.98111,0.16464,0.10154,	3,	0,5,1
128,127,127,	0.95057,0.08505,0.29862,	3,	0,9,5
128,127,127,	0.99874,-0.03139,-0.03916,	3,	1,2,0
128,127,127,	0.98229,0.04982,-0.18063,	3,	1,6,2
128,127,127,	0.97385,0.17427,-0.14575,	3,	1,7,4
128,127,127,	0.96656,-0.24961,0.05885,	3,	2,3,0
128,127,127,	0.81809,-0.56505,-0.10698,	3,	2,19,3
128,127,127,	0.84204,-0.41035,0.35012,	3,	3,8,0
128,127,127,	0.57390,-0.67081,0.46974,	3,	3,15,8
128,127,127,	0.53690,-0.74169,0.40204,	3,	3,22,15
128,127,127,	0.97362,0.11329,-0.19806,	3,	4,6,1
128,127,127,	0.93069,0.18471,-0.31575,	3,	4,10,6
128,127,127,	0.86600,0.34891,-0.35819,	3,	4,13,10
128,127,127,	0.98099,0.16570,0.10097,	3,	5,7,1
128,127,127,	0.97720,0.18050,0.11185,	3,	5,12,7
128,127,127,	0.85539,0.11923,0.50408,	3,	5,21,12
128,127,127,	0.89548,-0.17646,-0.40864,	3,	6,14,2
128,127,127,	0.86543,-0.13163,-0.48343,	3,	6,16,14
128,127,127,	0.88415,0.34250,-0.31775,	3,	7,11,4
128,127,127,	0.85462,0.45301,-0.25376,	3,	7,17,11
128,127,127,	0.88995,-0.15656,0.42834,	3,	8,9,0
128,127,127,	0.84784,-0.19489,0.49314,	3,	8,23,9
128,127,127,	0.80338,-0.29352,0.51811,	3,	8,29,23
128,127,127,	0.85715,0.34743,0.38025,	3,	9,21,5
128,127,127,	0.78389,0.24089,0.57226,	3,	9,33,21
128,127,127,	0.86851,0.09614,-0.48625,	3,	10,16,6
128,127,127,	0.72265,0.32159,-0.61185,	3,	10,24,16
128,127,127,	0.86599,0.34869,-0.35845,	3,	11,13,4
128,127,127,	0.66027,0.57620,-0.48170,	3,	11,18,13
128,127,127,	0.68729,0.50112,-0.52585,	3,	11,25,18
128,127,127,	0.88718,0.45314,-0.08706,	3,	12,17,7
128,127,127,	0.78228,0.62285,0.01004,	3,	12,31,17
128,127,127,	0.55424,0.60333,0.57342,	3,	12,37,31
128,127,127,	0.57271,0.46714,-0.67364,	3,	13,20,10
128,127,127,	0.81199,-0.51001,-0.28382,	3,	14,19,2
128,127,127,	0.73599,-0.56245,-0.37679,	3,	14,32,19
128,127,127,	0.53963,-0.68353,0.49151,	3,	15,26,8
128,127,127,	0.27517,-0.90424,0.32654,	3,	15,40,26
128,127,127,	0.89888,-0.09126,-0.42859,	3,	16,27,14
128,127,127,	0.73933,0.16396,-0.65308,	3,	16,34,27
128,127,127,	0.70948,0.52767,-0.46712,	3,	17,25,11
128,127,127,	0.69089,0.55017,-0.46903,	3,	17,39,25
128,127,127,	0.69373,0.53751,-0.47940,	3,	17,41,39
128,127,127,	0.52096,0.56480,-0.64000,	3,	18,20,13
128,127,127,	0.32658,0.63177,-0.70300,	3,	18,38,20
128,127,127,	0.68930,-0.71778,0.09830,	3,	19,22,3
128,127,127,	0.69245,-0.71473,0.09840,	3,	19,49,22
128,127,127,	0.66966,0.51441,-0.53566,	3,	20,24,10
128,127,127,	0.24134,0.72921,-0.64032,	3,	20,36,24
128,127,127,	0.31354,0.61957,-0.71960,	3,	20,38,36
128,127,127,	0.60145,0.41614,0.68197,	3,	21,37,12
128,127,127,	0.72350,0.45681,0.51756,	3,	21,48,37
128,127,127,	0.11120,-0.78174,0.61361,	3,	22,30,15
128,127,127,	0.36076,-0.57322,0.73571,	3,	22,43,30
128,127,127,	0.24943,-0.56944,0.78328,	3,	22,49,42
128,127,127,	0.78373,0.23783,0.57376,	3,	23,33,9
128,127,127,	0.70581,0.17976,0.68522,	3,	23,46,33
128,127,127,	0.71784,0.26650,0.64318,	3,	23,57,46
128,127,127,	0.72175,-0.00075,0.69215,	3,	23,58,57
128,127,127,	0.72242,0.32155,-0.61214,	3,	24,34,16
128,127,127,	0.53936,0.50919,-0.67068,	3,	24,45,34
128,127,127,	0.35288,0.53128,-0.77021,	3,	25,35,18
128,127,127,	0.34461,0.54064,-0.76743,	3,	25,50,35
128,127,127,	0.65905,-0.71651,0.22864,	3,	26,28,8
128,127,127,	0.69244,-0.68441,0.22826,	3,	26,47,28
128,127,127,	0.50210,-0.84847,-0.16734,	3,	26,52,47
128,127,127,	0.73536,-0.53466,-0.41639,	3,	27,32,14
128,127,127,	0.42202,-0.65538,-0.62640,	3,	27,53,32
128,127,127,	0.19066,-0.36171,-0.91259,	3,	27,54,53
128,127,127,	0.74703,-0.44814,0.49104,	3,	28,29,8
128,127,127,	0.68456,-0.49255,0.53737,	3,	28,51,29
128,127,127,	0.68225,-0.49681,0.53640,	3,	28,62,51
128,127,127,	0.70581,-0.19100,0.68217,	3,	29,58,23
128,127,127,	0.26330,-0.85600,0.44491,	3,	30,40,15
128,127,127,	0.49167,-0.65294,0.57613,	3,	30,43,40
128,127,127,	0.72481,0.68431,-0.07982,	3,	31,41,17
128,127,127,	0.60936,0.79288,0.00444,	3,	31,64,41
128,127,127,	0.69201,-0.61980,-0.37009,	3,	32,44,19
128,127,127,	0.63446,-0.63685,-0.43804,	3,	32,65,44
128,127,127,	0.71220,0.37316,0.59457,	3,	33,48,21
128,127,127,	0.65922,0.34574,0.66775,	3,	33,60,48
128,127,127,	0.30999,0.00560,-0.95072,	3,	34,54,27
128,127,127,	0.27704,0.05388,-0.95935,	3,	34,68,54
128,127,127,	0.36760,0.55698,-0.74474,	3,	35,38,18
128,127,127,	0.38078,0.55225,-0.74164,	3,	35,55,38
128,127,127,	0.49120,0.76966,-0.40786,	3,	36,45,24
128,127,127,	0.41647,0.82264,-0.38706,	3,	36,59,45
128,127,127,	0.65992,0.52935,0.53319,	3,	37,63,31
128,127,127,	0.68668,0.54278,0.48360,	3,	37,72,63
128,127,127,	0.41234,0.60070,-0.68494,	3,	38,59,36
128,127,127,	0.35950,0.27222,-0.89256,	3,	39,50,25
128,127,127,	0.59435,0.04662,-0.80286,	3,	39,56,50
128,127,127,	0.60058,-0.09975,-0.79332,	3,	39,61,56
128,127,127,	0.44621,-0.88053,0.15989,	3,	40,52,26
128,127,127,	0.58861,-0.74259,0.31954,	3,	40,66,52
128,127,127,	0.70397,0.53340,-0.46895,	3,	41,61,39
128,127,127,	0.57510,0.69441,-0.43250,	3,	41,78,61
128,127,127,	0.37443,-0.71017,0.59621,	3,	42,43,22
128,127,127,	0.57540,-0.61613,0.53787,	3,	42,74,43
128,127,127,	0.49481,-0.65203,0.57448,	3,	43,66,40
128,127,127,	0.54925,-0.54368,0.63462,	3,	43,74,66
128,127,127,	0.66158,-0.72802,-0.17973,	3,	44,49,19
128,127,127,	0.46935,-0.84155,-0.26742,	3,	44,81,49
128,127,127,	0.43821,-0.83439,-0.33432,	3,	44,86,81
128,127,127,	0.43249,0.49093,-0.75627,	3,	45,68,34
128,127,127,	0.49592,0.40189,-0.76977,	3,	45,71,68
128,127,127,	0.64713,0.31069,0.69620,	3,	46,60,33
128,127,127,	0.61844,0.30303,0.72506,	3,	46,67,60
128,127,127,	0.68873,-0.68581,0.23521,	3,	47,62,28
128,127,127,	0.69249,-0.68146,0.23678,	3,	47,77,62
128,127,127,	0.68738,0.50906,0.51804,	3,	48,72,37
128,127,127,	0.58368,0.45732,0.67095,	3,	48,82,72
128,127,127,	0.70258,-0.54078,0.46254,	3,	49,69,42
128,127,127,	0.56447,-0.80715,0.17288,	3,	49,83,69
128,127,127,	0.36915,0.57560,-0.72967,	3,	50,55,35
128,127,127,	0.78689,0.21365,-0.57893,	3,	50,56,55
128,127,127,	0.65063,-0.30579,0.69511,	3,	51,58,29
128,127,127,	0.59162,-0.34156,0.73028,	3,	51,70,58
128,127,127,	0.59541,-0.33483,0.73033,	3,	51,75,70
128,127,127,	0.67495,-0.71516,-0.18160,	3,	52,76,47
128,127,127,	0.55209,-0.42907,-0.71491,	3,	53,65,32
128,127,127,	0.25069,-0.40908,-0.87738,	3,	53,105,65
128,127,127,	0.23555,-0.35311,-0.90544,	3,	54,102,53
128,127,127,	0.10671,-0.20432,-0.97307,	3,	54,108,102
128,127,127,	0.40371,0.61112,-0.68084,	3,	55,59,38
128,127,127,	0.74506,0.43314,-0.50723,	3,	55,79,59
128,127,127,	0.78022,0.21648,-0.58685,	3,	56,79,55
128,127,127,	0.80086,0.17870,-0.57157,	3,	56,80,79
128,127,127,	0.65109,0.37640,0.65909,	3,	57,67,46
128,127,127,	0.65212,0.37650,0.65801,	3,	57,73,67
128,127,127,	0.59172,0.77072,-0.23633,	3,	59,71,45
128,127,127,	0.79727,0.49697,-0.34262,	3,	59,79,71
128,127,127,	0.60124,0.41149,0.68497,	3,	60,82,48
128,127,127,	0.79127,-0.04789,-0.60959,	3,	61,80,56
128,127,127,	0.69029,0.28600,-0.66461,	3,	61,97,80
128,127,127,	0.60577,-0.51338,0.60785,	3,	62,75,51
128,127,127,	0.69126,-0.42808,0.58215,	3,	62,85,75
128,127,127,	0.50824,-0.70683,0.49202,	3,	62,98,85
128,127,127,	0.50383,0.81124,0.29673,	3,	63,64,31
128,127,127,	0.58314,0.76328,0.27813,	3,	63,84,64
128,127,127,	0.44862,0.87423,-0.18566,	3,	64,78,41
128,127,127,	0.46056,0.86718,-0.18943,	3,	64,95,78
128,127,127,	0.39641,0.91776,0.02417,	3,	64,103,95
128,127,127,	0.43859,-0.82988,-0.34487,	3,	65,86,44
128,127,127,	0.05981,-0.78464,-0.61706,	3,	65,112,86
128,127,127,	0.71189,-0.68400,0.15920,	3,	66,76,52
128,127,127,	0.76887,-0.60888,0.19519,	3,	66,87,76
128,127,127,	0.58837,0.33127,0.73761,	3,	67,82,60
128,127,127,	0.63265,0.34688,0.69241,	3,	67,90,82
128,127,127,	0.12907,0.00897,-0.99159,	3,	68,108,54
128,127,127,	0.17857,-0.04160,-0.98305,	3,	68,114,108
128,127,127,	0.59243,-0.33318,0.73350,	3,	69,74,42
128,127,127,	0.74479,-0.24063,0.62240,	3,	69,94,74
128,127,127,	0.60721,-0.68947,0.39488,	3,	69,104,94
128,127,127,	0.55490,0.39256,-0.73347,	3,	71,101,68
128,127,127,	0.46666,0.74672,0.47396,	3,	72,84,63
128,127,127,	0.15741,0.80092,0.57770,	3,	72,109,84
128,127,127,	0.12354,0.76372,0.63361,	3,	72,118,109
128,127,127,	0.65212,0.37650,0.65801,	3,	73,90,67
128,127,127,	0.72762,-0.51332,0.45504,	3,	74,87,66
128,127,127,	0.78566,-0.31673,0.53144,	3,	74,94,87
128,127,127,	0.58476,-0.33762,0.73761,	3,	75,91,70
128,127,127,	0.70491,-0.66289,-0.25233,	3,	76,77,47
128,127,127,	0.80745,-0.55326,-0.20474,	3,	76,88,77
128,127,127,	0.66315,-0.70092,0.26258,	3,	77,93,62
128,127,127,	0.66800,-0.69360,0.26963,	3,	77,96,93
128,127,127,	0.52284,0.67331,-0.52277,	3,	78,97,61
128,127,127,	0.18991,0.84475,-0.50034,	3,	78,115,97
128,127,127,	0.04949,0.95015,-0.30785,	3,	78,119,115
128,127,127,	0.92023,0.35960,-0.15447,	3,	79,92,71
128,127,127,	0.94795,0.09548,-0.30378,	3,	80,92,79
128,127,127,	0.72292,0.46054,-0.51507,	3,	80,97,92
128,127,127,	0.47188,-0.83490,-0.28332,	3,	81,83,49
128,127,127,	0.17274,-0.92436,-0.34019,	3,	81,110,83
128,127,127,	0.17028,-0.92383,-0.34284,	3,	81,117,110
128,127,127,	0.39062,0.55114,0.73733,	3,	82,89,72
128,127,127,	0.43960,0.54772,0.71186,	3,	82,90,89
128,127,127,	0.56963,-0.80486,0.16649,	3,	83,104,69
128,127,127,	0.22217,-0.96727,-0.12261,	3,	83,110,104
128,127,127,	0.46013,0.86457,0.20200,	3,	84,103,64
128,127,127,	0.09297,0.83560,0.54141,	3,	84,109,103
128,127,127,	0.57276,-0.40523,0.71255,	3,	85,91,75
128,127,127,	0.31398,-0.54379,0.77827,	3,	85,99,91
128,127,127,	0.18901,-0.62312,0.75895,	3,	85,111,99
128,127,127,	0.16992,-0.92648,-0.33581,	3,	86,117,81
128,127,127,	0.80626,-0.57800,0.12596,	3,	87,88,76
128,127,127,	0.97478,-0.21683,0.05273,	3,	87,96,88
128,127,127,	0.88762,-0.34064,-0.30999,	3,	88,96,77
128,127,127,	0.15045,0.69059,0.70743,	3,	89,118,72
128,127,127,	0.33694,0.57672,0.74422,	3,	90,100,89
128,127,127,	0.55465,0.29945,-0.77633,	3,	92,101,71
128,127,127,	0.46720,0.33673,-0.81752,	3,	92,106,101
128,127,127,	0.50780,-0.71209,0.48483,	3,	93,98,62
128,127,127,	0.32480,-0.79448,0.51313,	3,	93,113,98
128,127,127,	0.98158,-0.17461,0.07754,	3,	94,96,87
128,127,127,	0.70951,-0.67788,0.19255,	3,	94,104,96
128,127,127,	0.03827,0.93803,-0.34443,	3,	95,119,78
128,127,127,	-0.22695,0.97254,-0.05154,	3,	95,126,119
128,127,127,	0.58844,-0.75100,0.29956,	3,	96,107,93
128,127,127,	0.39461,0.57080,-0.72005,	3,	97,106,92
128,127,127,	0.03888,0.68750,-0.72514,	3,	97,123,106
128,127,127,	0.18089,-0.70777,0.68289,	3,	98,111,85
128,127,127,	0.24812,-0.66502,0.70440,	3,	98,125,111
128,127,127,	0.19295,0.62545,0.75603,	3,	100,116,89
128,127,127,	-0.00306,0.45451,0.89074,	3,	100,122,116
128,127,127,	0.20487,0.18114,-0.96188,	3,	101,114,68
128,127,127,	0.14955,0.21625,-0.96482,	3,	101,124,114
128,127,127,	0.23133,-0.37454,-0.89789,	3,	102,105,53
128,127,127,	-0.21750,-0.29679,-0.92985,	3,	102,130,105
128,127,127,	-0.26422,0.94571,-0.18926,	3,	103,126,95
128,127,127,	0.59548,-0.75541,0.27342,	3,	104,107,96
128,127,127,	-0.02078,-0.96753,0.25190,	3,	104,127,107
128,127,127,	0.06840,-0.79659,-0.60064,	3,	105,112,65
128,127,127,	-0.21126,-0.73159,-0.64819,	3,	105,131,112
128,127,127,	0.17604,0.30005,-0.93754,	3,	106,124,101
128,127,127,	0.31209,-0.82421,0.47253,	3,	107,113,93
128,127,127,	0.11075,-0.87817,0.46535,	3,	107,132,113
128,127,127,	-0.08851,-0.25716,-0.96231,	3,	108,128,102
128,127,127,	-0.14326,-0.18955,-0.97136,	3,	108,135,128
128,127,127,	-0.42712,0.79871,0.42382,	3,	109,120,103
128,127,127,	-0.34218,0.85126,0.39784,	3,	109,145,120
128,127,127,	-0.09194,-0.99576,0.00089,	3,	110,127,104
128,127,127,	-0.20442,-0.97574,-0.07836,	3,	110,142,127
128,127,127,	-0.00000,-0.49452,0.86917,	3,	111,121,99
128,127,127,	0.08064,-0.44421,0.89229,	3,	111,129,121
128,127,127,	0.02520,-0.83385,-0.55141,	3,	112,117,86
128,127,127,	-0.20546,-0.78139,-0.58925,	3,	112,138,117
128,127,127,	0.20168,-0.77410,0.60008,	3,	113,125,98
128,127,127,	-0.10853,-0.84122,0.52970,	3,	113,133,125
128,127,127,	-0.12966,-0.11363,-0.98503,	3,	114,135,108
128,127,127,	-0.18381,-0.05785,-0.98126,	3,	114,148,135
128,127,127,	-0.00276,0.73161,-0.68172,	3,	115,123,97
128,127,127,	-0.09420,0.73994,-0.66604,	3,	115,134,123
128,127,127,	-0.21570,0.82050,-0.52939,	3,	115,141,134
128,127,127,	0.15531,0.69782,0.69923,	3,	116,118,89
128,127,127,	-0.05622,0.69025,0.72139,	3,	116,136,118
128,127,127,	-0.07123,0.54196,0.83738,	3,	116,140,136
128,127,127,	-0.19646,-0.95799,-0.20897,	3,	117,142,110
128,127,127,	-0.32625,0.82894,0.45433,	3,	118,145,109
128,127,127,	-0.14669,0.93072,-0.33503,	3,	119,141,115
128,127,127,	-0.18039,0.94082,-0.28691,	3,	119,149,141
128,127,127,	-0.53543,0.79130,0.29523,	3,	120,126,103
128,127,127,	-0.52441,0.79835,0.29604,	3,	120,147,126
128,127,127,	-0.00306,0.45451,0.89074,	3,	122,140,116
128,127,127,	-0.14198,0.55230,-0.82146,	3,	123,124,106
128,127,127,	-0.03116,0.55710,-0.82986,	3,	123,146,124
128,127,127,	-0.12432,0.15608,-0.97989,	3,	124,148,114
128,127,127,	0.05579,-0.53866,0.84068,	3,	125,129,111
128,127,127,	-0.02490,-0.56560,0.82430,	3,	125,137,129
128,127,127,	-0.09218,0.99518,-0.03357,	3,	126,149,119
128,127,127,	-0.02834,-0.96535,0.25943,	3,	127,132,107
128,127,127,	-0.15150,-0.96317,0.22217,	3,	127,152,132
128,127,127,	-0.14759,-0.45312,-0.87915,	3,	128,130,102
128,127,127,	-0.30615,-0.41601,-0.85628,	3,	128,153,130
128,127,127,	-0.00000,-0.37335,0.92769,	3,	129,139,121
128,127,127,	-0.31892,-0.57894,-0.75041,	3,	130,131,105
128,127,127,	-0.36216,-0.56567,-0.74085,	3,	130,157,131
128,127,127,	-0.22296,-0.75832,-0.61257,	3,	131,138,112
128,127,127,	-0.40053,-0.67295,-0.62187,	3,	131,159,138
128,127,127,	-0.05132,-0.78863,0.61273,	3,	132,133,113
128,127,127,	-0.54736,-0.67305,0.49739,	3,	132,156,133
128,127,127,	-0.23462,-0.76626,0.59817,	3,	133,137,125
128,127,127,	-0.37545,-0.74334,0.55361,	3,	133,151,137
128,127,127,	-0.48708,-0.76805,0.41575,	3,	133,156,151
128,127,127,	-0.14303,0.69377,-0.70585,	3,	134,146,123
128,127,127,	-0.44234,0.69636,-0.56517,	3,	134,158,146
128,127,127,	-0.32909,-0.25723,-0.90859,	3,	135,153,128
128,127,127,	-0.36957,-0.22344,-0.90194,	3,	135,163,153
128,127,127,	-0.32110,0.83705,0.44298,	3,	136,145,118
128,127,127,	-0.57539,0.69218,0.43568,	3,	136,150,145
128,127,127,	-0.06975,-0.45411,0.88821,	3,	137,139,129
128,127,127,	-0.25826,-0.44728,0.85630,	3,	137,143,139
128,127,127,	-0.55621,-0.47189,0.68407,	3,	137,151,143
128,127,127,	-0.28975,-0.89438,-0.34077,	3,	138,142,117
128,127,127,	-0.31815,-0.88454,-0.34114,	3,	138,160,142
128,127,127,	-0.56681,0.47110,0.67586,	3,	140,150,136
128,127,127,	-0.43707,0.72339,-0.53449,	3,	141,158,134
128,127,127,	-0.48639,0.72982,-0.48040,	3,	141,168,158
128,127,127,	-0.24151,-0.96935,-0.04518,	3,	142,152,127
128,127,127,	-0.37645,-0.92228,-0.08762,	3,	142,167,152
128,127,127,	-0.54007,-0.31181,0.78173,	3,	143,164,154
128,127,127,	-0.38303,0.66341,0.64279,	3,	144,150,140
128,127,127,	-0.50502,0.57723,0.64168,	3,	144,162,150
128,127,127,	-0.50353,0.83775,0.21126,	3,	145,147,120
128,127,127,	-0.28152,0.93050,0.23435,	3,	145,178,147
128,127,127,	-0.23462,0.29564,-0.92604,	3,	146,148,124
128,127,127,	-0.64300,0.25094,-0.72359,	3,	146,161,148
128,127,127,	-0.38168,0.78462,0.48857,	3,	147,149,126
128,127,127,	-0.30497,0.81388,0.49457,	3,	147,180,149
128,127,127,	-0.35515,-0.11063,-0.92824,	3,	148,163,135
128,127,127,	-0.62068,0.12713,-0.77369,	3,	148,183,163
128,127,127,	-0.46898,0.81639,-0.33699,	3,	149,168,141
128,127,127,	-0.66604,0.74572,-0.01708,	3,	149,180,168
128,127,127,	-0.40529,0.74297,0.53267,	3,	150,170,145
128,127,127,	-0.53804,-0.48597,0.68873,	3,	151,164,143
128,127,127,	-0.51344,-0.47895,0.71203,	3,	151,171,164
128,127,127,	-0.54792,-0.67321,0.49656,	3,	152,156,132
128,127,127,	-0.50169,-0.69384,0.51661,	3,	152,173,156
128,127,127,	-0.38446,-0.51071,-0.76900,	3,	153,157,130
128,127,127,	-0.63927,-0.41028,-0.65039,	3,	153,174,157
128,127,127,	-0.60433,-0.34891,0.71627,	3,	154,177,165
128,127,127,	-0.53478,0.30875,0.78656,	3,	155,162,144
128,127,127,	-0.61704,0.22233,0.75487,	3,	155,172,162
128,127,127,	-0.43725,-0.79359,0.42311,	3,	156,171,151
128,127,127,	-0.31574,-0.79090,0.52419,	3,	156,187,171
128,127,127,	-0.41203,-0.62340,-0.66453,	3,	157,159,131
128,127,127,	-0.71126,-0.42254,-0.56175,	3,	157,169,159
128,127,127,	-0.70671,-0.47614,-0.52332,	3,	157,174,169
128,127,127,	-0.66666,0.48918,-0.56238,	3,	158,161,146
128,127,127,	-0.51061,0.52366,-0.68195,	3,	158,181,161
128,127,127,	-0.38550,-0.66377,-0.64094,	3,	159,160,138
128,127,127,	-0.52852,-0.58374,-0.61637,	3,	159,175,160
128,127,127,	-0.40287,-0.88818,-0.22097,	3,	160,167,142
128,127,127,	-0.74298,-0.62033,-0.25134,	3,	160,176,167
128,127,127,	-0.59178,0.30707,-0.74532,	3,	161,183,148
128,127,127,	-0.65451,0.34214,-0.67420,	3,	161,193,183
128,127,127,	-0.50538,0.57745,0.64121,	3,	162,170,150
128,127,127,	-0.57037,0.53230,0.62557,	3,	162,189,170
128,127,127,	-0.65626,-0.31208,-0.68697,	3,	163,174,153
128,127,127,	-0.78203,-0.19280,-0.59266,	3,	163,188,174
128,127,127,	-0.57152,-0.27612,0.77274,	3,	164,177,154
128,127,127,	-0.54251,-0.26666,0.79660,	3,	164,191,177
128,127,127,	-0.66101,-0.00069,0.75037,	3,	165,177,166
128,127,127,	-0.61727,0.35638,0.70140,	3,	166,172,155
128,127,127,	-0.70804,0.26482,0.65464,	3,	166,177,172
128,127,127,	-0.62478,-0.77239,0.11428,	3,	167,173,152
128,127,127,	-0.63951,-0.76110,0.10842,	3,	167,185,173
128,127,127,	-0.46845,0.74382,-0.47674,	3,	168,181,158
128,127,127,	-0.55401,0.72662,-0.40631,	3,	168,197,181
128,127,127,	-0.53915,-0.32865,-0.77544,	3,	169,175,159
128,127,127,	-0.93852,0.03797,-0.34314,	3,	169,179,175
128,127,127,	-0.91262,-0.23375,-0.33540,	3,	169,184,179
128,127,127,	-0.43753,0.77213,0.46085,	3,	170,178,145
128,127,127,	-0.62454,0.64726,0.43704,	3,	170,200,178
128,127,127,	-0.58817,-0.42893,0.68562,	3,	171,191,164
128,127,127,	-0.79045,-0.47368,0.38835,	3,	171,194,191
128,127,127,	-0.59789,0.21448,0.77235,	3,	172,189,162
128,127,127,	-0.67811,0.08806,0.72967,	3,	172,192,189
128,127,127,	-0.30483,-0.83618,0.45594,	3,	173,187,156
128,127,127,	-0.78185,-0.61380,0.10939,	3,	173,190,187
128,127,127,	-0.93582,-0.29941,-0.18598,	3,	174,184,169
128,127,127,	-0.92281,-0.34445,-0.17254,	3,	174,188,184
128,127,127,	-0.74242,-0.60891,-0.27937,	3,	175,176,160
128,127,127,	-0.99226,-0.06147,-0.10788,	3,	175,179,176
128,127,127,	-0.69646,-0.64913,-0.30590,	3,	176,185,167
128,127,127,	-0.95529,-0.16651,-0.24432,	3,	176,186,185
128,127,127,	-0.71021,0.26496,0.65223,	3,	177,192,172
128,127,127,	-0.26056,0.92395,0.28003,	3,	178,180,147
128,127,127,	-0.64409,0.73108,0.22511,	3,	178,201,180
128,127,127,	-0.99493,-0.09534,0.03193,	3,	179,184,182
128,127,127,	-0.94836,-0.10930,-0.29778,	3,	179,186,176
128,127,127,	-0.48966,0.87112,0.03735,	3,	180,197,168
128,127,127,	-0.65135,0.74261,0.15583,	3,	180,201,197
128,127,127,	-0.62953,0.41643,-0.65596,	3,	181,193,161
128,127,127,	-0.71383,0.45405,-0.53319,	3,	181,197,193
128,127,127,	-0.96660,0.14936,-0.20827,	3,	182,186,179
128,127,127,	-0.85969,0.08869,-0.50306,	3,	182,195,186
128,127,127,	-0.71323,-0.41796,-0.56268,	3,	182,202,195
128,127,127,	-0.79204,-0.04047,-0.60912,	3,	183,188,163
128,127,127,	-0.82783,-0.00856,-0.56091,	3,	183,199,188
128,127,127,	-0.84966,-0.52248,-0.07135,	3,	184,196,182
128,127,127,	-0.78645,-0.58824,0.18832,	3,	185,190,173
128,127,127,	-0.95832,-0.16274,-0.23482,	3,	186,190,185
128,127,127,	-0.93921,-0.23997,-0.24558,	3,	186,195,190
128,127,127,	-0.79883,-0.34449,0.49315,	3,	187,194,171
128,127,127,	-0.82855,-0.33702,0.44712,	3,	187,198,194
128,127,127,	-0.86227,-0.40001,-0.31063,	3,	188,196,184
128,127,127,	-0.92694,-0.20824,-0.31213,	3,	188,199,196
128,127,127,	-0.65650,0.56713,0.49737,	3,	189,200,170
128,127,127,	-0.86623,0.24788,0.43382,	3,	189,204,200
128,127,127,	-0.79396,-0.59754,0.11211,	3,	190,198,187
128,127,127,	-0.80398,0.07006,0.59052,	3,	191,192,177
128,127,127,	-0.84516,0.06268,0.53083,	3,	191,203,192
128,127,127,	-0.85886,0.08099,0.50576,	3,	192,204,189
128,127,127,	-0.81840,0.17282,-0.54805,	3,	193,199,183
128,127,127,	-0.82583,0.17733,-0.53531,	3,	193,206,199
128,127,127,	-0.86020,-0.38969,0.32893,	3,	194,203,191
128,127,127,	-0.87278,-0.39372,0.28851,	3,	194,205,203
128,127,127,	-0.94723,-0.23346,-0.21969,	3,	195,198,190
128,127,127,	-0.92595,-0.29467,-0.23618,	3,	195,205,198
128,127,127,	-0.73444,-0.58256,-0.34817,	3,	196,202,182
128,127,127,	-0.89323,-0.30752,-0.32799,	3,	196,207,202
128,127,127,	-0.81375,0.34250,-0.46959,	3,	197,206,193
128,127,127,	-0.89231,-0.22164,0.39327,	3,	198,205,194
128,127,127,	-0.87902,-0.23167,-0.41671,	3,	199,207,196
128,127,127,	-0.68139,0.67165,0.29085,	3,	200,201,178
128,127,127,	-0.88679,0.41361,0.20623,	3,	200,209,201
128,127,127,	-0.90714,0.42078,-0.00672,	3,	201,206,197
128,127,127,	-0.91092,0.41258,-0.00125,	3,	201,209,206
128,127,127,	-0.91159,-0.38022,-0.15634,	3,	202,205,195
128,127,127,	-0.95204,-0.27835,-0.12707,	3,	202,208,205
128,127,127,	-0.85440,0.09657,0.51056,	3,	203,204,192
128,127,127,	-0.97074,0.04402,0.23606,	3,	203,208,204
128,127,127,	-0.92066,0.22918,0.31602,	3,	204,209,200
128,127,127,	-0.96424,-0.20615,0.16654,	3,	205,208,203
128,127,127,	-0.91835,-0.00925,-0.39566,	3,	206,207,199
128,127,127,	-0.99208,0.06613,-0.10683,	3,	206,209,207
128,127,127,	-0.95342,-0.27077,-0.13295,	3,	207,208,202
128,127,127,	-0.99832,-0.04871,-0.03146,	3,	207,209,208
128,127,127,	-0.96629,0.01423,0.25707,	3,	208,209,204

TEXTURES
oolite_rock_hermit_rock_diffuse.png	1.0 1.0	0.03739 0.69036	0.04857 0.58620	0.00247 0.64585
oolite_rock_hermit_rock_diffuse.png	1.0 1.0	0.03739 0.69036	0.08554 0.60825	0.04857 0.58620
oolite_rock_hermit_rock_diffuse.png	1.0 1.0	0.97047 0.68722	0.92449 0.76063	0.98809 0.76008
oolite_rock_hermit_rock_diffuse.png	1.0 1.0	0.97047 0.68722	0.91225 0.67943	0.92449 0.76063
oolite_rock_hermit_rock_diffuse.png	1.0 1.0	0.97047 0.68722	0.98730 0.55180	0.94903 0.61027
oolite_rock_hermit_rock_diffuse.png	1.0 1.0	0.92449 0.76063	0.94377 0.81869	0.98809 0.76008
oolite_rock_hermit_rock_diffuse.png	1.0 1.0	0.92449 0.76063	0.86955 0.85402	0.94377 0.81869
oolite_rock_hermit_rock_diffuse.png	1.0 1.0	0.02728 0.78784	0.07377 0.69471	0.03739 0.69036
oolite_rock_hermit_rock_diffuse.png	1.0 1.0	0.02728 0.78784	0.05253 0.80113	0.07377 0.69471
oolite_rock_hermit_rock_diffuse.png	1.0 1.0	0.94377 0.81869	0.89598 0.88234	0.94793 0.86920
oolite_rock_hermit_rock_diffuse.png	1.0 1.0	0.94903 0.61027	0.91225 0.67943	0.97047 0.68722
oolite_rock_hermit_rock_diffuse.png	1.0 1.0	0.94903 0.61027	0.90972 0.61274	0.91225 0.67943
oolite_rock_hermit_rock_diffuse.png	1.0 1.0	0.94903 0.61027	0.93343 0.54836	0.90972 0.61274
oolite_rock_hermit_rock_diffuse.png	1.0 1.0	0.04857 0.58620	0.00034 0.51674	0.00247 0.64585
oolite_rock_hermit_rock_diffuse.png	1.0 1.0	0.04857 0.58620	0.05296 0.44237	0.00034 0.51674
oolite_rock_hermit_rock_diffuse.png	1.0 1.0	0.04857 0.58620	0.10176 0.51609	0.05296 0.44237
oolite_rock_hermit_rock_diffuse.png	1.0 1.0	0.91225 0.67943	0.87173 0.74524	0.92449 0.76063
oolite_rock_hermit_rock_diffuse.png	1.0 1.0	0.91225 0.67943	0.86806 0.64222	0.87173 0.74524
oolite_rock_hermit_rock_diffuse.png	1.0 1.0	0.98730 0.55180	0.96617 0.52048	0.94903 0.61027
oolite_rock_hermit_rock_diffuse.png	1.0 1.0	0.98730 0.55180	0.99350 0.42490	0.96617 0.52048
oolite_rock_hermit_rock_diffuse.png	1.0 1.0	0.07377 0.69471	0.08554 0.60825	0.03739 0.69036
oolite_rock_hermit_rock_diffuse.png	1.0 1.0	0.07377 0.69471	0.13229 0.61693	0.08554 0.60825
oolite_rock_hermit_rock_diffuse.png	1.0 1.0	0.07377 0.69471	0.15161 0.66275	0.13229 0.61693
oolite_rock_hermit_rock_diffuse.png	1.0 1.0	0.08554 0.60825	0.10176 0.51609	0.04857 0.58620
oolite_rock_hermit_rock_diffuse.png	1.0 1.0	0.08554 0.60825	0.13986 0.53820	0.10176 0.51609
oolite_rock_hermit_rock_diffuse.png	1.0 1.0	0.90972 0.61274	0.86806 0.64222	0.91225 0.67943
oolite_rock_hermit_rock_diffuse.png	1.0 1.0	0.90972 0.61274	0.87564 0.57285	0.86806 0.64222
oolite_rock_hermit_rock_diffuse.png	1.0 1.0	0.96617 0.52048	0.93343 0.54836	0.94903 0.61027
oolite_rock_hermit_rock_diffuse.png	1.0 1.0	0.96617 0.52048	0.94282 0.48895	0.93343 0.54836
oolite_rock_hermit_rock_diffuse.png	1.0 1.0	0.96617 0.52048	0.95898 0.43158	0.94282 0.48895
oolite_rock_hermit_rock_diffuse.png	1.0 1.0	0.05296 0.44237	0.01034 0.38372	0.00034 0.51674
oolite_rock_hermit_rock_diffuse.png	1.0 1.0	0.05296 0.44237	0.05596 0.30921	0.01034 0.38372
oolite_rock_hermit_rock_diffuse.png	1.0 1.0	0.05296 0.44237	0.10491 0.40010	0.05596 0.30921
oolite_rock_hermit_rock_diffuse.png	1.0 1.0	0.93343 0.54836	0.91321 0.53350	0.90972 0.61274
oolite_rock_hermit_rock_diffuse.png	1.0 1.0	0.87173 0.74524	0.86955 0.85402	0.92449 0.76063
oolite_rock_hermit_rock_diffuse.png	1.0 1.0	0.87173 0.74524	0.82197 0.77816	0.86955 0.85402
oolite_rock_hermit_rock_diffuse.png	1.0 1.0	0.05253 0.80113	0.09171 0.79144	0.07377 0.69471
oolite_rock_hermit_rock_diffuse.png	1.0 1.0	0.99973 0.19692	0.95069 0.18359	0.97432 0.25489
oolite_rock_hermit_rock_diffuse.png	1.0 1.0	0.86806 0.64222	0.82871 0.67984	0.87173 0.74524
oolite_rock_hermit_rock_diffuse.png	1.0 1.0	0.86806 0.64222	0.83343 0.60170	0.82871 0.67984
oolite_rock_hermit_rock_diffuse.png	1.0 1.0	0.99350 0.42490	0.95898 0.43158	0.96617 0.52048
oolite_rock_hermit_rock_diffuse.png	1.0 1.0	0.99350 0.42490	0.95562 0.35275	0.95898 0.43158
oolite_rock_hermit_rock_diffuse.png	1.0 1.0	0.01454 0.29377	0.04499 0.17890	0.01210 0.19137
oolite_rock_hermit_rock_diffuse.png	1.0 1.0	0.94282 0.48895	0.91321 0.53350	0.93343 0.54836
oolite_rock_hermit_rock_diffuse.png	1.0 1.0	0.94282 0.48895	0.90902 0.45881	0.91321 0.53350
oolite_rock_hermit_rock_diffuse.png	1.0 1.0	0.86955 0.85402	0.89598 0.88234	0.94377 0.81869
oolite_rock_hermit_rock_diffuse.png	1.0 1.0	0.86955 0.85402	0.79808 0.98102	0.89051 0.92288
oolite_rock_hermit_rock_diffuse.png	1.0 1.0	0.91321 0.53350	0.87564 0.57285	0.90972 0.61274
oolite_rock_hermit_rock_diffuse.png	1.0 1.0	0.91321 0.53350	0.88476 0.50712	0.87564 0.57285
oolite_rock_hermit_rock_diffuse.png	1.0 1.0	0.91321 0.53350	0.90902 0.45881	0.88476 0.50712
oolite_rock_hermit_rock_diffuse.png	1.0 1.0	0.10176 0.51609	0.10491 0.40010	0.05296 0.44237
oolite_rock_hermit_rock_diffuse.png	1.0 1.0	0.10176 0.51609	0.14918 0.42275	0.10491 0.40010
oolite_rock_hermit_rock_diffuse.png	1.0 1.0	0.98224 0.10239	0.96738 0.14286	0.99973 0.19692
oolite_rock_hermit_rock_diffuse.png	1.0 1.0	0.98224 0.10239	0.93902 0.10686	0.96738 0.14286
oolite_rock_hermit_rock_diffuse.png	1.0 1.0	0.89051 0.92288	0.79808 0.98102	0.83572 0.99176
oolite_rock_hermit_rock_diffuse.png	1.0 1.0	0.13229 0.61693	0.13986 0.53820	0.08554 0.60825
oolite_rock_hermit_rock_diffuse.png	1.0 1.0	0.13229 0.61693	0.17624 0.55133	0.13986 0.53820
oolite_rock_hermit_rock_diffuse.png	1.0 1.0	0.13229 0.61693	0.20335 0.56860	0.17624 0.55133
oolite_rock_hermit_rock_diffuse.png	1.0 1.0	0.13229 0.61693	0.20518 0.58459	0.20335 0.56860
oolite_rock_hermit_rock_diffuse.png	1.0 1.0	0.87564 0.57285	0.83343 0.60170	0.86806 0.64222
oolite_rock_hermit_rock_diffuse.png	1.0 1.0	0.87564 0.57285	0.84320 0.51053	0.83343 0.60170
oolite_rock_hermit_rock_diffuse.png	1.0 1.0	0.95898 0.43158	0.93208 0.42737	0.94282 0.48895
oolite_rock_hermit_rock_diffuse.png	1.0 1.0	0.95898 0.43158	0.92298 0.37084	0.93208 0.42737
oolite_rock_hermit_rock_diffuse.png	1.0 1.0	0.09171 0.79144	0.13801 0.73623	0.07377 0.69471
oolite_rock_hermit_rock_diffuse.png	1.0 1.0	0.09171 0.79144	0.14796 0.83752	0.13801 0.73623
oolite_rock_hermit_rock_diffuse.png	1.0 1.0	0.97432 0.25489	0.92962 0.21298	0.92117 0.28888
oolite_rock_hermit_rock_diffuse.png	1.0 1.0	0.82871 0.67984	0.82197 0.77816	0.87173 0.74524
oolite_rock_hermit_rock_diffuse.png	1.0 1.0	0.82871 0.67984	0.78578 0.71773	0.82197 0.77816
oolite_rock_hermit_rock_diffuse.png	1.0 1.0	0.82871 0.67984	0.79307 0.62135	0.78578 0.71773
oolite_rock_hermit_rock_diffuse.png	1.0 1.0	0.13801 0.73623	0.15161 0.66275	0.07377 0.69471
oolite_rock_hermit_rock_diffuse.png	1.0 1.0	0.13801 0.73623	0.19364 0.69700	0.15161 0.66275
oolite_rock_hermit_rock_diffuse.png	1.0 1.0	0.13801 0.73623	0.20254 0.80612	0.19364 0.69700
oolite_rock_hermit_rock_diffuse.png	1.0 1.0	0.15161 0.66275	0.20518 0.58459	0.13229 0.61693
oolite_rock_hermit_rock_diffuse.png	1.0 1.0	0.96738 0.14286	0.95069 0.18359	0.99973 0.19692
oolite_rock_hermit_rock_diffuse.png	1.0 1.0	0.96738 0.14286	0.93902 0.10686	0.95069 0.18359
oolite_rock_hermit_rock_diffuse.png	1.0 1.0	0.06519 0.29377	0.04499 0.17890	0.01454 0.29377
oolite_rock_hermit_rock_diffuse.png	1.0 1.0	0.06519 0.29377	0.08641 0.17755	0.04499 0.17890
oolite_rock_hermit_rock_diffuse.png	1.0 1.0	0.82197 0.77816	0.78819 0.88098	0.86955 0.85402
oolite_rock_hermit_rock_diffuse.png	1.0 1.0	0.82197 0.77816	0.76025 0.79928	0.78819 0.88098
oolite_rock_hermit_rock_diffuse.png	1.0 1.0	0.13986 0.53820	0.14918 0.42275	0.10176 0.51609
oolite_rock_hermit_rock_diffuse.png	1.0 1.0	0.13986 0.53820	0.17762 0.45187	0.14918 0.42275
oolite_rock_hermit_rock_diffuse.png	1.0 1.0	0.83343 0.60170	0.79307 0.62135	0.82871 0.67984
oolite_rock_hermit_rock_diffuse.png	1.0 1.0	0.83343 0.60170	0.79966 0.51621	0.79307 0.62135
oolite_rock_hermit_rock_diffuse.png	1.0 1.0	0.93208 0.42737	0.90902 0.45881	0.94282 0.48895
oolite_rock_hermit_rock_diffuse.png	1.0 1.0	0.93208 0.42737	0.89251 0.39455	0.90902 0.45881
oolite_rock_hermit_rock_diffuse.png	1.0 1.0	0.88476 0.50712	0.84320 0.51053	0.87564 0.57285
oolite_rock_hermit_rock_diffuse.png	1.0 1.0	0.88476 0.50712	0.86171 0.44376	0.84320 0.51053
oolite_rock_hermit_rock_diffuse.png	1.0 1.0	0.10491 0.40010	0.12016 0.28678	0.05596 0.30921
oolite_rock_hermit_rock_diffuse.png	1.0 1.0	0.10491 0.40010	0.16170 0.31084	0.12016 0.28678
oolite_rock_hermit_rock_diffuse.png	1.0 1.0	0.90902 0.45881	0.86171 0.44376	0.88476 0.50712
oolite_rock_hermit_rock_diffuse.png	1.0 1.0	0.95562 0.35275	0.92298 0.37084	0.95898 0.43158
oolite_rock_hermit_rock_diffuse.png	1.0 1.0	0.95562 0.35275	0.91870 0.31862	0.92298 0.37084
oolite_rock_hermit_rock_diffuse.png	1.0 1.0	0.00620 0.16419	0.02697 0.06212	0.00129 0.07447
oolite_rock_hermit_rock_diffuse.png	1.0 1.0	0.95069 0.18359	0.92962 0.21298	0.97432 0.25489
oolite_rock_hermit_rock_diffuse.png	1.0 1.0	0.95069 0.18359	0.90941 0.15366	0.92962 0.21298
oolite_rock_hermit_rock_diffuse.png	1.0 1.0	0.04499 0.17890	0.02697 0.06212	0.00620 0.16419
oolite_rock_hermit_rock_diffuse.png	1.0 1.0	0.04499 0.17890	0.06032 0.04707	0.02697 0.06212
oolite_rock_hermit_rock_diffuse.png	1.0 1.0	0.93798 0.06775	0.93902 0.10686	0.98224 0.10239
oolite_rock_hermit_rock_diffuse.png	1.0 1.0	0.93798 0.06775	0.88775 0.10394	0.93902 0.10686
oolite_rock_hermit_rock_diffuse.png	1.0 1.0	0.93902 0.10686	0.90941 0.15366	0.95069 0.18359
oolite_rock_hermit_rock_diffuse.png	1.0 1.0	0.93902 0.10686	0.88775 0.10394	0.90941 0.15366
oolite_rock_hermit_rock_diffuse.png	1.0 1.0	0.78819 0.88098	0.79808 0.98102	0.86955 0.85402
oolite_rock_hermit_rock_diffuse.png	1.0 1.0	0.78819 0.88098	0.71585 0.92246	0.77272 0.94529
oolite_rock_hermit_rock_diffuse.png	1.0 1.0	0.78819 0.88098	0.72216 0.86207	0.71585 0.92246
oolite_rock_hermit_rock_diffuse.png	1.0 1.0	0.84320 0.51053	0.79966 0.51621	0.83343 0.60170
oolite_rock_hermit_rock_diffuse.png	1.0 1.0	0.84320 0.51053	0.81829 0.43179	0.79966 0.51621
oolite_rock_hermit_rock_diffuse.png	1.0 1.0	0.17624 0.55133	0.17762 0.45187	0.13986 0.53820
oolite_rock_hermit_rock_diffuse.png	1.0 1.0	0.17624 0.55133	0.20078 0.48678	0.17762 0.45187
oolite_rock_hermit_rock_diffuse.png	1.0 1.0	0.14796 0.83752	0.20254 0.80612	0.13801 0.73623
oolite_rock_hermit_rock_diffuse.png	1.0 1.0	0.20014 0.93341	0.24290 0.97858	0.23007 0.86443
oolite_rock_hermit_rock_diffuse.png	1.0 1.0	0.14918 0.42275	0.16170 0.31084	0.10491 0.40010
oolite_rock_hermit_rock_diffuse.png	1.0 1.0	0.14918 0.42275	0.20528 0.40840	0.16170 0.31084
oolite_rock_hermit_rock_diffuse.png	1.0 1.0	0.91961 0.00120	0.87738 0.04967	0.94000 0.05054
oolite_rock_hermit_rock_diffuse.png	1.0 1.0	0.91961 0.00120	0.85893 0.00245	0.87738 0.04967
oolite_rock_hermit_rock_diffuse.png	1.0 1.0	0.92298 0.37084	0.89251 0.39455	0.93208 0.42737
oolite_rock_hermit_rock_diffuse.png	1.0 1.0	0.92298 0.37084	0.91870 0.31862	0.89251 0.39455
oolite_rock_hermit_rock_diffuse.png	1.0 1.0	0.19364 0.69700	0.20518 0.58459	0.15161 0.66275
oolite_rock_hermit_rock_diffuse.png	1.0 1.0	0.19364 0.69700	0.22904 0.64048	0.20518 0.58459
oolite_rock_hermit_rock_diffuse.png	1.0 1.0	0.19364 0.69700	0.23356 0.70886	0.22904 0.64048
oolite_rock_hermit_rock_diffuse.png	1.0 1.0	0.92962 0.21298	0.89022 0.19978	0.92117 0.28888
oolite_rock_hermit_rock_diffuse.png	1.0 1.0	0.78578 0.71773	0.76025 0.79928	0.82197 0.77816
oolite_rock_hermit_rock_diffuse.png	1.0 1.0	0.78578 0.71773	0.72086 0.73765	0.76025 0.79928
oolite_rock_hermit_rock_diffuse.png	1.0 1.0	0.79307 0.62135	0.74129 0.66547	0.78578 0.71773
oolite_rock_hermit_rock_diffuse.png	1.0 1.0	0.79307 0.62135	0.74526 0.57041	0.74129 0.66547
oolite_rock_hermit_rock_diffuse.png	1.0 1.0	0.89251 0.39455	0.86171 0.44376	0.90902 0.45881
oolite_rock_hermit_rock_diffuse.png	1.0 1.0	0.89251 0.39455	0.84909 0.35265	0.86171 0.44376
oolite_rock_hermit_rock_diffuse.png	1.0 1.0	0.91870 0.31862	0.84909 0.35265	0.89251 0.39455
oolite_rock_hermit_rock_diffuse.png	1.0 1.0	0.91870 0.31862	0.87259 0.27513	0.84909 0.35265
oolite_rock_hermit_rock_diffuse.png	1.0 1.0	0.20335 0.56860	0.20078 0.48678	0.17624 0.55133
oolite_rock_hermit_rock_diffuse.png	1.0 1.0	0.20335 0.56860	0.21156 0.49669	0.20078 0.48678
oolite_rock_hermit_rock_diffuse.png	1.0 1.0	0.86171 0.44376	0.81829 0.43179	0.84320 0.51053
oolite_rock_hermit_rock_diffuse.png	1.0 1.0	0.86171 0.44376	0.84909 0.35265	0.81829 0.43179
oolite_rock_hermit_rock_diffuse.png	1.0 1.0	0.17762 0.45187	0.20528 0.40840	0.14918 0.42275
oolite_rock_hermit_rock_diffuse.png	1.0 1.0	0.39688 0.18675	0.39154 0.09100	0.37569 0.18644
oolite_rock_hermit_rock_diffuse.png	1.0 1.0	0.39688 0.18675	0.40635 0.05786	0.39154 0.09100
oolite_rock_hermit_rock_diffuse.png	1.0 1.0	0.20254 0.80612	0.23356 0.70886	0.19364 0.69700
oolite_rock_hermit_rock_diffuse.png	1.0 1.0	0.20254 0.80612	0.25164 0.75593	0.23356 0.70886
oolite_rock_hermit_rock_diffuse.png	1.0 1.0	0.20254 0.80612	0.27920 0.82423	0.25164 0.75593
oolite_rock_hermit_rock_diffuse.png	1.0 1.0	0.12938 0.27133	0.08641 0.17755	0.06519 0.29377
oolite_rock_hermit_rock_diffuse.png	1.0 1.0	0.12938 0.27133	0.13946 0.20098	0.08641 0.17755
oolite_rock_hermit_rock_diffuse.png	1.0 1.0	0.08641 0.17755	0.06032 0.04707	0.04499 0.17890
oolite_rock_hermit_rock_diffuse.png	1.0 1.0	0.08641 0.17755	0.10628 0.09953	0.06032 0.04707
oolite_rock_hermit_rock_diffuse.png	1.0 1.0	0.08641 0.17755	0.13873 0.13482	0.10628 0.09953
oolite_rock_hermit_rock_diffuse.png	1.0 1.0	0.76025 0.79928	0.72216 0.86207	0.78819 0.88098
oolite_rock_hermit_rock_diffuse.png	1.0 1.0	0.76025 0.79928	0.69104 0.81242	0.72216 0.86207
oolite_rock_hermit_rock_diffuse.png	1.0 1.0	0.90941 0.15366	0.89022 0.19978	0.92962 0.21298
oolite_rock_hermit_rock_diffuse.png	1.0 1.0	0.90941 0.15366	0.86833 0.13981	0.89022 0.19978
oolite_rock_hermit_rock_diffuse.png	1.0 1.0	0.20078 0.48678	0.20528 0.40840	0.17762 0.45187
oolite_rock_hermit_rock_diffuse.png	1.0 1.0	0.20078 0.48678	0.22061 0.42275	0.20528 0.40840
oolite_rock_hermit_rock_diffuse.png	1.0 1.0	0.79966 0.51621	0.74526 0.57041	0.79307 0.62135
oolite_rock_hermit_rock_diffuse.png	1.0 1.0	0.79966 0.51621	0.75111 0.46308	0.74526 0.57041
oolite_rock_hermit_rock_diffuse.png	1.0 1.0	0.87738 0.04967	0.88775 0.10394	0.94000 0.05054
oolite_rock_hermit_rock_diffuse.png	1.0 1.0	0.87738 0.04967	0.84446 0.10497	0.88775 0.10394
oolite_rock_hermit_rock_diffuse.png	1.0 1.0	0.87738 0.04967	0.82278 0.07059	0.84446 0.10497
oolite_rock_hermit_rock_diffuse.png	1.0 1.0	0.81829 0.43179	0.78916 0.39853	0.79966 0.51621
oolite_rock_hermit_rock_diffuse.png	1.0 1.0	0.17650 0.31395	0.13946 0.20098	0.12938 0.27133
oolite_rock_hermit_rock_diffuse.png	1.0 1.0	0.17650 0.31395	0.19545 0.21700	0.13946 0.20098
oolite_rock_hermit_rock_diffuse.png	1.0 1.0	0.17650 0.31395	0.23516 0.24870	0.19545 0.21700
oolite_rock_hermit_rock_diffuse.png	1.0 1.0	0.21156 0.49669	0.22061 0.42275	0.20078 0.48678
oolite_rock_hermit_rock_diffuse.png	1.0 1.0	0.88775 0.10394	0.86833 0.13981	0.90941 0.15366
oolite_rock_hermit_rock_diffuse.png	1.0 1.0	0.88775 0.10394	0.84446 0.10497	0.86453 0.14914
oolite_rock_hermit_rock_diffuse.png	1.0 1.0	0.23356 0.70886	0.25390 0.69495	0.22904 0.64048
oolite_rock_hermit_rock_diffuse.png	1.0 1.0	0.89022 0.19978	0.87168 0.25368	0.92117 0.28888
oolite_rock_hermit_rock_diffuse.png	1.0 1.0	0.89022 0.19978	0.85966 0.19203	0.87168 0.25368
oolite_rock_hermit_rock_diffuse.png	1.0 1.0	0.24283 0.97837	0.26672 0.95645	0.23017 0.86484
oolite_rock_hermit_rock_diffuse.png	1.0 1.0	0.86004 0.27920	0.83549 0.18999	0.83030 0.30811
oolite_rock_hermit_rock_diffuse.png	1.0 1.0	0.43023 0.17169	0.40635 0.05786	0.39688 0.18675
oolite_rock_hermit_rock_diffuse.png	1.0 1.0	0.43023 0.17169	0.44752 0.06022	0.40635 0.05786
oolite_rock_hermit_rock_diffuse.png	1.0 1.0	0.43023 0.17169	0.48273 0.12042	0.44752 0.06022
oolite_rock_hermit_rock_diffuse.png	1.0 1.0	0.84909 0.35265	0.81930 0.31759	0.81829 0.43179
oolite_rock_hermit_rock_diffuse.png	1.0 1.0	0.87259 0.27513	0.81930 0.31759	0.84909 0.35265
oolite_rock_hermit_rock_diffuse.png	1.0 1.0	0.39154 0.09100	0.40635 0.05786	0.36233 0.00865
oolite_rock_hermit_rock_diffuse.png	1.0 1.0	0.71585 0.92246	0.70491 0.97068	0.77272 0.94529
oolite_rock_hermit_rock_diffuse.png	1.0 1.0	0.71585 0.92246	0.66605 0.96560	0.70491 0.97068
oolite_rock_hermit_rock_diffuse.png	1.0 1.0	0.71585 0.92246	0.65602 0.88398	0.66605 0.96560
oolite_rock_hermit_rock_diffuse.png	1.0 1.0	0.20528 0.40840	0.19576 0.34505	0.16170 0.31084
oolite_rock_hermit_rock_diffuse.png	1.0 1.0	0.20528 0.40840	0.22061 0.42275	0.19576 0.34505
oolite_rock_hermit_rock_diffuse.png	1.0 1.0	0.85893 0.00245	0.82278 0.07059	0.87738 0.04967
oolite_rock_hermit_rock_diffuse.png	1.0 1.0	0.85893 0.00245	0.81543 0.00165	0.82278 0.07059
oolite_rock_hermit_rock_diffuse.png	1.0 1.0	0.13946 0.20098	0.13873 0.13482	0.08641 0.17755
oolite_rock_hermit_rock_diffuse.png	1.0 1.0	0.13946 0.20098	0.19545 0.21700	0.13873 0.13482
oolite_rock_hermit_rock_diffuse.png	1.0 1.0	0.25164 0.75593	0.25390 0.69495	0.23356 0.70886
oolite_rock_hermit_rock_diffuse.png	1.0 1.0	0.25164 0.75593	0.26154 0.69943	0.25390 0.69495
oolite_rock_hermit_rock_diffuse.png	1.0 1.0	0.25164 0.75593	0.28863 0.73745	0.26154 0.69943
oolite_rock_hermit_rock_diffuse.png	1.0 1.0	0.72216 0.86207	0.65602 0.88398	0.71585 0.92246
oolite_rock_hermit_rock_diffuse.png	1.0 1.0	0.86833 0.13981	0.85966 0.19203	0.89022 0.19978
oolite_rock_hermit_rock_diffuse.png	1.0 1.0	0.86453 0.14914	0.83549 0.18999	0.85966 0.19203
oolite_rock_hermit_rock_diffuse.png	1.0 1.0	0.85966 0.19203	0.83549 0.18999	0.86004 0.27920
oolite_rock_hermit_rock_diffuse.png	1.0 1.0	0.21604 0.34044	0.23516 0.24870	0.17650 0.31395
oolite_rock_hermit_rock_diffuse.png	1.0 1.0	0.22061 0.42275	0.22578 0.41056	0.19576 0.34505
oolite_rock_hermit_rock_diffuse.png	1.0 1.0	0.81930 0.31759	0.78916 0.39853	0.81829 0.43179
oolite_rock_hermit_rock_diffuse.png	1.0 1.0	0.81930 0.31759	0.79285 0.30704	0.78916 0.39853
oolite_rock_hermit_rock_diffuse.png	1.0 1.0	0.26672 0.95645	0.27426 0.86376	0.23017 0.86484
oolite_rock_hermit_rock_diffuse.png	1.0 1.0	0.31207 0.92444	0.33868 0.87799	0.27920 0.82423
oolite_rock_hermit_rock_diffuse.png	1.0 1.0	0.84446 0.10497	0.83549 0.18999	0.86453 0.14914
oolite_rock_hermit_rock_diffuse.png	1.0 1.0	0.84446 0.10497	0.82278 0.07059	0.83549 0.18999
oolite_rock_hermit_rock_diffuse.png	1.0 1.0	0.10628 0.09953	0.11281 0.00371	0.06032 0.04707
oolite_rock_hermit_rock_diffuse.png	1.0 1.0	0.10628 0.09953	0.15171 0.05681	0.11281 0.00371
oolite_rock_hermit_rock_diffuse.png	1.0 1.0	0.83549 0.18999	0.81035 0.16575	0.83030 0.30811
oolite_rock_hermit_rock_diffuse.png	1.0 1.0	0.03841 0.99552	0.01588 0.88230	0.00454 0.91768
oolite_rock_hermit_rock_diffuse.png	1.0 1.0	0.03841 0.99552	0.05616 0.89753	0.01588 0.88230
oolite_rock_hermit_rock_diffuse.png	1.0 1.0	0.27920 0.82423	0.28863 0.73745	0.25164 0.75593
oolite_rock_hermit_rock_diffuse.png	1.0 1.0	0.27920 0.82423	0.31966 0.76377	0.28863 0.73745
oolite_rock_hermit_rock_diffuse.png	1.0 1.0	0.22578 0.41056	0.24677 0.32854	0.19576 0.34505
oolite_rock_hermit_rock_diffuse.png	1.0 1.0	0.22578 0.41056	0.25913 0.39010	0.24677 0.32854
oolite_rock_hermit_rock_diffuse.png	1.0 1.0	0.78916 0.39853	0.75111 0.46308	0.79966 0.51621
oolite_rock_hermit_rock_diffuse.png	1.0 1.0	0.78916 0.39853	0.75383 0.34992	0.75111 0.46308
oolite_rock_hermit_rock_diffuse.png	1.0 1.0	0.74129 0.66547	0.72086 0.73765	0.78578 0.71773
oolite_rock_hermit_rock_diffuse.png	1.0 1.0	0.74129 0.66547	0.68335 0.67564	0.72086 0.73765
oolite_rock_hermit_rock_diffuse.png	1.0 1.0	0.13873 0.13482	0.15171 0.05681	0.10628 0.09953
oolite_rock_hermit_rock_diffuse.png	1.0 1.0	0.82278 0.07059	0.81035 0.16575	0.83549 0.18999
oolite_rock_hermit_rock_diffuse.png	1.0 1.0	0.82278 0.07059	0.77702 0.08286	0.81035 0.16575
oolite_rock_hermit_rock_diffuse.png	1.0 1.0	0.72086 0.73765	0.69104 0.81242	0.76025 0.79928
oolite_rock_hermit_rock_diffuse.png	1.0 1.0	0.72086 0.73765	0.65942 0.75547	0.69104 0.81242
oolite_rock_hermit_rock_diffuse.png	1.0 1.0	0.79285 0.30704	0.75383 0.34992	0.78916 0.39853
oolite_rock_hermit_rock_diffuse.png	1.0 1.0	0.81035 0.16575	0.79069 0.32327	0.83030 0.30811
oolite_rock_hermit_rock_diffuse.png	1.0 1.0	0.81035 0.16575	0.74733 0.22634	0.79069 0.32327
oolite_rock_hermit_rock_diffuse.png	1.0 1.0	0.74526 0.57041	0.70280 0.60677	0.74129 0.66547
oolite_rock_hermit_rock_diffuse.png	1.0 1.0	0.74526 0.57041	0.70120 0.52070	0.70280 0.60677
oolite_rock_hermit_rock_diffuse.png	1.0 1.0	0.19545 0.21700	0.18436 0.13776	0.13873 0.13482
oolite_rock_hermit_rock_diffuse.png	1.0 1.0	0.19545 0.21700	0.25894 0.14504	0.18436 0.13776
oolite_rock_hermit_rock_diffuse.png	1.0 1.0	0.81543 0.00165	0.77702 0.08286	0.82278 0.07059
oolite_rock_hermit_rock_diffuse.png	1.0 1.0	0.63380 0.95395	0.58093 0.86469	0.58726 0.97745
oolite_rock_hermit_rock_diffuse.png	1.0 1.0	0.28863 0.73745	0.29497 0.67944	0.26154 0.69943
oolite_rock_hermit_rock_diffuse.png	1.0 1.0	0.28863 0.73745	0.31550 0.70093	0.29497 0.67944
oolite_rock_hermit_rock_diffuse.png	1.0 1.0	0.69104 0.81242	0.65602 0.88398	0.72216 0.86207
oolite_rock_hermit_rock_diffuse.png	1.0 1.0	0.69104 0.81242	0.62423 0.81162	0.65602 0.88398
oolite_rock_hermit_rock_diffuse.png	1.0 1.0	0.33868 0.87799	0.31966 0.76377	0.27920 0.82423
oolite_rock_hermit_rock_diffuse.png	1.0 1.0	0.33868 0.87799	0.36417 0.79140	0.31966 0.76377
oolite_rock_hermit_rock_diffuse.png	1.0 1.0	0.75111 0.46308	0.70120 0.52070	0.74526 0.57041
oolite_rock_hermit_rock_diffuse.png	1.0 1.0	0.75111 0.46308	0.69913 0.39961	0.70120 0.52070
oolite_rock_hermit_rock_diffuse.png	1.0 1.0	0.07958 0.99787	0.05616 0.89753	0.03841 0.99552
oolite_rock_hermit_rock_diffuse.png	1.0 1.0	0.07958 0.99787	0.09473 0.90021	0.05616 0.89753
oolite_rock_hermit_rock_diffuse.png	1.0 1.0	0.07958 0.99787	0.12978 0.95841	0.09473 0.90021
oolite_rock_hermit_rock_diffuse.png	1.0 1.0	0.25896 0.30697	0.23516 0.24870	0.21604 0.34044
oolite_rock_hermit_rock_diffuse.png	1.0 1.0	0.25896 0.30697	0.28574 0.24064	0.23516 0.24870
oolite_rock_hermit_rock_diffuse.png	1.0 1.0	0.24677 0.32854	0.29480 0.37490	0.29424 0.31524
oolite_rock_hermit_rock_diffuse.png	1.0 1.0	0.65602 0.88398	0.58093 0.86469	0.63380 0.95395
oolite_rock_hermit_rock_diffuse.png	1.0 1.0	0.23516 0.24870	0.25894 0.14504	0.19545 0.21700
oolite_rock_hermit_rock_diffuse.png	1.0 1.0	0.48273 0.12042	0.49772 0.02075	0.44752 0.06022
oolite_rock_hermit_rock_diffuse.png	1.0 1.0	0.48273 0.12042	0.53653 0.07725	0.49772 0.02075
oolite_rock_hermit_rock_diffuse.png	1.0 1.0	0.18436 0.13776	0.15171 0.05681	0.13873 0.13482
oolite_rock_hermit_rock_diffuse.png	1.0 1.0	0.18436 0.13776	0.21340 0.04152	0.15171 0.05681
oolite_rock_hermit_rock_diffuse.png	1.0 1.0	0.25913 0.39010	0.29480 0.37490	0.24677 0.32854
oolite_rock_hermit_rock_diffuse.png	1.0 1.0	0.76643 0.23057	0.75383 0.34992	0.79285 0.30704
oolite_rock_hermit_rock_diffuse.png	1.0 1.0	0.76643 0.23057	0.70738 0.26516	0.75383 0.34992
oolite_rock_hermit_rock_diffuse.png	1.0 1.0	0.75383 0.34992	0.69913 0.39961	0.75111 0.46308
oolite_rock_hermit_rock_diffuse.png	1.0 1.0	0.31966 0.76377	0.31550 0.70093	0.28863 0.73745
oolite_rock_hermit_rock_diffuse.png	1.0 1.0	0.31966 0.76377	0.33649 0.69783	0.31550 0.70093
oolite_rock_hermit_rock_diffuse.png	1.0 1.0	0.52163 0.18143	0.53653 0.07725	0.48273 0.12042
oolite_rock_hermit_rock_diffuse.png	1.0 1.0	0.77702 0.08286	0.74733 0.22634	0.81035 0.16575
oolite_rock_hermit_rock_diffuse.png	1.0 1.0	0.53741 0.94998	0.49951 0.85933	0.47088 0.95423
oolite_rock_hermit_rock_diffuse.png	1.0 1.0	0.70280 0.60677	0.68335 0.67564	0.74129 0.66547
oolite_rock_hermit_rock_diffuse.png	1.0 1.0	0.70280 0.60677	0.65908 0.58764	0.68335 0.67564
oolite_rock_hermit_rock_diffuse.png	1.0 1.0	0.31550 0.70093	0.32727 0.65787	0.29497 0.67944
oolite_rock_hermit_rock_diffuse.png	1.0 1.0	0.68335 0.67564	0.65942 0.75547	0.72086 0.73765
oolite_rock_hermit_rock_diffuse.png	1.0 1.0	0.68335 0.67564	0.63601 0.66842	0.65942 0.75547
oolite_rock_hermit_rock_diffuse.png	1.0 1.0	0.65942 0.75547	0.62423 0.81162	0.69104 0.81242
oolite_rock_hermit_rock_diffuse.png	1.0 1.0	0.65942 0.75547	0.61328 0.71830	0.62423 0.81162
oolite_rock_hermit_rock_diffuse.png	1.0 1.0	0.41843 0.88575	0.36417 0.79140	0.33868 0.87799
oolite_rock_hermit_rock_diffuse.png	1.0 1.0	0.41843 0.88575	0.41739 0.76755	0.36417 0.79140
oolite_rock_hermit_rock_diffuse.png	1.0 1.0	0.36417 0.79140	0.33649 0.69783	0.31966 0.76377
oolite_rock_hermit_rock_diffuse.png	1.0 1.0	0.36417 0.79140	0.36844 0.69988	0.33649 0.69783
oolite_rock_hermit_rock_diffuse.png	1.0 1.0	0.36417 0.79140	0.41739 0.76755	0.36844 0.69988
oolite_rock_hermit_rock_diffuse.png	1.0 1.0	0.09473 0.90021	0.08063 0.79742	0.05616 0.89753
oolite_rock_hermit_rock_diffuse.png	1.0 1.0	0.09473 0.90021	0.13787 0.86033	0.08063 0.79742
oolite_rock_hermit_rock_diffuse.png	1.0 1.0	0.70120 0.52070	0.65908 0.58764	0.70280 0.60677
oolite_rock_hermit_rock_diffuse.png	1.0 1.0	0.70120 0.52070	0.65659 0.47920	0.65908 0.58764
oolite_rock_hermit_rock_diffuse.png	1.0 1.0	0.28574 0.24064	0.25894 0.14504	0.23516 0.24870
oolite_rock_hermit_rock_diffuse.png	1.0 1.0	0.29424 0.31524	0.32183 0.31715	0.32355 0.20758
oolite_rock_hermit_rock_diffuse.png	1.0 1.0	0.33649 0.69783	0.32727 0.65787	0.31550 0.70093
oolite_rock_hermit_rock_diffuse.png	1.0 1.0	0.33649 0.69783	0.33221 0.64591	0.32727 0.65787
oolite_rock_hermit_rock_diffuse.png	1.0 1.0	0.33649 0.69783	0.36844 0.69988	0.33221 0.64591
oolite_rock_hermit_rock_diffuse.png	1.0 1.0	0.62423 0.81162	0.58093 0.86469	0.65602 0.88398
oolite_rock_hermit_rock_diffuse.png	1.0 1.0	0.62423 0.81162	0.58494 0.76391	0.58093 0.86469
oolite_rock_hermit_rock_diffuse.png	1.0 1.0	0.29504 0.37287	0.32183 0.31715	0.29424 0.31524
oolite_rock_hermit_rock_diffuse.png	1.0 1.0	0.12978 0.95841	0.13787 0.86033	0.09473 0.90021
oolite_rock_hermit_rock_diffuse.png	1.0 1.0	0.12978 0.95841	0.18093 0.91059	0.13787 0.86033
oolite_rock_hermit_rock_diffuse.png	1.0 1.0	0.58093 0.86469	0.49951 0.85933	0.53741 0.94998
oolite_rock_hermit_rock_diffuse.png	1.0 1.0	0.58093 0.86469	0.54587 0.78396	0.49951 0.85933
oolite_rock_hermit_rock_diffuse.png	1.0 1.0	0.33221 0.64591	0.36789 0.60614	0.33941 0.57415
oolite_rock_hermit_rock_diffuse.png	1.0 1.0	0.30200 0.37952	0.32183 0.31715	0.29504 0.37287
oolite_rock_hermit_rock_diffuse.png	1.0 1.0	0.30200 0.37952	0.34315 0.36998	0.32183 0.31715
oolite_rock_hermit_rock_diffuse.png	1.0 1.0	0.25894 0.14504	0.21340 0.04152	0.18436 0.13776
oolite_rock_hermit_rock_diffuse.png	1.0 1.0	0.25894 0.14504	0.27295 0.00266	0.21340 0.04152
oolite_rock_hermit_rock_diffuse.png	1.0 1.0	0.70738 0.26516	0.69913 0.39961	0.75383 0.34992
oolite_rock_hermit_rock_diffuse.png	1.0 1.0	0.70738 0.26516	0.65620 0.28566	0.69913 0.39961
oolite_rock_hermit_rock_diffuse.png	1.0 1.0	0.58332 0.16615	0.53653 0.07725	0.52163 0.18143
oolite_rock_hermit_rock_diffuse.png	1.0 1.0	0.58332 0.16615	0.61101 0.05707	0.53653 0.07725
oolite_rock_hermit_rock_diffuse.png	1.0 1.0	0.69913 0.39961	0.65659 0.47920	0.70120 0.52070
oolite_rock_hermit_rock_diffuse.png	1.0 1.0	0.69913 0.39961	0.63160 0.37284	0.65659 0.47920
oolite_rock_hermit_rock_diffuse.png	1.0 1.0	0.67462 0.15799	0.68697 0.05367	0.63582 0.10149
oolite_rock_hermit_rock_diffuse.png	1.0 1.0	0.67462 0.15799	0.74911 0.13781	0.68697 0.05367
oolite_rock_hermit_rock_diffuse.png	1.0 1.0	0.32183 0.31715	0.36817 0.28821	0.32355 0.20758
oolite_rock_hermit_rock_diffuse.png	1.0 1.0	0.36844 0.69988	0.36789 0.60614	0.33221 0.64591
oolite_rock_hermit_rock_diffuse.png	1.0 1.0	0.36844 0.69988	0.40088 0.66099	0.36789 0.60614
oolite_rock_hermit_rock_diffuse.png	1.0 1.0	0.49951 0.85933	0.41739 0.76755	0.41843 0.88575
oolite_rock_hermit_rock_diffuse.png	1.0 1.0	0.49951 0.85933	0.49169 0.76269	0.41739 0.76755
oolite_rock_hermit_rock_diffuse.png	1.0 1.0	0.65908 0.58764	0.63601 0.66842	0.68335 0.67564
oolite_rock_hermit_rock_diffuse.png	1.0 1.0	0.65908 0.58764	0.61721 0.56643	0.63601 0.66842
oolite_rock_hermit_rock_diffuse.png	1.0 1.0	0.33941 0.57415	0.36902 0.49562	0.34694 0.50272
oolite_rock_hermit_rock_diffuse.png	1.0 1.0	0.32337 0.43326	0.34315 0.36998	0.30200 0.37952
oolite_rock_hermit_rock_diffuse.png	1.0 1.0	0.32337 0.43326	0.35997 0.43077	0.34315 0.36998
oolite_rock_hermit_rock_diffuse.png	1.0 1.0	0.41739 0.76755	0.40088 0.66099	0.36844 0.69988
oolite_rock_hermit_rock_diffuse.png	1.0 1.0	0.41739 0.76755	0.45181 0.69143	0.40088 0.66099
oolite_rock_hermit_rock_diffuse.png	1.0 1.0	0.63601 0.66842	0.61328 0.71830	0.65942 0.75547
oolite_rock_hermit_rock_diffuse.png	1.0 1.0	0.63601 0.66842	0.60379 0.63191	0.61328 0.71830
oolite_rock_hermit_rock_diffuse.png	1.0 1.0	0.63601 0.66842	0.61721 0.56643	0.60379 0.63191
oolite_rock_hermit_rock_diffuse.png	1.0 1.0	0.64765 0.17653	0.65620 0.28566	0.70738 0.26516
oolite_rock_hermit_rock_diffuse.png	1.0 1.0	0.64765 0.17653	0.60440 0.19690	0.65620 0.28566
oolite_rock_hermit_rock_diffuse.png	1.0 1.0	0.61328 0.71830	0.58494 0.76391	0.62423 0.81162
oolite_rock_hermit_rock_diffuse.png	1.0 1.0	0.61328 0.71830	0.58564 0.68768	0.58494 0.76391
oolite_rock_hermit_rock_diffuse.png	1.0 1.0	0.58494 0.76391	0.54587 0.78396	0.58093 0.86469
oolite_rock_hermit_rock_diffuse.png	1.0 1.0	0.58494 0.76391	0.56735 0.70608	0.54587 0.78396
oolite_rock_hermit_rock_diffuse.png	1.0 1.0	0.65620 0.28566	0.63160 0.37284	0.69913 0.39961
oolite_rock_hermit_rock_diffuse.png	1.0 1.0	0.65620 0.28566	0.59171 0.26729	0.63160 0.37284
oolite_rock_hermit_rock_diffuse.png	1.0 1.0	0.34315 0.36998	0.36817 0.28821	0.32183 0.31715
oolite_rock_hermit_rock_diffuse.png	1.0 1.0	0.34315 0.36998	0.38796 0.37052	0.36817 0.28821
oolite_rock_hermit_rock_diffuse.png	1.0 1.0	0.65659 0.47920	0.61721 0.56643	0.65908 0.58764
oolite_rock_hermit_rock_diffuse.png	1.0 1.0	0.65659 0.47920	0.60329 0.46301	0.61721 0.56643
oolite_rock_hermit_rock_diffuse.png	1.0 1.0	0.36789 0.60614	0.36902 0.49562	0.33941 0.57415
oolite_rock_hermit_rock_diffuse.png	1.0 1.0	0.36789 0.60614	0.39855 0.53775	0.36902 0.49562
oolite_rock_hermit_rock_diffuse.png	1.0 1.0	0.34694 0.50272	0.36902 0.49562	0.34530 0.48709
oolite_rock_hermit_rock_diffuse.png	1.0 1.0	0.34530 0.48709	0.35997 0.43077	0.32337 0.43326
oolite_rock_hermit_rock_diffuse.png	1.0 1.0	0.34530 0.48709	0.36902 0.49562	0.35997 0.43077
oolite_rock_hermit_rock_diffuse.png	1.0 1.0	0.54587 0.78396	0.49169 0.76269	0.49951 0.85933
oolite_rock_hermit_rock_diffuse.png	1.0 1.0	0.54587 0.78396	0.53154 0.72613	0.49169 0.76269
oolite_rock_hermit_rock_diffuse.png	1.0 1.0	0.18093 0.91059	0.17916 0.83885	0.13787 0.86033
oolite_rock_hermit_rock_diffuse.png	1.0 1.0	0.18093 0.91059	0.22674 0.86473	0.17916 0.83885
oolite_rock_hermit_rock_diffuse.png	1.0 1.0	0.60379 0.63191	0.58564 0.68768	0.61328 0.71830
oolite_rock_hermit_rock_diffuse.png	1.0 1.0	0.60379 0.63191	0.57567 0.63365	0.58564 0.68768
oolite_rock_hermit_rock_diffuse.png	1.0 1.0	0.60379 0.63191	0.58707 0.55571	0.57567 0.63365
oolite_rock_hermit_rock_diffuse.png	1.0 1.0	0.36817 0.28821	0.41656 0.19999	0.32355 0.20758
oolite_rock_hermit_rock_diffuse.png	1.0 1.0	0.36817 0.28821	0.43514 0.30244	0.41656 0.19999
oolite_rock_hermit_rock_diffuse.png	1.0 1.0	0.40088 0.66099	0.39855 0.53775	0.36789 0.60614
oolite_rock_hermit_rock_diffuse.png	1.0 1.0	0.40088 0.66099	0.43698 0.59602	0.39855 0.53775
oolite_rock_hermit_rock_diffuse.png	1.0 1.0	0.35997 0.43077	0.38796 0.37052	0.34315 0.36998
oolite_rock_hermit_rock_diffuse.png	1.0 1.0	0.35997 0.43077	0.39439 0.44660	0.38796 0.37052
oolite_rock_hermit_rock_diffuse.png	1.0 1.0	0.49169 0.76269	0.45181 0.69143	0.41739 0.76755
oolite_rock_hermit_rock_diffuse.png	1.0 1.0	0.49169 0.76269	0.50258 0.67853	0.45181 0.69143
oolite_rock_hermit_rock_diffuse.png	1.0 1.0	0.61721 0.56643	0.58707 0.55571	0.60379 0.63191
oolite_rock_hermit_rock_diffuse.png	1.0 1.0	0.61721 0.56643	0.60329 0.46301	0.58707 0.55571
oolite_rock_hermit_rock_diffuse.png	1.0 1.0	0.58564 0.68768	0.56735 0.70608	0.58494 0.76391
oolite_rock_hermit_rock_diffuse.png	1.0 1.0	0.58564 0.68768	0.57567 0.63365	0.56735 0.70608
oolite_rock_hermit_rock_diffuse.png	1.0 1.0	0.56735 0.70608	0.53154 0.72613	0.54587 0.78396
oolite_rock_hermit_rock_diffuse.png	1.0 1.0	0.56735 0.70608	0.54339 0.66043	0.53154 0.72613
oolite_rock_hermit_rock_diffuse.png	1.0 1.0	0.36902 0.49562	0.39439 0.44660	0.35997 0.43077
oolite_rock_hermit_rock_diffuse.png	1.0 1.0	0.64287 0.11938	0.61101 0.05707	0.58332 0.16615
oolite_rock_hermit_rock_diffuse.png	1.0 1.0	0.41656 0.19999	0.48154 0.24889	0.46371 0.15419
oolite_rock_hermit_rock_diffuse.png	1.0 1.0	0.57567 0.63365	0.58707 0.55571	0.55120 0.58421
oolite_rock_hermit_rock_diffuse.png	1.0 1.0	0.57567 0.63365	0.54339 0.66043	0.56735 0.70608
oolite_rock_hermit_rock_diffuse.png	1.0 1.0	0.74911 0.13781	0.73278 0.00781	0.68697 0.05367
oolite_rock_hermit_rock_diffuse.png	1.0 1.0	0.46371 0.15419	0.48154 0.24889	0.54163 0.19732
oolite_rock_hermit_rock_diffuse.png	1.0 1.0	0.60440 0.19690	0.59171 0.26729	0.65620 0.28566
oolite_rock_hermit_rock_diffuse.png	1.0 1.0	0.60440 0.19690	0.54163 0.19732	0.59171 0.26729
oolite_rock_hermit_rock_diffuse.png	1.0 1.0	0.55120 0.58421	0.54339 0.66043	0.57567 0.63365
oolite_rock_hermit_rock_diffuse.png	1.0 1.0	0.55120 0.58421	0.51238 0.60084	0.54339 0.66043
oolite_rock_hermit_rock_diffuse.png	1.0 1.0	0.55120 0.58421	0.52000 0.49525	0.51238 0.60084
oolite_rock_hermit_rock_diffuse.png	1.0 1.0	0.63160 0.37284	0.60329 0.46301	0.65659 0.47920
oolite_rock_hermit_rock_diffuse.png	1.0 1.0	0.63160 0.37284	0.57449 0.36857	0.60329 0.46301
oolite_rock_hermit_rock_diffuse.png	1.0 1.0	0.58707 0.55571	0.56302 0.47153	0.55120 0.58421
oolite_rock_hermit_rock_diffuse.png	1.0 1.0	0.53154 0.72613	0.50258 0.67853	0.49169 0.76269
oolite_rock_hermit_rock_diffuse.png	1.0 1.0	0.54339 0.66043	0.50258 0.67853	0.53154 0.72613
oolite_rock_hermit_rock_diffuse.png	1.0 1.0	0.54339 0.66043	0.51238 0.60084	0.50258 0.67853
oolite_rock_hermit_rock_diffuse.png	1.0 1.0	0.45181 0.69143	0.43698 0.59602	0.40088 0.66099
oolite_rock_hermit_rock_diffuse.png	1.0 1.0	0.45181 0.69143	0.47385 0.62800	0.43698 0.59602
oolite_rock_hermit_rock_diffuse.png	1.0 1.0	0.60329 0.46301	0.56302 0.47153	0.58707 0.55571
oolite_rock_hermit_rock_diffuse.png	1.0 1.0	0.60329 0.46301	0.57449 0.36857	0.56302 0.47153
oolite_rock_hermit_rock_diffuse.png	1.0 1.0	0.38796 0.37052	0.43514 0.30244	0.36817 0.28821
oolite_rock_hermit_rock_diffuse.png	1.0 1.0	0.38796 0.37052	0.43612 0.38924	0.43514 0.30244
oolite_rock_hermit_rock_diffuse.png	1.0 1.0	0.50258 0.67853	0.47385 0.62800	0.45181 0.69143
oolite_rock_hermit_rock_diffuse.png	1.0 1.0	0.39855 0.53775	0.39439 0.44660	0.36902 0.49562
oolite_rock_hermit_rock_diffuse.png	1.0 1.0	0.39855 0.53775	0.43600 0.48578	0.39439 0.44660
oolite_rock_hermit_rock_diffuse.png	1.0 1.0	0.39439 0.44660	0.43612 0.38924	0.38796 0.37052
oolite_rock_hermit_rock_diffuse.png	1.0 1.0	0.59171 0.26729	0.57449 0.36857	0.63160 0.37284
oolite_rock_hermit_rock_diffuse.png	1.0 1.0	0.59171 0.26729	0.53635 0.30044	0.57449 0.36857
oolite_rock_hermit_rock_diffuse.png	1.0 1.0	0.43698 0.59602	0.43600 0.48578	0.39855 0.53775
oolite_rock_hermit_rock_diffuse.png	1.0 1.0	0.43698 0.59602	0.47588 0.53409	0.43600 0.48578
oolite_rock_hermit_rock_diffuse.png	1.0 1.0	0.51238 0.60084	0.47385 0.62800	0.50258 0.67853
oolite_rock_hermit_rock_diffuse.png	1.0 1.0	0.51238 0.60084	0.47588 0.53409	0.47385 0.62800
oolite_rock_hermit_rock_diffuse.png	1.0 1.0	0.56302 0.47153	0.52000 0.49525	0.55120 0.58421
oolite_rock_hermit_rock_diffuse.png	1.0 1.0	0.56302 0.47153	0.52846 0.38509	0.52000 0.49525
oolite_rock_hermit_rock_diffuse.png	1.0 1.0	0.54163 0.19732	0.53635 0.30044	0.59171 0.26729
oolite_rock_hermit_rock_diffuse.png	1.0 1.0	0.47385 0.62800	0.47588 0.53409	0.43698 0.59602
oolite_rock_hermit_rock_diffuse.png	1.0 1.0	0.57449 0.36857	0.52846 0.38509	0.56302 0.47153
oolite_rock_hermit_rock_diffuse.png	1.0 1.0	0.43514 0.30244	0.48154 0.24889	0.41656 0.19999
oolite_rock_hermit_rock_diffuse.png	1.0 1.0	0.43514 0.30244	0.48690 0.33842	0.48154 0.24889
oolite_rock_hermit_rock_diffuse.png	1.0 1.0	0.48154 0.24889	0.53635 0.30044	0.54163 0.19732
oolite_rock_hermit_rock_diffuse.png	1.0 1.0	0.48154 0.24889	0.48690 0.33842	0.53635 0.30044
oolite_rock_hermit_rock_diffuse.png	1.0 1.0	0.52000 0.49525	0.47588 0.53409	0.51238 0.60084
oolite_rock_hermit_rock_diffuse.png	1.0 1.0	0.52000 0.49525	0.48246 0.44276	0.47588 0.53409
oolite_rock_hermit_rock_diffuse.png	1.0 1.0	0.43600 0.48578	0.43612 0.38924	0.39439 0.44660
oolite_rock_hermit_rock_diffuse.png	1.0 1.0	0.43600 0.48578	0.48246 0.44276	0.43612 0.38924
oolite_rock_hermit_rock_diffuse.png	1.0 1.0	0.43612 0.38924	0.48690 0.33842	0.43514 0.30244
oolite_rock_hermit_rock_diffuse.png	1.0 1.0	0.47588 0.53409	0.48246 0.44276	0.43600 0.48578
oolite_rock_hermit_rock_diffuse.png	1.0 1.0	0.53635 0.30044	0.52846 0.38509	0.57449 0.36857
oolite_rock_hermit_rock_diffuse.png	1.0 1.0	0.53635 0.30044	0.48690 0.33842	0.52846 0.38509
oolite_rock_hermit_rock_diffuse.png	1.0 1.0	0.52846 0.38509	0.48246 0.44276	0.52000 0.49525
oolite_rock_hermit_rock_diffuse.png	1.0 1.0	0.52846 0.38509	0.48690 0.33842	0.48246 0.44276
oolite_rock_hermit_rock_diffuse.png	1.0 1.0	0.48246 0.44276	0.48690 0.33842	0.43612 0.38924

END
