// Converted by Obj2DatTexNorm.py Wavefront OBJ file conversion script
// (c) 2005-2013 By Giles Williams and Jens Ayton
// 
// original file: "worm2.obj"
// 
// model size: 35.499 x 24.995 x 39.137
// 
// materials used: ['Hull']
// 
NVERTS 1094
NFACES 618

VERTEX
1.9983 11.1575 -14.4941
-1.9983 11.1575 -14.4941
1.65276 9.94993 -14.4941
17.5967 -8.10443 -14.4941
6.09126 -7.45386 16.6694
17.1377 -7.04404 -14.4941
16.08 -11.4543 -13.4531
15.9507 -8.21995 -14.4941
15.9507 -8.21995 -13.4531
11.4976 -12.4975 -14.4941
6.16213 -11.0392 14.7659
16.8316 -12.4975 -14.4941
11.4901 -11.4543 -13.4531
11.4786 -11.4563 -14.4941
16.08 -11.4543 -14.4941
10.4814 4.71601 -16.4299
6.67264 10.2381 -19.5685
10.0591 4.35146 -16.4409
8.0544 -10.6835 -14.4941
-8.05441 -10.6835 -14.4941
3.76087 -9.78786 14.7659
7.1917 10.5282 -16.4299
5.93762 12.4507 -16.4299
7.1917 10.5282 -19.5685
7.1917 10.5282 -19.5685
7.1917 10.5282 -14.4941
7.09575 2.76439 -3.74533
5.03957 5.06783 -1.6052
5.33477 5.80839 -3.75347
6.98196 2.64671 -3.21648
6.91806 -10.4436 14.7659
3.04395 -7.33242 19.5615
6.09126 -7.45386 16.6694
6.69632 -3.34498 -15.312
5.41744 -7.24162 -13.4531
6.69632 -3.34498 -13.4531
5.41744 -7.24162 -15.312
6.69632 -3.34498 -15.312
5.41744 0.55166 -15.312
6.1225 -3.34498 -15.9068
6.67264 10.2381 -19.5685
5.78126 11.659 -19.5685
6.67264 10.2434 -14.4941
5.78126 11.659 -14.4941
5.76309 -6.63626 16.6694
5.93762 12.4975 -19.5685
5.8697 9.32725 -13.4531
2.47027 9.87922 -14.4941
2.47027 9.87922 -13.4531
5.86319 9.32725 -14.4941
5.76309 -6.63626 16.6694
2.72403 -6.61315 19.5685
3.14098 -2.78642 16.6694
5.41744 -7.24162 -15.312
1.89196 -9.1096 -15.9068
2.06928 -9.64987 -15.312
4.95321 0.21775 -15.9068
4.95321 -6.90771 -15.9068
3.76087 -9.78786 14.7659
2.33175 -7.92794 19.5615
6.16213 -11.0392 14.7659
-3.7724 -9.78786 14.7659
3.66512 7.64931 -3.8007
-3.66512 7.64931 -3.8007
4.05575 8.1875 -3.95403
3.64665 6.64995 -0.1789
-3.64665 6.64995 -0.1789
3.33164 6.39595 -0.72334
-3.33164 6.39595 -0.72334
2.72239 11.659 -18.3033
2.06902 11.7733 -17.5179
2.06902 10.9348 -17.5179
2.72239 12.4975 -18.3152
2.47027 2.75863 -13.4531
-2.47027 2.75863 -15.312
2.47027 2.75863 -15.312
2.20268 8.99172 -5.92862
-2.20268 8.99172 -5.92862
1.67404 8.51583 -6.50695
1.9983 11.1575 -14.4941
-1.9983 11.1575 -14.4941
2.06902 11.7733 -16.4299
1.82088 -2.66107 19.0506
1.82088 -0.21208 16.6694
2.51709 -0.90134 16.6694
-1.67404 8.51583 -6.50695
1.65276 6.4653 -13.4531
-1.65277 6.4653 -13.4531
1.65276 6.4653 -14.4941
1.65276 9.94993 -13.4531
-1.65277 9.94993 -14.4941
-1.65277 9.94993 -13.4531
1.65276 9.94993 -14.4941
0.96466 -2.09462 16.6694
0.96466 -0.68094 16.6694
0.96466 -2.66107 19.0506
0.96466 -0.21208 16.6694
0.96466 0.34895 16.6694
0.96466 0.94615 13.8256
0.96466 -0.21208 16.6694
-0.96466 -2.66107 19.0506
-0.96466 -0.68094 16.6694
-0.96466 -2.09462 16.6694
-0.96466 -0.21208 16.6694
-0.96466 -0.21208 16.6694
-0.96466 0.94615 13.8256
-0.96466 0.34895 16.6694
-1.65277 6.4653 -14.4941
-1.82088 -2.66107 19.0506
-2.51709 -0.90134 16.6694
-1.82088 -0.21208 16.6694
-2.06902 11.7733 -16.4299
-2.06902 10.9348 -17.5179
-2.72239 11.659 -14.4941
-2.06902 10.9348 -14.4941
-2.72239 11.659 -18.3033
-2.06902 11.7733 -16.4299
-2.72239 12.4975 -16.4299
-2.06902 11.7733 -17.5179
-2.32976 -7.92794 19.5615
-6.91211 -10.4436 14.7659
-3.04395 -7.33242 19.5615
-2.47027 2.75863 -13.4531
-2.47027 2.75863 -13.4531
-2.47027 9.87922 -14.4941
-2.47027 9.87922 -13.4531
-2.47027 2.75863 -14.4941
-2.47027 2.75863 -15.312
-4.95321 0.21775 -15.9068
-2.17179 2.21836 -15.9068
-5.41744 0.55166 -15.312
-2.72239 11.659 -18.3033
-2.72239 12.4975 -18.3152
-2.72239 11.659 -19.5685
-2.72239 12.4975 -18.3152
-2.72239 12.4975 -19.5685
-2.72403 -6.61315 19.5685
-5.76309 -6.63626 16.6694
-3.14098 -2.78642 16.6694
-4.05575 8.1875 -3.95403
-4.95321 -6.90771 -15.9068
-6.1225 -3.34498 -15.9068
-5.41744 -7.24162 -15.312
-5.03957 5.06783 -1.6052
-5.60648 6.65228 -3.95403
-5.15117 5.53905 -0.91461
-5.33478 5.80839 -3.75347
-5.41744 0.55166 -13.4531
-6.69632 -3.34498 -13.4531
-5.41744 0.55166 -15.312
-5.78126 11.659 -19.5685
-6.67264 10.2434 -14.4941
-5.78126 11.659 -14.4941
-5.93762 12.4507 -16.4299
-7.1917 10.5282 -19.5685
-5.93762 12.4975 -19.5685
-6.09126 -7.45386 16.6694
-17.1377 -7.04404 -14.4941
-5.76309 -6.63626 16.6694
-17.5967 -8.10443 -14.4941
-6.69632 -3.34498 -15.312
-6.15688 -11.0392 14.7659
-6.67264 10.2381 -19.5685
-6.67264 10.2381 -19.5685
-10.4814 4.71601 -16.4299
-10.0591 4.35146 -16.4409
-6.69632 -3.34498 -15.312
-6.98196 2.64671 -3.21648
-7.77899 2.81083 -3.95403
-7.09575 2.76439 -3.74533
-7.1917 10.5282 -14.4941
-7.1917 10.5282 -16.4299
-7.1917 10.5282 -19.5685
-7.53682 2.57612 -2.87827
-11.4901 -11.4543 -13.4531
-16.08 -11.4543 -14.4941
-11.4786 -11.4563 -14.4941
-11.4976 -12.4975 -14.4941
-16.8316 -12.4975 -14.4941
-6.15688 -11.0392 14.7659
-15.9507 -8.21995 -14.4941
-16.08 -11.4543 -13.4531
-15.9507 -8.21995 -13.4531
-16.08 -11.4543 -14.4941
-2.98629 6.93301 -13.9962
-3.76318 5.60086 -15.6421
-2.98629 6.93301 -15.6421
-3.76318 5.60086 -13.9962
-3.76318 8.26516 -13.9962
-5.31695 8.26516 -15.6421
-5.31695 8.26516 -13.9962
-3.76318 8.26516 -15.6421
-5.31695 5.60086 -13.9962
-6.09384 6.93301 -13.9962
-5.31695 5.60086 -15.6421
-6.09384 6.93301 -15.6421
6.49751 6.93301 -13.4487
5.514 5.24655 -15.6421
5.514 5.24655 -13.4487
6.49751 6.93301 -15.6421
6.08426 6.93301 -13.9962
5.30737 5.60086 -15.6421
6.08426 6.93301 -15.6421
5.514 8.61947 -13.4487
3.54697 8.61947 -15.6421
5.514 8.61947 -15.6421
5.30737 5.60086 -13.9962
5.30737 8.26516 -13.9962
3.7536 8.26516 -15.6421
3.7536 8.26516 -13.9962
5.30737 8.26516 -15.6421
3.7536 5.60086 -13.9962
2.97671 6.93301 -13.9962
3.7536 5.60086 -15.6421
3.54697 5.24655 -15.6421
2.56346 6.93301 -13.4487
3.54697 5.24655 -13.4487
2.56346 6.93301 -15.6421
3.54697 8.61947 -13.4487
2.97671 6.93301 -15.6421
-10.5462 -8.98678 -13.4595
-11.8235 -11.177 -15.6314
-11.8235 -11.177 -13.4595
-10.5462 -8.98678 -15.6314
-11.0829 -8.98678 -14.0416
-12.0918 -7.25671 -14.0416
-12.0918 -10.7168 -14.0416
-11.8235 -6.79657 -13.4595
-14.3781 -6.79657 -15.6314
-11.8235 -6.79657 -15.6314
-14.1097 -10.7168 -14.0416
-14.1097 -7.25671 -14.0416
-15.1187 -8.98678 -14.0416
-14.3781 -11.177 -15.6314
-15.6554 -8.98678 -13.4595
-14.3781 -11.177 -13.4595
-15.6554 -8.98678 -15.6314
-14.3781 -6.79657 -13.4595
14.111 -10.7168 -14.0416
12.0932 -10.7168 -15.6314
14.111 -10.7168 -15.6314
14.111 -7.25671 -14.0416
12.0932 -7.25671 -15.6314
12.0932 -7.25671 -14.0416
14.111 -7.25671 -15.6314
12.0932 -10.7168 -14.0416
-12.6946 -12.4975 -14.4941
-12.6946 -11.957 -16.6309
-12.6946 -12.4975 -16.6309
-12.6946 -11.957 -14.4941
-16.549 -7.04404 -14.4941
-17.008 -8.10443 -16.6309
-17.008 -8.10443 -14.4941
-16.549 -7.04404 -16.6309
-16.6494 -11.957 -14.4941
-17.1468 -11.5992 -16.6309
-16.6494 -11.957 -16.6309
-16.8316 -12.4975 -14.4941
-17.7497 -11.7401 -16.6309
-17.7497 -11.7401 -14.4941
-16.8316 -12.4975 -16.6309
-17.1377 -7.04404 -14.4941
-17.5967 -8.10443 -16.6309
-17.1377 -7.04404 -16.6309
-17.1468 -11.5992 -14.4941
-17.5967 -8.10443 -14.4941
17.5967 -8.10443 -16.6309
17.1468 -11.5992 -16.6309
17.7497 -11.7401 -16.6309
17.008 -8.10443 -16.6309
16.8316 -12.4975 -16.6309
16.6494 -11.957 -16.6309
17.1377 -7.04404 -16.6309
16.549 -7.04404 -16.6309
12.6946 -12.4975 -16.6309
12.6946 -11.957 -16.6309
1.99578 6.05106 -15.2228
1.97165 4.63284 -14.4941
1.99578 6.05106 -14.4941
1.97165 4.63284 -15.7433
-1.97165 4.63284 -14.4941
-1.99578 6.05106 -15.2228
-1.99578 6.05106 -14.4941
-1.97165 4.63284 -15.7433
-2.62934 11.8817 -14.4941
-5.86993 11.8509 -14.4941
-2.72239 12.4975 -16.4299
-1.9983 11.1575 -14.4941
-2.62934 11.8817 -14.4941
-2.06902 11.7733 -16.4299
2.62934 11.8817 -14.4941
1.9983 11.1575 -14.4941
2.06902 11.7733 -16.4299
5.86993 11.8509 -14.4941
2.62934 11.8817 -14.4941
2.72239 12.4975 -16.4299
16.8316 -12.4975 -14.4941
6.91806 -10.4436 14.7659
17.7497 -11.7401 -14.4941
6.16213 -11.0392 14.7659
16.08 -11.4543 -14.4941
15.9507 -8.21995 -13.4531
5.86319 9.32725 -14.4941
5.8697 9.32725 -13.4531
15.9507 -8.21995 -14.4941
11.4901 -11.4543 -13.4531
8.12545 -9.64987 -13.4531
11.4786 -11.4563 -14.4941
10.8732 4.02384 -14.4941
7.1917 10.5282 -14.4941
10.4814 4.71601 -16.4299
7.1917 10.5282 -16.4299
10.0591 4.35146 -16.4409
6.67264 10.2434 -14.4941
10.4285 3.76385 -14.4941
8.12545 -9.64987 -14.4941
8.0544 -10.6835 -14.4941
6.16213 -11.0392 14.7659
11.4976 -12.4975 -14.4941
3.76087 -9.78786 14.7659
7.77899 2.81083 -3.95403
5.33477 5.80839 -3.75347
5.60647 6.65228 -3.95403
7.53682 2.57612 -2.87827
5.03957 5.06783 -1.6052
6.98196 2.64671 -3.21648
7.1917 10.5282 -19.5685
7.1917 10.5282 -14.4941
4.26973 8.99172 -5.92862
5.86993 11.8509 -14.4941
7.09575 2.76439 -3.74533
6.69632 -3.34498 -13.4531
5.41744 0.55166 -15.312
6.69632 -3.34498 -15.312
6.67264 10.2381 -19.5685
6.1225 -3.34498 -15.9068
5.41744 -7.24162 -15.312
6.69632 -3.34498 -15.312
4.95321 -6.90771 -15.9068
6.09126 -7.45386 16.6694
3.04395 -7.33242 19.5615
5.76309 -6.63626 16.6694
5.90227 7.3755 -5.92862
4.05575 8.1875 -3.95403
5.60647 6.65228 -3.95403
3.64665 6.64995 -0.1789
5.41744 -7.24162 -15.312
2.06928 -9.64987 -13.4531
5.41744 -7.24162 -13.4531
2.06928 -9.64987 -15.312
5.41744 0.55166 -13.4531
5.15117 5.53905 -0.91461
5.15117 5.53905 -0.91461
2.51709 -0.90134 16.6694
3.76087 -9.78786 14.7659
-2.32976 -7.92794 19.5615
2.33175 -7.92794 19.5615
-3.7724 -9.78786 14.7659
3.14098 -2.78642 16.6694
1.82088 -2.66107 19.0506
2.51709 -0.90134 16.6694
2.72403 -6.61315 19.5685
2.72403 -6.61315 19.5685
2.72239 11.659 -14.4941
2.06902 10.9348 -17.5179
2.06902 10.9348 -14.4941
2.72239 11.659 -18.3033
2.72239 11.659 -19.5685
2.72239 12.4975 -18.3152
2.72239 11.659 -18.3033
2.72239 12.4975 -19.5685
2.72239 12.4975 -16.4299
2.06902 11.7733 -17.5179
2.72239 12.4975 -18.3152
1.82088 -0.21208 16.6694
2.47027 2.75863 -13.4531
2.47027 9.87922 -14.4941
2.47027 2.75863 -14.4941
2.47027 2.75863 -15.312
-2.17179 2.21836 -15.9068
2.17179 2.21836 -15.9068
-2.47027 2.75863 -15.312
2.47027 9.87922 -13.4531
2.06928 -9.64987 -15.312
-2.06928 -9.64987 -14.4941
2.06928 -9.64987 -14.4941
-2.06928 -9.64987 -15.312
2.06902 11.7733 -16.4299
2.06902 11.7733 -17.5179
-2.06902 10.9348 -17.5179
2.06902 10.9348 -17.5179
-2.06902 11.7733 -17.5179
1.82088 -2.66107 19.0506
0.96466 -0.21208 16.6694
1.82088 -0.21208 16.6694
1.67404 8.51583 -6.50695
-1.67404 8.51583 -6.50695
1.9983 11.1575 -14.4941
1.65276 6.4653 -13.4531
1.65276 9.94993 -14.4941
1.65276 9.94993 -13.4531
1.65276 6.4653 -14.4941
0.96466 -2.66107 19.0506
0.96466 -2.09462 16.6694
-0.96466 -0.68094 16.6694
0.96466 -0.68094 16.6694
-0.96466 -0.21208 16.6694
0.96466 -0.21208 16.6694
-0.96466 0.34895 16.6694
0.96466 0.34895 16.6694
-0.96466 -2.66107 19.0506
-1.82088 -0.21208 16.6694
-0.96466 -0.21208 16.6694
-0.96466 -2.09462 16.6694
-1.65277 2.75863 -14.4941
1.65276 2.75863 -14.4941
-1.65277 6.4653 -14.4941
-1.65277 6.4653 -13.4531
-1.65277 9.94993 -14.4941
-1.65277 6.4653 -14.4941
1.65276 6.4653 -14.4941
-1.65277 9.94993 -13.4531
-1.9983 11.1575 -14.4941
-1.82088 -2.66107 19.0506
-1.82088 -2.66107 19.0506
-3.14098 -2.78642 16.6694
-2.51709 -0.90134 16.6694
-2.06928 -9.64987 -13.4531
-5.41744 -7.24162 -15.312
-5.41744 -7.24162 -13.4531
-2.06928 -9.64987 -13.4531
-8.12545 -9.64987 -14.4941
-2.06928 -9.64987 -14.4941
-2.06928 -9.64987 -15.312
-2.47027 2.75863 -13.4531
-5.41744 0.55166 -13.4531
-2.47027 2.75863 -15.312
-2.47027 9.87922 -14.4941
-5.59032 9.32725 -13.4531
-2.47027 9.87922 -13.4531
-5.86319 9.32725 -14.4941
-2.72239 11.659 -18.3033
-5.78126 11.659 -14.4941
-2.72239 11.659 -14.4941
-5.78126 11.659 -19.5685
-2.72239 11.659 -19.5685
-2.72239 12.4975 -16.4299
-5.93762 12.4507 -16.4299
-2.72239 12.4975 -18.3152
-5.93762 12.4975 -19.5685
-2.72239 12.4975 -19.5685
-2.72403 -6.61315 19.5685
-3.04395 -7.33242 19.5615
-6.91211 -10.4436 14.7659
-6.09126 -7.45386 16.6694
-3.64665 6.64995 -0.1789
-3.66512 7.64931 -3.8007
-3.33164 6.39595 -0.72334
-4.05575 8.1875 -3.95403
-3.7724 -9.78786 14.7659
-8.05441 -10.6835 -14.4941
-6.15688 -11.0392 14.7659
-5.03957 5.06783 -1.6052
-7.53682 2.57612 -2.87827
-6.98196 2.64671 -3.21648
-5.15117 5.53905 -0.91461
-5.33478 5.80839 -3.75347
-7.77899 2.81083 -3.95403
-5.60648 6.65228 -3.95403
-5.41744 0.55166 -15.312
-5.41744 0.55166 -15.312
-6.1225 -3.34498 -15.9068
-4.95321 0.21775 -15.9068
-6.69632 -3.34498 -15.312
-6.15688 -11.0392 14.7659
-16.8316 -12.4975 -14.4941
-6.91211 -10.4436 14.7659
-6.67264 10.2381 -19.5685
-10.0591 4.35146 -16.4409
-6.67264 10.2434 -14.4941
-7.09575 2.76439 -3.74533
-7.1917 10.5282 -14.4941
-10.4814 4.71601 -16.4299
-7.1917 10.5282 -16.4299
-10.8732 4.02384 -14.4941
-7.1917 10.5282 -19.5685
-11.4976 -12.4975 -14.4941
-8.12545 -9.64987 -13.4531
-10.4285 3.76385 -14.4941
-16.08 -11.4543 -13.4531
-16.08 -11.4543 -14.4941
-11.4901 -11.4543 -13.4531
-17.7497 -11.7401 -14.4941
-2.98629 6.93301 -15.6421
-3.76318 8.26516 -13.9962
-2.98629 6.93301 -13.9962
-3.76318 8.26516 -15.6421
-3.55655 5.24655 -13.4487
-5.52358 5.24655 -15.6421
-5.52358 5.24655 -13.4487
-3.55655 5.24655 -15.6421
-3.55655 8.61947 -13.4487
-5.52358 8.61947 -15.6421
-3.55655 8.61947 -15.6421
-3.76318 5.60086 -13.9962
-5.31695 5.60086 -15.6421
-3.76318 5.60086 -15.6421
-5.31695 5.60086 -13.9962
-5.31695 8.26516 -13.9962
-6.09384 6.93301 -15.6421
-6.09384 6.93301 -13.9962
-5.31695 8.26516 -15.6421
-5.52358 8.61947 -13.4487
6.49751 6.93301 -13.4487
5.514 8.61947 -13.4487
6.49751 6.93301 -15.6421
6.08426 6.93301 -15.6421
5.30737 8.26516 -13.9962
6.08426 6.93301 -13.9962
5.30737 8.26516 -15.6421
5.514 5.24655 -13.4487
3.54697 5.24655 -15.6421
3.54697 5.24655 -13.4487
5.514 5.24655 -15.6421
5.514 8.61947 -15.6421
5.30737 5.60086 -13.9962
3.7536 5.60086 -15.6421
5.30737 5.60086 -15.6421
3.7536 5.60086 -13.9962
3.7536 8.26516 -13.9962
2.97671 6.93301 -15.6421
2.97671 6.93301 -13.9962
3.7536 8.26516 -15.6421
3.54697 8.61947 -13.4487
2.56346 6.93301 -15.6421
3.54697 8.61947 -15.6421
2.56346 6.93301 -13.4487
-11.0829 -8.98678 -14.0416
-12.0918 -10.7168 -15.6314
-11.0829 -8.98678 -15.6314
-12.0918 -10.7168 -14.0416
-12.0918 -7.25671 -14.0416
-14.1097 -7.25671 -15.6314
-14.1097 -7.25671 -14.0416
-12.0918 -7.25671 -15.6314
-14.1097 -10.7168 -14.0416
-15.1187 -8.98678 -14.0416
-14.1097 -10.7168 -15.6314
-15.1187 -8.98678 -15.6314
15.6567 -8.98678 -13.4595
14.3794 -11.177 -15.6314
14.3794 -11.177 -13.4595
15.6567 -8.98678 -15.6314
15.12 -8.98678 -14.0416
14.111 -10.7168 -15.6314
15.12 -8.98678 -15.6314
14.3794 -6.79657 -13.4595
11.8248 -6.79657 -15.6314
14.3794 -6.79657 -15.6314
14.111 -10.7168 -14.0416
12.0932 -10.7168 -14.0416
11.0842 -8.98678 -14.0416
12.0932 -10.7168 -15.6314
11.8248 -11.177 -15.6314
10.5475 -8.98678 -13.4595
11.8248 -11.177 -13.4595
10.5475 -8.98678 -15.6314
11.8248 -6.79657 -13.4595
11.0842 -8.98678 -15.6314
-12.6946 -12.4975 -14.4941
-16.8316 -12.4975 -16.6309
-16.8316 -12.4975 -14.4941
-12.6946 -12.4975 -16.6309
-12.6946 -11.957 -14.4941
-16.6494 -11.957 -14.4941
-12.6946 -11.957 -16.6309
-16.549 -7.04404 -14.4941
-17.1377 -7.04404 -16.6309
-16.549 -7.04404 -16.6309
-16.6494 -11.957 -16.6309
-17.008 -8.10443 -14.4941
-17.1468 -11.5992 -16.6309
-17.1468 -11.5992 -14.4941
-17.008 -8.10443 -16.6309
-17.1377 -7.04404 -14.4941
-17.5967 -8.10443 -14.4941
-17.7497 -11.7401 -14.4941
-17.5967 -8.10443 -16.6309
-17.7497 -11.7401 -16.6309
17.7497 -11.7401 -14.4941
17.5967 -8.10443 -16.6309
17.7497 -11.7401 -16.6309
17.5967 -8.10443 -14.4941
17.1468 -11.5992 -16.6309
17.008 -8.10443 -14.4941
17.1468 -11.5992 -14.4941
17.008 -8.10443 -16.6309
17.1377 -7.04404 -14.4941
16.549 -7.04404 -14.4941
17.1377 -7.04404 -16.6309
16.549 -7.04404 -16.6309
12.6946 -12.4975 -14.4941
12.6946 -11.957 -16.6309
12.6946 -11.957 -14.4941
12.6946 -12.4975 -16.6309
1.99578 6.05106 -14.4941
-1.99578 6.05106 -15.2228
1.99578 6.05106 -15.2228
1.97165 4.63284 -15.7433
-1.97165 4.63284 -14.4941
1.97165 4.63284 -14.4941
-1.97165 4.63284 -15.7433
-1.99578 6.05106 -14.4941
-5.59374 -5.09883 -15.6047
-7.36736 -5.09883 -15.6047
-5.59374 -5.09883 -13.4484
-5.59374 -1.55329 -13.4484
-7.36736 -1.55329 -15.6047
-5.59374 -1.55329 -15.6047
-8.45882 -1.55329 -13.4484
-8.45882 -5.09883 -13.4484
-5.86993 11.8509 -14.4941
-7.1917 10.5282 -14.4941
-5.93762 12.4507 -16.4299
7.1917 10.5282 -14.4941
5.86993 11.8509 -14.4941
5.93762 12.4507 -16.4299
17.7497 -11.7401 -14.4941
6.91806 -10.4436 14.7659
17.5967 -8.10443 -14.4941
16.08 -11.4543 -13.4531
11.4901 -11.4543 -13.4531
16.08 -11.4543 -14.4941
10.4814 4.71601 -16.4299
10.4285 3.76385 -14.4941
10.8732 4.02384 -14.4941
10.0591 4.35146 -16.4409
8.12545 -9.64987 -13.4531
2.06928 -9.64987 -13.4531
8.12545 -9.64987 -14.4941
7.77899 2.81083 -3.95403
6.98196 2.64671 -3.21648
7.09575 2.76439 -3.74533
7.53682 2.57612 -2.87827
6.09126 -7.45386 16.6694
6.91806 -10.4436 14.7659
2.33175 -7.92794 19.5615
3.04395 -7.33242 19.5615
6.16213 -11.0392 14.7659
5.93762 12.4507 -16.4299
2.72239 12.4975 -18.3152
5.93762 12.4975 -19.5685
5.78126 11.659 -14.4941
2.72239 11.659 -18.3033
2.72239 11.659 -14.4941
5.78126 11.659 -19.5685
2.72239 11.659 -19.5685
5.60647 6.65228 -3.95403
5.03957 5.06783 -1.6052
5.15117 5.53905 -0.91461
5.41744 0.55166 -15.312
2.47027 2.75863 -15.312
4.95321 0.21775 -15.9068
5.33477 5.80839 -3.75347
3.33164 6.39595 -0.72334
-3.33164 6.39595 -0.72334
3.66512 7.64931 -3.8007
3.14098 -2.78642 16.6694
2.51709 -0.90134 16.6694
5.76309 -6.63626 16.6694
2.72239 12.4975 -16.4299
2.72239 12.4975 -19.5685
2.62934 11.8817 -14.4941
1.67404 8.51583 -6.50695
1.9983 11.1575 -14.4941
2.17179 2.21836 -15.9068
2.20268 8.99172 -5.92862
2.12905 0.94615 13.8256
-2.12905 0.94615 13.8256
3.64665 6.64995 -0.1789
2.06928 -9.64987 -14.4941
2.06902 10.9348 -17.5179
-2.06902 10.9348 -14.4941
2.06902 10.9348 -14.4941
2.06902 11.7733 -16.4299
-2.06902 11.7733 -17.5179
2.06902 11.7733 -17.5179
1.89196 -9.1096 -15.9068
-1.89196 -9.1096 -15.9068
2.06928 -9.64987 -15.312
1.82088 -0.21208 16.6694
0.96466 0.94615 13.8256
2.12905 0.94615 13.8256
1.65276 9.94993 -13.4531
-1.65277 6.4653 -13.4531
1.65276 6.4653 -13.4531
-1.65277 9.94993 -13.4531
0.96466 -2.66107 19.0506
-0.96466 -2.09462 16.6694
0.96466 -2.09462 16.6694
0.96466 -0.21208 16.6694
-0.96466 -2.66107 19.0506
-0.96466 -0.21208 16.6694
-1.82088 -0.21208 16.6694
-0.96466 0.94615 13.8256
-1.67404 8.51583 -6.50695
-2.62934 11.8817 -14.4941
-1.9983 11.1575 -14.4941
-2.06928 -9.64987 -15.312
-2.06902 10.9348 -17.5179
-2.06902 11.7733 -16.4299
-2.06902 11.7733 -17.5179
-2.72239 11.659 -18.3033
-2.06902 10.9348 -17.5179
-2.72239 12.4975 -18.3152
-3.64665 6.64995 -0.1789
-2.20268 8.99172 -5.92862
-2.72239 12.4975 -19.5685
-5.78126 11.659 -19.5685
-2.72239 11.659 -19.5685
-5.93762 12.4975 -19.5685
-3.04395 -7.33242 19.5615
-5.76309 -6.63626 16.6694
-2.72403 -6.61315 19.5685
-6.09126 -7.45386 16.6694
-3.14098 -2.78642 16.6694
-5.76309 -6.63626 16.6694
-2.51709 -0.90134 16.6694
-3.66512 7.64931 -3.8007
-3.7724 -9.78786 14.7659
-6.15688 -11.0392 14.7659
-2.32976 -7.92794 19.5615
-5.03957 5.06783 -1.6052
-7.09575 2.76439 -3.74533
-5.33478 5.80839 -3.75347
-5.41744 -7.24162 -13.4531
-6.69632 -3.34498 -15.312
-6.69632 -3.34498 -13.4531
-5.41744 -7.24162 -15.312
-7.1917 10.5282 -19.5685
-6.67264 10.2381 -19.5685
-5.86319 9.32725 -14.4941
-15.9507 -8.21995 -13.4531
-5.59032 9.32725 -13.4531
-15.9507 -8.21995 -14.4941
-6.91211 -10.4436 14.7659
-17.5967 -8.10443 -14.4941
-6.09126 -7.45386 16.6694
-17.7497 -11.7401 -14.4941
-6.98196 2.64671 -3.21648
-8.12545 -9.64987 -13.4531
-11.4786 -11.4563 -14.4941
-8.12545 -9.64987 -14.4941
-11.4901 -11.4543 -13.4531
-10.0591 4.35146 -16.4409
-10.4814 4.71601 -16.4299
-10.4285 3.76385 -14.4941
-10.8732 4.02384 -14.4941
-2.57304 6.93301 -13.4487
-3.55655 8.61947 -13.4487
-2.57304 6.93301 -15.6421
-2.98629 6.93301 -13.9962
-3.76318 8.26516 -13.9962
-3.76318 5.60086 -13.9962
-3.55655 8.61947 -15.6421
-5.31695 5.60086 -13.9962
-5.31695 8.26516 -13.9962
-6.09384 6.93301 -13.9962
-5.52358 8.61947 -13.4487
-6.50709 6.93301 -15.6421
-5.52358 8.61947 -15.6421
-6.50709 6.93301 -13.4487
6.49751 6.93301 -15.6421
5.514 8.61947 -15.6421
6.08426 6.93301 -15.6421
6.08426 6.93301 -13.9962
5.30737 8.26516 -13.9962
5.30737 5.60086 -13.9962
5.514 5.24655 -15.6421
5.30737 5.60086 -15.6421
5.30737 8.26516 -15.6421
3.54697 8.61947 -15.6421
3.7536 5.60086 -15.6421
3.7536 5.60086 -13.9962
3.7536 8.26516 -13.9962
3.7536 8.26516 -15.6421
3.54697 5.24655 -15.6421
2.56346 6.93301 -15.6421
2.97671 6.93301 -13.9962
2.97671 6.93301 -15.6421
-10.5462 -8.98678 -13.4595
-11.8235 -6.79657 -13.4595
-10.5462 -8.98678 -15.6314
-11.0829 -8.98678 -15.6314
-12.0918 -7.25671 -14.0416
-11.0829 -8.98678 -14.0416
-12.0918 -7.25671 -15.6314
-11.8235 -11.177 -13.4595
-14.3781 -11.177 -15.6314
-14.3781 -11.177 -13.4595
-11.8235 -11.177 -15.6314
-11.8235 -6.79657 -15.6314
-12.0918 -10.7168 -14.0416
-14.1097 -10.7168 -15.6314
-12.0918 -10.7168 -15.6314
-14.1097 -10.7168 -14.0416
-14.1097 -7.25671 -14.0416
-15.1187 -8.98678 -15.6314
-15.1187 -8.98678 -14.0416
-14.1097 -7.25671 -15.6314
-14.3781 -6.79657 -13.4595
-15.6554 -8.98678 -15.6314
-14.3781 -6.79657 -15.6314
-15.6554 -8.98678 -13.4595
15.6567 -8.98678 -13.4595
14.3794 -6.79657 -13.4595
15.6567 -8.98678 -15.6314
15.12 -8.98678 -14.0416
14.111 -7.25671 -14.0416
14.111 -10.7168 -14.0416
14.3794 -11.177 -13.4595
11.8248 -11.177 -15.6314
11.8248 -11.177 -13.4595
14.3794 -11.177 -15.6314
14.3794 -6.79657 -15.6314
12.0932 -10.7168 -14.0416
12.0932 -7.25671 -14.0416
11.0842 -8.98678 -14.0416
11.8248 -6.79657 -13.4595
10.5475 -8.98678 -15.6314
11.8248 -6.79657 -15.6314
10.5475 -8.98678 -13.4595
-12.6946 -11.957 -16.6309
-16.6494 -11.957 -16.6309
-12.6946 -12.4975 -16.6309
-16.549 -7.04404 -16.6309
-17.1377 -7.04404 -16.6309
-17.008 -8.10443 -16.6309
-16.8316 -12.4975 -16.6309
-17.1468 -11.5992 -16.6309
-17.5967 -8.10443 -16.6309
-17.7497 -11.7401 -16.6309
17.5967 -8.10443 -14.4941
17.1377 -7.04404 -14.4941
17.5967 -8.10443 -16.6309
17.1377 -7.04404 -16.6309
17.008 -8.10443 -16.6309
16.549 -7.04404 -14.4941
17.008 -8.10443 -14.4941
16.549 -7.04404 -16.6309
16.8316 -12.4975 -16.6309
12.6946 -12.4975 -14.4941
16.8316 -12.4975 -14.4941
12.6946 -12.4975 -16.6309
16.6494 -11.957 -14.4941
12.6946 -11.957 -16.6309
16.6494 -11.957 -16.6309
12.6946 -11.957 -14.4941
1.99578 6.05106 -15.2228
-1.99578 6.05106 -15.2228
1.97165 4.63284 -15.7433
-1.97165 4.63284 -15.7433
-7.36736 -1.55329 -15.6047
-8.45882 -5.09883 -13.4484
-7.36736 -5.09883 -15.6047
-8.45882 -1.55329 -13.4484
17.1377 -7.04404 -14.4941
3.57785 -2.77545 16.6694
10.8732 4.02384 -14.4941
16.08 -11.4543 -13.4531
8.12545 -9.64987 -13.4531
11.4901 -11.4543 -13.4531
5.41744 -7.24162 -13.4531
15.9507 -8.21995 -13.4531
5.41744 0.55166 -13.4531
6.69632 -3.34498 -13.4531
10.8732 4.02384 -14.4941
5.90227 7.3755 -5.92862
7.1917 10.5282 -14.4941
8.86716 2.15422 -5.92499
5.60647 6.65228 -3.95403
8.40483 1.72333 -3.95007
8.30121 1.62676 -3.50745
7.77899 2.81083 -3.95403
7.53682 2.57612 -2.87827
7.1917 10.5282 -19.5685
5.78126 11.659 -19.5685
6.67264 10.2381 -19.5685
5.93762 12.4975 -19.5685
2.72239 12.4975 -19.5685
5.8697 9.32725 -13.4531
2.47027 2.75863 -13.4531
2.47027 9.87922 -13.4531
2.72239 11.659 -19.5685
5.76309 -6.63626 16.6694
2.06928 -9.64987 -13.4531
5.15117 5.53905 -0.91461
8.30121 1.62676 -3.50745
2.51709 -0.90134 16.6694
4.05575 8.1875 -3.95403
3.64665 6.64995 -0.1789
3.66512 7.64931 -3.8007
3.33164 6.39595 -0.72334
3.04395 -7.33242 19.5615
-2.72403 -6.61315 19.5685
2.72403 -6.61315 19.5685
-3.04395 -7.33242 19.5615
0.96466 -2.66107 19.0506
1.82088 -2.66107 19.0506
-0.96466 -2.66107 19.0506
3.57785 -2.77545 16.6694
2.33175 -7.92794 19.5615
0.96466 0.34895 16.6694
-0.96466 0.34895 16.6694
0.96466 0.94615 13.8256
-1.82088 -2.66107 19.0506
-0.96466 0.94615 13.8256
-1.89196 -9.1096 -15.9068
-5.41744 -7.24162 -15.312
-2.06928 -9.64987 -15.312
-2.32976 -7.92794 19.5615
-2.47027 2.75863 -13.4531
-5.59032 9.32725 -13.4531
-5.41744 0.55166 -13.4531
-2.47027 9.87922 -13.4531
-2.51709 -0.90134 16.6694
-3.64665 6.64995 -0.1789
-1.82088 -0.21208 16.6694
-5.15117 5.53905 -0.91461
-5.60648 6.65228 -3.95403
-4.05575 8.1875 -3.95403
-5.90227 7.3755 -5.92862
-4.26973 8.99172 -5.92862
-7.1917 10.5282 -14.4941
-5.86993 11.8509 -14.4941
-4.95321 -6.90771 -15.9068
-5.41744 -7.24162 -13.4531
-8.12545 -9.64987 -13.4531
-2.06928 -9.64987 -13.4531
-16.08 -11.4543 -13.4531
-15.9507 -8.21995 -13.4531
-6.69632 -3.34498 -13.4531
-11.4901 -11.4543 -13.4531
-2.57304 6.93301 -13.4487
-3.55655 5.24655 -15.6421
-3.55655 5.24655 -13.4487
-2.57304 6.93301 -15.6421
-5.52358 5.24655 -15.6421
-6.50709 6.93301 -13.4487
-5.52358 5.24655 -13.4487
-6.50709 6.93301 -15.6421
-10.5462 -8.98678 -15.6314
-11.8235 -6.79657 -15.6314
-11.0829 -8.98678 -15.6314
-11.8235 -11.177 -15.6314
-12.0918 -10.7168 -15.6314
-12.0918 -7.25671 -15.6314
-14.3781 -6.79657 -15.6314
-14.1097 -10.7168 -15.6314
-14.1097 -7.25671 -15.6314
-14.3781 -11.177 -15.6314
-15.6554 -8.98678 -15.6314
-15.1187 -8.98678 -15.6314
15.6567 -8.98678 -15.6314
14.3794 -6.79657 -15.6314
15.12 -8.98678 -15.6314
14.3794 -11.177 -15.6314
14.111 -10.7168 -15.6314
14.111 -7.25671 -15.6314
11.8248 -6.79657 -15.6314
12.0932 -10.7168 -15.6314
12.0932 -7.25671 -15.6314
11.8248 -11.177 -15.6314
10.5475 -8.98678 -15.6314
11.0842 -8.98678 -15.6314
17.7497 -11.7401 -16.6309
16.8316 -12.4975 -14.4941
17.7497 -11.7401 -14.4941
16.8316 -12.4975 -16.6309
17.1468 -11.5992 -14.4941
16.6494 -11.957 -14.4941
17.1468 -11.5992 -16.6309
16.6494 -11.957 -16.6309
-5.59374 -1.55329 -15.6047
-7.36736 -5.09883 -15.6047
-5.59374 -5.09883 -15.6047
-7.36736 -1.55329 -15.6047
17.7497 -11.7401 -14.4941
16.08 -11.4543 -14.4941
16.8316 -12.4975 -14.4941
17.5967 -8.10443 -14.4941
15.9507 -8.21995 -14.4941
17.1377 -7.04404 -14.4941
5.86319 9.32725 -14.4941
11.4976 -12.4975 -14.4941
11.4786 -11.4563 -14.4941
8.0544 -10.6835 -14.4941
8.12545 -9.64987 -14.4941
-8.05441 -10.6835 -14.4941
-8.12545 -9.64987 -14.4941
7.1917 10.5282 -14.4941
6.1225 -3.34498 -15.9068
-4.95321 -6.90771 -15.9068
4.95321 -6.90771 -15.9068
-6.1225 -3.34498 -15.9068
5.86993 11.8509 -14.4941
5.86993 11.8509 -14.4941
2.72239 12.4975 -16.4299
5.93762 12.4507 -16.4299
2.47027 9.87922 -14.4941
5.41744 0.55166 -13.4531
2.47027 2.75863 -15.312
5.41744 0.55166 -15.312
-1.89196 -9.1096 -15.9068
1.89196 -9.1096 -15.9068
4.95321 0.21775 -15.9068
2.17179 2.21836 -15.9068
4.26973 8.99172 -5.92862
2.62934 11.8817 -14.4941
5.86993 11.8509 -14.4941
2.20268 8.99172 -5.92862
4.05575 8.1875 -3.95403
-4.05575 8.1875 -3.95403
4.26973 8.99172 -5.92862
2.62934 11.8817 -14.4941
2.62934 11.8817 -14.4941
2.06902 11.7733 -16.4299
2.72239 12.4975 -16.4299
2.47027 2.75863 -13.4531
2.47027 2.75863 -14.4941
-2.17179 2.21836 -15.9068
-2.47027 9.87922 -14.4941
-2.47027 2.75863 -14.4941
-1.65277 9.94993 -14.4941
-2.62934 11.8817 -14.4941
-4.95321 0.21775 -15.9068
-2.20268 8.99172 -5.92862
-4.26973 8.99172 -5.92862
-5.86993 11.8509 -14.4941
-5.86319 9.32725 -14.4941
-2.51709 -0.90134 16.6694
-8.30121 1.62676 -3.50745
-5.15117 5.53905 -0.91461
-2.62934 11.8817 -14.4941
-2.72239 12.4975 -16.4299
-2.06902 11.7733 -16.4299
-3.57785 -2.77545 16.6694
-3.57785 -2.77545 16.6694
-17.1377 -7.04404 -14.4941
-10.8732 4.02384 -14.4941
-4.26973 8.99172 -5.92862
-5.60648 6.65228 -3.95403
-8.86716 2.15422 -5.92499
-5.90227 7.3755 -5.92862
-5.76309 -6.63626 16.6694
-17.1377 -7.04404 -14.4941
-15.9507 -8.21995 -14.4941
-5.86993 11.8509 -14.4941
-5.93762 12.4507 -16.4299
-2.72239 12.4975 -16.4299
-7.1917 10.5282 -14.4941
-10.8732 4.02384 -14.4941
-7.1917 10.5282 -14.4941
-7.53682 2.57612 -2.87827
-8.30121 1.62676 -3.50745
-7.77899 2.81083 -3.95403
-8.40483 1.72333 -3.95007
-11.4786 -11.4563 -14.4941
-8.40483 1.72333 -3.95007
-11.4976 -12.4975 -14.4941
-16.08 -11.4543 -14.4941
-17.5967 -8.10443 -14.4941
-16.8316 -12.4975 -14.4941
-17.7497 -11.7401 -14.4941
-2.57304 6.93301 -15.6421
-3.55655 8.61947 -15.6421
-2.98629 6.93301 -15.6421
-3.55655 5.24655 -15.6421
-3.76318 5.60086 -15.6421
-3.76318 8.26516 -15.6421
-5.52358 8.61947 -15.6421
-5.31695 5.60086 -15.6421
-5.31695 8.26516 -15.6421
-5.52358 5.24655 -15.6421
-6.50709 6.93301 -15.6421
-6.09384 6.93301 -15.6421
15.12 -8.98678 -15.6314
14.111 -7.25671 -14.0416
15.12 -8.98678 -14.0416
14.111 -7.25671 -15.6314
12.0932 -7.25671 -14.0416
11.0842 -8.98678 -15.6314
11.0842 -8.98678 -14.0416
12.0932 -7.25671 -15.6314

FACES
0 0 0	0 0 0	3	0 1 2
0 0 0	0 0 0	3	3 4 5
0 0 0	0 0 0	3	6 7 8
0 0 0	0 0 0	3	9 10 11
0 0 0	0 0 0	3	12 13 14
0 0 0	0 0 0	3	15 16 17
0 0 0	0 0 0	3	18 19 20
0 0 0	0 0 0	3	21 22 23
0 0 0	0 0 0	3	24 16 15
0 0 0	0 0 0	3	25 22 21
0 0 0	0 0 0	3	26 27 28
0 0 0	0 0 0	3	29 27 26
0 0 0	0 0 0	3	30 31 32
0 0 0	0 0 0	3	33 34 35
0 0 0	0 0 0	3	33 36 34
0 0 0	0 0 0	3	37 38 39
0 0 0	0 0 0	3	40 41 42
0 0 0	0 0 0	3	42 41 43
0 0 0	0 0 0	3	4 44 5
0 0 0	0 0 0	3	22 45 23
0 0 0	0 0 0	3	46 47 48
0 0 0	0 0 0	3	49 47 46
0 0 0	0 0 0	3	50 51 52
0 0 0	0 0 0	3	53 54 55
0 0 0	0 0 0	3	38 56 39
0 0 0	0 0 0	3	57 54 53
0 0 0	0 0 0	3	58 59 60
0 0 0	0 0 0	3	20 19 61
0 0 0	0 0 0	3	62 63 64
0 0 0	0 0 0	3	65 66 67
0 0 0	0 0 0	3	67 66 68
0 0 0	0 0 0	3	69 70 71
0 0 0	0 0 0	3	72 70 69
0 0 0	0 0 0	3	73 74 75
0 0 0	0 0 0	3	76 77 78
0 0 0	0 0 0	3	79 80 81
0 0 0	0 0 0	3	82 83 84
0 0 0	0 0 0	3	78 77 85
0 0 0	0 0 0	3	86 87 88
0 0 0	0 0 0	3	89 90 91
0 0 0	0 0 0	3	89 92 90
0 0 0	0 0 0	3	93 94 95
0 0 0	0 0 0	3	94 96 95
0 0 0	0 0 0	3	97 98 99
0 0 0	0 0 0	3	100 101 102
0 0 0	0 0 0	3	100 103 101
0 0 0	0 0 0	3	104 105 106
0 0 0	0 0 0	3	87 107 88
0 0 0	0 0 0	3	108 109 110
0 0 0	0 0 0	3	80 111 81
0 0 0	0 0 0	3	112 113 114
0 0 0	0 0 0	3	112 115 113
0 0 0	0 0 0	3	116 117 118
0 0 0	0 0 0	3	119 120 121
0 0 0	0 0 0	3	122 74 73
0 0 0	0 0 0	3	123 124 125
0 0 0	0 0 0	3	126 124 123
0 0 0	0 0 0	3	127 128 129
0 0 0	0 0 0	3	127 130 128
0 0 0	0 0 0	3	131 132 133
0 0 0	0 0 0	3	117 134 118
0 0 0	0 0 0	3	132 135 133
0 0 0	0 0 0	3	136 137 138
0 0 0	0 0 0	3	63 139 64
0 0 0	0 0 0	3	140 141 142
0 0 0	0 0 0	3	143 144 145
0 0 0	0 0 0	3	146 144 143
0 0 0	0 0 0	3	147 148 149
0 0 0	0 0 0	3	150 151 152
0 0 0	0 0 0	3	153 154 155
0 0 0	0 0 0	3	156 157 158
0 0 0	0 0 0	3	156 159 157
0 0 0	0 0 0	3	141 160 142
0 0 0	0 0 0	3	161 120 119
0 0 0	0 0 0	3	162 151 150
0 0 0	0 0 0	3	163 164 165
0 0 0	0 0 0	3	148 166 149
0 0 0	0 0 0	3	167 168 169
0 0 0	0 0 0	3	170 171 153
0 0 0	0 0 0	3	171 154 153
0 0 0	0 0 0	3	172 164 163
0 0 0	0 0 0	3	173 168 167
0 0 0	0 0 0	3	174 175 176
0 0 0	0 0 0	3	177 178 179
0 0 0	0 0 0	3	180 181 182
0 0 0	0 0 0	3	180 183 181
0 0 0	0 0 0	3	184 185 186
0 0 0	0 0 0	3	187 185 184
0 0 0	0 0 0	3	188 189 190
0 0 0	0 0 0	3	191 189 188
0 0 0	0 0 0	3	192 193 194
0 0 0	0 0 0	3	193 195 194
0 0 0	0 0 0	3	196 197 198
0 0 0	0 0 0	3	199 197 196
0 0 0	0 0 0	3	200 201 202
0 0 0	0 0 0	3	203 204 205
0 0 0	0 0 0	3	206 201 200
0 0 0	0 0 0	3	207 208 209
0 0 0	0 0 0	3	210 208 207
0 0 0	0 0 0	3	211 212 213
0 0 0	0 0 0	3	214 215 216
0 0 0	0 0 0	3	214 217 215
0 0 0	0 0 0	3	218 204 203
0 0 0	0 0 0	3	212 219 213
0 0 0	0 0 0	3	220 221 222
0 0 0	0 0 0	3	223 221 220
0 0 0	0 0 0	3	224 225 226
0 0 0	0 0 0	3	227 228 229
0 0 0	0 0 0	3	225 230 226
0 0 0	0 0 0	3	225 231 230
0 0 0	0 0 0	3	231 232 230
0 0 0	0 0 0	3	233 234 235
0 0 0	0 0 0	3	233 236 234
0 0 0	0 0 0	3	237 228 227
0 0 0	0 0 0	3	238 239 240
0 0 0	0 0 0	3	241 242 243
0 0 0	0 0 0	3	244 242 241
0 0 0	0 0 0	3	245 239 238
0 0 0	0 0 0	3	246 247 248
0 0 0	0 0 0	3	249 247 246
0 0 0	0 0 0	3	250 251 252
0 0 0	0 0 0	3	253 251 250
0 0 0	0 0 0	3	254 255 256
0 0 0	0 0 0	3	257 258 259
0 0 0	0 0 0	3	260 258 257
0 0 0	0 0 0	3	261 262 263
0 0 0	0 0 0	3	264 255 254
0 0 0	0 0 0	3	265 262 261
0 0 0	0 0 0	3	266 267 268
0 0 0	0 0 0	3	266 269 267
0 0 0	0 0 0	3	267 270 268
0 0 0	0 0 0	3	267 271 270
0 0 0	0 0 0	3	272 269 266
0 0 0	0 0 0	3	272 273 269
0 0 0	0 0 0	3	271 274 270
0 0 0	0 0 0	3	271 275 274
0 0 0	0 0 0	3	276 277 278
0 0 0	0 0 0	3	276 279 277
0 0 0	0 0 0	3	280 281 282
0 0 0	0 0 0	3	283 281 280
0 0 0	0 0 0	3	284 285 286
0 0 0	0 0 0	3	287 288 289
0 0 0	0 0 0	3	290 291 292
0 0 0	0 0 0	3	293 294 295
0 0 0	0 0 0	3	296 297 298
0 0 0	0 0 0	3	296 299 297
0 0 0	0 0 0	3	300 7 6
0 0 0	0 0 0	3	301 302 303
0 0 0	0 0 0	3	304 302 301
0 0 0	0 0 0	3	305 306 307
0 0 0	0 0 0	3	308 309 310
0 0 0	0 0 0	3	310 309 311
0 0 0	0 0 0	3	312 313 314
0 0 0	0 0 0	3	306 315 307
0 0 0	0 0 0	3	316 317 318
0 0 0	0 0 0	3	316 319 317
0 0 0	0 0 0	3	320 321 322
0 0 0	0 0 0	3	323 324 325
0 0 0	0 0 0	3	311 326 310
0 0 0	0 0 0	3	327 328 329
0 0 0	0 0 0	3	330 321 320
0 0 0	0 0 0	3	331 332 333
0 0 0	0 0 0	3	334 313 312
0 0 0	0 0 0	3	335 336 337
0 0 0	0 0 0	3	335 338 336
0 0 0	0 0 0	3	339 340 341
0 0 0	0 0 0	3	342 328 327
0 0 0	0 0 0	3	342 343 328
0 0 0	0 0 0	3	344 343 342
0 0 0	0 0 0	3	344 345 343
0 0 0	0 0 0	3	346 347 348
0 0 0	0 0 0	3	346 349 347
0 0 0	0 0 0	3	350 332 331
0 0 0	0 0 0	3	351 324 323
0 0 0	0 0 0	3	352 345 344
0 0 0	0 0 0	3	352 353 345
0 0 0	0 0 0	3	354 355 356
0 0 0	0 0 0	3	354 357 355
0 0 0	0 0 0	3	358 359 360
0 0 0	0 0 0	3	340 361 341
0 0 0	0 0 0	3	362 359 358
0 0 0	0 0 0	3	363 364 365
0 0 0	0 0 0	3	366 364 363
0 0 0	0 0 0	3	367 368 369
0 0 0	0 0 0	3	367 370 368
0 0 0	0 0 0	3	371 372 373
0 0 0	0 0 0	3	353 374 345
0 0 0	0 0 0	3	375 376 377
0 0 0	0 0 0	3	378 379 380
0 0 0	0 0 0	3	378 381 379
0 0 0	0 0 0	3	382 376 375
0 0 0	0 0 0	3	383 384 385
0 0 0	0 0 0	3	383 386 384
0 0 0	0 0 0	3	387 372 371
0 0 0	0 0 0	3	388 389 390
0 0 0	0 0 0	3	388 391 389
0 0 0	0 0 0	3	392 393 394
0 0 0	0 0 0	3	395 396 397
0 0 0	0 0 0	3	398 399 400
0 0 0	0 0 0	3	401 399 398
0 0 0	0 0 0	3	402 393 392
0 0 0	0 0 0	3	403 404 405
0 0 0	0 0 0	3	405 406 407
0 0 0	0 0 0	3	407 408 409
0 0 0	0 0 0	3	410 411 412
0 0 0	0 0 0	3	413 404 403
0 0 0	0 0 0	3	404 406 405
0 0 0	0 0 0	3	406 408 407
0 0 0	0 0 0	3	414 415 416
0 0 0	0 0 0	3	417 418 419
0 0 0	0 0 0	3	416 415 420
0 0 0	0 0 0	3	421 418 417
0 0 0	0 0 0	3	396 422 397
0 0 0	0 0 0	3	423 411 410
0 0 0	0 0 0	3	424 425 426
0 0 0	0 0 0	3	427 428 429
0 0 0	0 0 0	3	430 431 432
0 0 0	0 0 0	3	433 428 427
0 0 0	0 0 0	3	434 435 436
0 0 0	0 0 0	3	437 438 439
0 0 0	0 0 0	3	437 440 438
0 0 0	0 0 0	3	441 442 443
0 0 0	0 0 0	3	441 444 442
0 0 0	0 0 0	3	445 444 441
0 0 0	0 0 0	3	446 447 448
0 0 0	0 0 0	3	448 449 450
0 0 0	0 0 0	3	451 425 424
0 0 0	0 0 0	3	452 453 454
0 0 0	0 0 0	3	455 456 457
0 0 0	0 0 0	3	455 458 456
0 0 0	0 0 0	3	459 460 461
0 0 0	0 0 0	3	462 463 464
0 0 0	0 0 0	3	465 463 462
0 0 0	0 0 0	3	466 467 468
0 0 0	0 0 0	3	435 469 436
0 0 0	0 0 0	3	470 471 472
0 0 0	0 0 0	3	470 473 471
0 0 0	0 0 0	3	447 449 448
0 0 0	0 0 0	3	474 475 476
0 0 0	0 0 0	3	477 478 479
0 0 0	0 0 0	3	480 467 466
0 0 0	0 0 0	3	481 482 483
0 0 0	0 0 0	3	481 484 482
0 0 0	0 0 0	3	483 482 485
0 0 0	0 0 0	3	460 486 461
0 0 0	0 0 0	3	487 431 430
0 0 0	0 0 0	3	478 488 479
0 0 0	0 0 0	3	489 490 491
0 0 0	0 0 0	3	475 492 476
0 0 0	0 0 0	3	493 494 495
0 0 0	0 0 0	3	493 496 494
0 0 0	0 0 0	3	497 498 499
0 0 0	0 0 0	3	500 498 497
0 0 0	0 0 0	3	501 502 503
0 0 0	0 0 0	3	504 505 506
0 0 0	0 0 0	3	507 505 504
0 0 0	0 0 0	3	508 509 510
0 0 0	0 0 0	3	511 509 508
0 0 0	0 0 0	3	512 502 501
0 0 0	0 0 0	3	513 514 515
0 0 0	0 0 0	3	516 517 518
0 0 0	0 0 0	3	516 519 517
0 0 0	0 0 0	3	520 521 522
0 0 0	0 0 0	3	523 521 520
0 0 0	0 0 0	3	514 524 515
0 0 0	0 0 0	3	525 526 527
0 0 0	0 0 0	3	528 526 525
0 0 0	0 0 0	3	529 530 531
0 0 0	0 0 0	3	532 530 529
0 0 0	0 0 0	3	533 534 535
0 0 0	0 0 0	3	536 534 533
0 0 0	0 0 0	3	537 538 539
0 0 0	0 0 0	3	540 538 537
0 0 0	0 0 0	3	541 542 543
0 0 0	0 0 0	3	544 542 541
0 0 0	0 0 0	3	545 546 547
0 0 0	0 0 0	3	546 548 547
0 0 0	0 0 0	3	549 550 551
0 0 0	0 0 0	3	552 550 549
0 0 0	0 0 0	3	553 554 555
0 0 0	0 0 0	3	556 557 558
0 0 0	0 0 0	3	559 554 553
0 0 0	0 0 0	3	560 561 562
0 0 0	0 0 0	3	563 564 565
0 0 0	0 0 0	3	563 566 564
0 0 0	0 0 0	3	567 557 556
0 0 0	0 0 0	3	561 568 562
0 0 0	0 0 0	3	569 570 571
0 0 0	0 0 0	3	572 570 569
0 0 0	0 0 0	3	573 574 575
0 0 0	0 0 0	3	576 577 578
0 0 0	0 0 0	3	574 579 575
0 0 0	0 0 0	3	580 581 582
0 0 0	0 0 0	3	583 581 580
0 0 0	0 0 0	3	584 577 576
0 0 0	0 0 0	3	585 586 587
0 0 0	0 0 0	3	586 588 587
0 0 0	0 0 0	3	589 590 591
0 0 0	0 0 0	3	592 590 589
0 0 0	0 0 0	3	593 594 595
0 0 0	0 0 0	3	593 596 594
0 0 0	0 0 0	3	597 598 599
0 0 0	0 0 0	3	598 600 599
0 0 0	0 0 0	3	601 602 603
0 0 0	0 0 0	3	604 602 601
0 0 0	0 0 0	3	605 606 607
0 0 0	0 0 0	3	608 609 610
0 0 0	0 0 0	3	608 611 609
0 0 0	0 0 0	3	612 606 605
0 0 0	0 0 0	3	613 614 615
0 0 0	0 0 0	3	616 617 618
0 0 0	0 0 0	3	616 619 617
0 0 0	0 0 0	3	614 620 615
0 0 0	0 0 0	3	621 622 623
0 0 0	0 0 0	3	624 625 626
0 0 0	0 0 0	3	627 628 629
0 0 0	0 0 0	3	630 631 632
0 0 0	0 0 0	3	633 634 635
0 0 0	0 0 0	3	633 636 634
0 0 0	0 0 0	3	637 638 639
0 0 0	0 0 0	3	640 641 642
0 0 0	0 0 0	3	643 641 640
0 0 0	0 0 0	3	628 644 629
0 0 0	0 0 0	3	645 646 647
0 0 0	0 0 0	3	648 646 645
0 0 0	0 0 0	3	649 650 651
0 0 0	0 0 0	3	652 653 654
0 0 0	0 0 0	3	655 653 652
0 0 0	0 0 0	3	655 656 653
0 0 0	0 0 0	3	657 658 659
0 0 0	0 0 0	3	660 661 662
0 0 0	0 0 0	3	663 658 657
0 0 0	0 0 0	3	664 665 666
0 0 0	0 0 0	3	667 668 669
0 0 0	0 0 0	3	670 650 649
0 0 0	0 0 0	3	650 671 651
0 0 0	0 0 0	3	672 673 674
0 0 0	0 0 0	3	661 675 662
0 0 0	0 0 0	3	676 673 672
0 0 0	0 0 0	3	677 678 679
0 0 0	0 0 0	3	638 680 639
0 0 0	0 0 0	3	681 682 683
0 0 0	0 0 0	3	684 685 686
0 0 0	0 0 0	3	687 688 689
0 0 0	0 0 0	3	690 691 692
0 0 0	0 0 0	3	693 694 695
0 0 0	0 0 0	3	693 696 694
0 0 0	0 0 0	3	697 698 699
0 0 0	0 0 0	3	700 691 690
0 0 0	0 0 0	3	701 698 697
0 0 0	0 0 0	3	702 703 704
0 0 0	0 0 0	3	705 706 707
0 0 0	0 0 0	3	703 678 704
0 0 0	0 0 0	3	688 708 689
0 0 0	0 0 0	3	709 682 681
0 0 0	0 0 0	3	710 685 684
0 0 0	0 0 0	3	711 712 713
0 0 0	0 0 0	3	711 714 712
0 0 0	0 0 0	3	678 715 679
0 0 0	0 0 0	3	716 706 705
0 0 0	0 0 0	3	717 718 719
0 0 0	0 0 0	3	717 720 718
0 0 0	0 0 0	3	721 722 723
0 0 0	0 0 0	3	721 724 722
0 0 0	0 0 0	3	725 726 727
0 0 0	0 0 0	3	665 728 666
0 0 0	0 0 0	3	729 730 731
0 0 0	0 0 0	3	732 733 734
0 0 0	0 0 0	3	735 736 737
0 0 0	0 0 0	3	738 736 735
0 0 0	0 0 0	3	718 739 740
0 0 0	0 0 0	3	741 742 743
0 0 0	0 0 0	3	741 744 742
0 0 0	0 0 0	3	720 739 718
0 0 0	0 0 0	3	745 746 747
0 0 0	0 0 0	3	745 748 746
0 0 0	0 0 0	3	749 733 732
0 0 0	0 0 0	3	750 751 752
0 0 0	0 0 0	3	750 753 751
0 0 0	0 0 0	3	754 755 756
0 0 0	0 0 0	3	755 757 756
0 0 0	0 0 0	3	758 759 760
0 0 0	0 0 0	3	761 762 763
0 0 0	0 0 0	3	759 764 760
0 0 0	0 0 0	3	762 765 763
0 0 0	0 0 0	3	762 766 765
0 0 0	0 0 0	3	766 767 765
0 0 0	0 0 0	3	768 769 770
0 0 0	0 0 0	3	771 769 768
0 0 0	0 0 0	3	772 773 774
0 0 0	0 0 0	3	775 776 777
0 0 0	0 0 0	3	774 778 772
0 0 0	0 0 0	3	774 779 778
0 0 0	0 0 0	3	773 780 774
0 0 0	0 0 0	3	773 781 780
0 0 0	0 0 0	3	779 782 778
0 0 0	0 0 0	3	776 783 777
0 0 0	0 0 0	3	776 784 783
0 0 0	0 0 0	3	780 781 785
0 0 0	0 0 0	3	782 786 778
0 0 0	0 0 0	3	782 787 786
0 0 0	0 0 0	3	784 788 783
0 0 0	0 0 0	3	785 787 789
0 0 0	0 0 0	3	781 787 785
0 0 0	0 0 0	3	789 787 782
0 0 0	0 0 0	3	790 791 792
0 0 0	0 0 0	3	793 794 795
0 0 0	0 0 0	3	793 796 794
0 0 0	0 0 0	3	797 798 799
0 0 0	0 0 0	3	800 798 797
0 0 0	0 0 0	3	791 801 792
0 0 0	0 0 0	3	802 803 804
0 0 0	0 0 0	3	805 803 802
0 0 0	0 0 0	3	806 807 808
0 0 0	0 0 0	3	809 807 806
0 0 0	0 0 0	3	810 811 812
0 0 0	0 0 0	3	813 811 810
0 0 0	0 0 0	3	814 815 816
0 0 0	0 0 0	3	817 818 819
0 0 0	0 0 0	3	820 821 822
0 0 0	0 0 0	3	823 821 820
0 0 0	0 0 0	3	815 824 816
0 0 0	0 0 0	3	818 825 819
0 0 0	0 0 0	3	818 826 825
0 0 0	0 0 0	3	826 827 825
0 0 0	0 0 0	3	828 829 830
0 0 0	0 0 0	3	831 829 828
0 0 0	0 0 0	3	832 833 834
0 0 0	0 0 0	3	835 836 837
0 0 0	0 0 0	3	833 838 834
0 0 0	0 0 0	3	833 839 838
0 0 0	0 0 0	3	837 840 839
0 0 0	0 0 0	3	836 840 837
0 0 0	0 0 0	3	839 841 838
0 0 0	0 0 0	3	840 841 839
0 0 0	0 0 0	3	842 843 844
0 0 0	0 0 0	3	843 845 844
0 0 0	0 0 0	3	846 847 848
0 0 0	0 0 0	3	846 849 847
0 0 0	0 0 0	3	850 851 852
0 0 0	0 0 0	3	850 853 851
0 0 0	0 0 0	3	854 855 856
0 0 0	0 0 0	3	857 855 854
0 0 0	0 0 0	3	858 859 860
0 0 0	0 0 0	3	860 859 861
0 0 0	0 0 0	3	862 863 864
0 0 0	0 0 0	3	862 865 863
0 0 0	0 0 0	3	866 867 868
0 0 0	0 0 0	3	869 870 871
0 0 0	0 0 0	3	869 872 870
0 0 0	0 0 0	3	873 872 869
0 0 0	0 0 0	3	873 874 875
0 0 0	0 0 0	3	876 877 878
0 0 0	0 0 0	3	879 877 876
0 0 0	0 0 0	3	879 880 877
0 0 0	0 0 0	3	881 880 879
0 0 0	0 0 0	3	882 883 881
0 0 0	0 0 0	3	882 884 883
0 0 0	0 0 0	3	885 886 887
0 0 0	0 0 0	3	875 872 873
0 0 0	0 0 0	3	888 886 885
0 0 0	0 0 0	3	888 889 886
0 0 0	0 0 0	3	890 874 873
0 0 0	0 0 0	3	890 891 874
0 0 0	0 0 0	3	890 892 891
0 0 0	0 0 0	3	886 889 893
0 0 0	0 0 0	3	894 867 866
0 0 0	0 0 0	3	872 895 870
0 0 0	0 0 0	3	896 897 898
0 0 0	0 0 0	3	899 900 901
0 0 0	0 0 0	3	900 902 901
0 0 0	0 0 0	3	903 904 905
0 0 0	0 0 0	3	903 906 904
0 0 0	0 0 0	3	905 907 908
0 0 0	0 0 0	3	905 909 907
0 0 0	0 0 0	3	905 904 909
0 0 0	0 0 0	3	898 897 910
0 0 0	0 0 0	3	911 906 903
0 0 0	0 0 0	3	912 913 914
0 0 0	0 0 0	3	909 904 915
0 0 0	0 0 0	3	913 916 914
0 0 0	0 0 0	3	917 918 919
0 0 0	0 0 0	3	920 906 911
0 0 0	0 0 0	3	921 922 923
0 0 0	0 0 0	3	924 922 921
0 0 0	0 0 0	3	925 926 927
0 0 0	0 0 0	3	925 928 926
0 0 0	0 0 0	3	926 929 930
0 0 0	0 0 0	3	930 931 932
0 0 0	0 0 0	3	932 933 934
0 0 0	0 0 0	3	935 918 917
0 0 0	0 0 0	3	928 929 926
0 0 0	0 0 0	3	936 937 938
0 0 0	0 0 0	3	936 939 937
0 0 0	0 0 0	3	923 940 941
0 0 0	0 0 0	3	922 940 923
0 0 0	0 0 0	3	929 931 930
0 0 0	0 0 0	3	931 933 932
0 0 0	0 0 0	3	941 940 936
0 0 0	0 0 0	3	937 939 942
0 0 0	0 0 0	3	940 939 936
0 0 0	0 0 0	3	943 944 945
0 0 0	0 0 0	3	946 944 943
0 0 0	0 0 0	3	947 948 949
0 0 0	0 0 0	3	947 950 948
0 0 0	0 0 0	3	951 952 953
0 0 0	0 0 0	3	953 954 951
0 0 0	0 0 0	3	953 955 954
0 0 0	0 0 0	3	952 956 953
0 0 0	0 0 0	3	952 957 956
0 0 0	0 0 0	3	955 958 954
0 0 0	0 0 0	3	956 957 959
0 0 0	0 0 0	3	958 960 954
0 0 0	0 0 0	3	958 961 960
0 0 0	0 0 0	3	959 961 962
0 0 0	0 0 0	3	957 961 959
0 0 0	0 0 0	3	962 961 958
0 0 0	0 0 0	3	963 964 965
0 0 0	0 0 0	3	965 966 963
0 0 0	0 0 0	3	965 967 966
0 0 0	0 0 0	3	964 968 965
0 0 0	0 0 0	3	964 969 968
0 0 0	0 0 0	3	967 970 966
0 0 0	0 0 0	3	968 969 971
0 0 0	0 0 0	3	970 972 966
0 0 0	0 0 0	3	970 973 972
0 0 0	0 0 0	3	971 973 974
0 0 0	0 0 0	3	969 973 971
0 0 0	0 0 0	3	974 973 970
0 0 0	0 0 0	3	975 976 977
0 0 0	0 0 0	3	975 978 976
0 0 0	0 0 0	3	979 980 981
0 0 0	0 0 0	3	980 982 981
0 0 0	0 0 0	3	983 984 985
0 0 0	0 0 0	3	983 986 984
0 0 0	0 0 0	3	987 988 989
0 0 0	0 0 0	3	990 988 987
0 0 0	0 0 0	3	990 991 988
0 0 0	0 0 0	3	992 991 990
0 0 0	0 0 0	3	992 993 991
0 0 0	0 0 0	3	988 994 989
0 0 0	0 0 0	3	988 995 994
0 0 0	0 0 0	3	995 996 994
0 0 0	0 0 0	3	997 996 995
0 0 0	0 0 0	3	997 998 996
0 0 0	0 0 0	3	997 999 998
0 0 0	0 0 0	3	1000 993 992
0 0 0	0 0 0	3	1001 1002 1003
0 0 0	0 0 0	3	1001 1004 1002
0 0 0	0 0 0	3	1005 993 1000
0 0 0	0 0 0	3	1006 1007 1008
0 0 0	0 0 0	3	1005 1009 993
0 0 0	0 0 0	3	1010 1011 1012
0 0 0	0 0 0	3	1003 1013 1014
0 0 0	0 0 0	3	1003 1002 1013
0 0 0	0 0 0	3	1015 1016 1001
0 0 0	0 0 0	3	1017 1018 1019
0 0 0	0 0 0	3	1017 1020 1018
0 0 0	0 0 0	3	1021 1022 1023
0 0 0	0 0 0	3	1024 1009 1005
0 0 0	0 0 0	3	1025 1026 1027
0 0 0	0 0 0	3	1024 0 1009
0 0 0	0 0 0	3	1028 1011 1010
0 0 0	0 0 0	3	1009 415 1029
0 0 0	0 0 0	3	1009 2 415
0 0 0	0 0 0	3	1016 1030 1001
0 0 0	0 0 0	3	0 2 1009
0 0 0	0 0 0	3	414 1031 1032
0 0 0	0 0 0	3	1033 1031 414
0 0 0	0 0 0	3	1033 2 1
0 0 0	0 0 0	3	1 1031 1033
0 0 0	0 0 0	3	1 1034 1031
0 0 0	0 0 0	3	1030 1035 1001
0 0 0	0 0 0	3	1036 1037 1034
0 0 0	0 0 0	3	1031 1038 1039
0 0 0	0 0 0	3	1040 1041 1042
0 0 0	0 0 0	3	1043 1044 1045
0 0 0	0 0 0	3	1034 1038 1031
0 0 0	0 0 0	3	1046 1041 1040
0 0 0	0 0 0	3	1047 1048 1049
0 0 0	0 0 0	3	1022 1050 1023
0 0 0	0 0 0	3	1037 1038 1034
0 0 0	0 0 0	3	1035 1004 1001
0 0 0	0 0 0	3	1051 1052 1053
0 0 0	0 0 0	3	1054 1048 1047
0 0 0	0 0 0	3	1039 1055 1056
0 0 0	0 0 0	3	1057 1058 1059
0 0 0	0 0 0	3	1038 1060 1039
0 0 0	0 0 0	3	1053 1061 1062
0 0 0	0 0 0	3	1060 1055 1039
0 0 0	0 0 0	3	1063 1064 1065
0 0 0	0 0 0	3	1065 1064 1066
0 0 0	0 0 0	3	999 1067 998
0 0 0	0 0 0	3	1068 1052 1051
0 0 0	0 0 0	3	1052 1061 1053
0 0 0	0 0 0	3	1067 1069 998
0 0 0	0 0 0	3	1067 1070 1069
0 0 0	0 0 0	3	1056 1071 1070
0 0 0	0 0 0	3	1070 1072 1069
0 0 0	0 0 0	3	1070 1073 1072
0 0 0	0 0 0	3	1055 1071 1056
0 0 0	0 0 0	3	1071 1073 1070
0 0 0	0 0 0	3	1074 1075 1076
0 0 0	0 0 0	3	1076 1077 1074
0 0 0	0 0 0	3	1076 1078 1077
0 0 0	0 0 0	3	1075 1079 1076
0 0 0	0 0 0	3	1075 1080 1079
0 0 0	0 0 0	3	1078 1081 1077
0 0 0	0 0 0	3	1079 1080 1082
0 0 0	0 0 0	3	1081 1083 1077
0 0 0	0 0 0	3	1081 1084 1083
0 0 0	0 0 0	3	1082 1084 1085
0 0 0	0 0 0	3	1080 1084 1082
0 0 0	0 0 0	3	1085 1084 1081
0 0 0	0 0 0	3	1086 1087 1088
0 0 0	0 0 0	3	1086 1089 1087
0 0 0	0 0 0	3	1090 1091 1092
0 0 0	0 0 0	3	1093 1091 1090

TEXTURES
0	1.0 1.0	0.32428 0.58523	0.26545 0.58523	0.31954 0.60264
0	1.0 1.0	0.17774 0.19598	0.42423 0.55706	0.1929 0.18912
0	1.0 1.0	0.19044 0.98557	0.23317 0.99828	0.23317 0.98557
0	1.0 1.0	0.90299 0.60732	0.8242 0.99776	0.98045 0.60732
0	1.0 1.0	0.13025 0.98557	0.13013 0.99828	0.19044 0.99828
0	1.0 1.0	0.3576 0.09144	0.42185 0.00935	0.35072 0.08823
0	1.0 1.0	0.84675 0.60732	0.61276 0.60732	0.78437 0.99776
0	1.0 1.0	0.44867 0.05409	0.47994 0.04458	0.43589 0.01294
0	1.0 1.0	0.42847 0.01455	0.42185 0.00935	0.3576 0.09144
0	1.0 1.0	0.45503 0.07801	0.47994 0.04458	0.44877 0.05411
0	1.0 1.0	0.15784 0.10696	0.20535 0.03661	0.15751 0.02476
0	1.0 1.0	0.16962 0.10823	0.20535 0.03661	0.15784 0.10696
0	1.0 1.0	0.37385 0.55661	0.45406 0.60475	0.42423 0.55706
0	1.0 1.0	0.37884 0.9521	0.43302 0.92968	0.37884 0.92968
0	1.0 1.0	0.37884 0.9521	0.43302 0.9521	0.43302 0.92968
0	1.0 1.0	0.37884 0.9521	0.32484 0.9521	0.37671 0.96233
0	1.0 1.0	0.16682 0.59373	0.16682 0.56623	0.09107 0.59373
0	1.0 1.0	0.09107 0.59373	0.16682 0.56623	0.09107 0.56623
0	1.0 1.0	0.42423 0.55706	0.4361 0.55203	0.1929 0.18912
0	1.0 1.0	0.47994 0.04458	0.46778 0.00322	0.43589 0.01294
0	1.0 1.0	0.50412 0.98557	0.54561 0.99828	0.54561 0.98557
0	1.0 1.0	0.50014 0.99828	0.54561 0.99828	0.50412 0.98557
0	1.0 1.0	0.43567 0.55192	0.47411 0.59557	0.50027 0.53323
0	1.0 1.0	0.43302 0.9521	0.48465 0.96233	0.48721 0.9521
0	1.0 1.0	0.32484 0.9521	0.32717 0.96233	0.37671 0.96233
0	1.0 1.0	0.43511 0.96233	0.48465 0.96233	0.43302 0.9521
0	1.0 1.0	0.84393 0.59842	0.86342 0.53203	0.80668 0.60444
0	1.0 1.0	0.78437 0.99776	0.61276 0.60732	0.67512 0.99776
0	1.0 1.0	0.51229 0.22118	0.61528 0.22118	0.50649 0.21795
0	1.0 1.0	0.51257 0.27264	0.615 0.27264	0.51651 0.26504
0	1.0 1.0	0.51651 0.26504	0.615 0.27264	0.61107 0.26504
0	1.0 1.0	0.0285 0.28932	0.03012 0.27563	0.01806 0.27578
0	1.0 1.0	0.04042 0.28944	0.03012 0.27563	0.0285 0.28932
0	1.0 1.0	0.27665 0.92968	0.21197 0.9521	0.2767 0.9521
0	1.0 1.0	0.53836 0.18985	0.58922 0.18985	0.5447 0.18462
0	1.0 1.0	0.54065 0.07459	0.58693 0.07459	0.53965 0.04796
0	1.0 1.0	0.7698 0.05263	0.76975 0.00316	0.75725 0.01098
0	1.0 1.0	0.5447 0.18462	0.58922 0.18985	0.58288 0.18462
0	1.0 1.0	0.98091 0.0826	0.92349 0.08256	0.98091 0.0991
0	1.0 1.0	0.98091 0.02135	0.92349 0.00476	0.92349 0.02131
0	1.0 1.0	0.98091 0.02135	0.98091 0.00479	0.92349 0.00476
0	1.0 1.0	0.80137 0.02474	0.78731 0.00865	0.78226 0.05282
0	1.0 1.0	0.78731 0.00865	0.78265 0.00329	0.78226 0.05282
0	1.0 1.0	0.01536 0.78854	0.01536 0.72405	0.00192 0.79158
0	1.0 1.0	0.85132 0.05278	0.84627 0.00861	0.83217 0.02478
0	1.0 1.0	0.85132 0.05278	0.85121 0.00334	0.84627 0.00861
0	1.0 1.0	0.07563 0.79203	0.06219 0.72405	0.06219 0.78854
0	1.0 1.0	0.92349 0.08256	0.92349 0.09906	0.98091 0.0991
0	1.0 1.0	0.86415 0.05277	0.87672 0.01107	0.86411 0.00332
0	1.0 1.0	0.58693 0.07459	0.58793 0.04796	0.53965 0.04796
0	1.0 1.0	0.13617 0.43327	0.09107 0.4171	0.09107 0.43327
0	1.0 1.0	0.13617 0.43327	0.14802 0.4171	0.09107 0.4171
0	1.0 1.0	0.58826 0.04446	0.6022 0.04473	0.58826 0.03042
0	1.0 1.0	0.92879 0.53177	0.99721 0.59762	0.93994 0.5248
0	1.0 1.0	0.21197 0.92968	0.21197 0.9521	0.27665 0.92968
0	1.0 1.0	0.90691 0.12949	0.92347 0.00476	0.90691 0.00476
0	1.0 1.0	0.92347 0.12949	0.92347 0.00476	0.90691 0.12949
0	1.0 1.0	0.21202 0.9521	0.16619 0.96233	0.21119 0.96233
0	1.0 1.0	0.21202 0.9521	0.16401 0.9521	0.16619 0.96233
0	1.0 1.0	0.01305 0.29286	0.0132 0.30473	0.03235 0.29286
0	1.0 1.0	0.6022 0.04473	0.6022 0.02079	0.58826 0.03042
0	1.0 1.0	0.0132 0.30473	0.03235 0.30473	0.03235 0.29286
0	1.0 1.0	0.65256 0.59573	0.691 0.55208	0.6264 0.53339
0	1.0 1.0	0.61528 0.22118	0.62109 0.21795	0.50649 0.21795
0	1.0 1.0	0.05786 0.96233	0.1074 0.96233	0.05584 0.9521
0	1.0 1.0	0.07137 0.03597	0.12702 0.00463	0.05891 0.02211
0	1.0 1.0	0.11921 0.02412	0.12702 0.00463	0.07137 0.03597
0	1.0 1.0	0.16401 0.92968	0.11001 0.92968	0.16401 0.9521
0	1.0 1.0	0.16682 0.36753	0.09107 0.34003	0.09107 0.36753
0	1.0 1.0	0.64764 0.04485	0.69203 0.01322	0.66017 0.00348
0	1.0 1.0	0.70233 0.55739	0.93537 0.19004	0.691 0.55208
0	1.0 1.0	0.70233 0.55739	0.95035 0.19709	0.93537 0.19004
0	1.0 1.0	0.1074 0.96233	0.11001 0.9521	0.05584 0.9521
0	1.0 1.0	0.98573 0.60468	0.99721 0.59762	0.92879 0.53177
0	1.0 1.0	0.16682 0.34003	0.09107 0.34003	0.16682 0.36753
0	1.0 1.0	0.70487 0.01073	0.76943 0.09209	0.77631 0.08888
0	1.0 1.0	0.11001 0.92968	0.11001 0.9521	0.16401 0.9521
0	1.0 1.0	0.1071 0.10759	0.12833 0.11977	0.11887 0.10632
0	1.0 1.0	0.67194 0.07833	0.67881 0.05437	0.64764 0.04485
0	1.0 1.0	0.67881 0.05437	0.69203 0.01322	0.64764 0.04485
0	1.0 1.0	0.69842 0.01517	0.76943 0.09209	0.70487 0.01073
0	1.0 1.0	0.10417 0.122	0.12833 0.11977	0.1071 0.10759
0	1.0 1.0	0.41662 0.96825	0.35643 0.98096	0.41674 0.98096
0	1.0 1.0	0.55586 0.60732	0.47856 0.60723	0.63593 0.99776
0	1.0 1.0	0.3137 0.98096	0.35643 0.96825	0.3137 0.96825
0	1.0 1.0	0.3137 0.98096	0.35643 0.98096	0.35643 0.96825
0	1.0 1.0	0.96541 0.4474	0.99455 0.47989	0.99455 0.4474
0	1.0 1.0	0.96541 0.47989	0.99455 0.47989	0.96541 0.4474
0	1.0 1.0	0.96541 0.41496	0.99455 0.38244	0.96541 0.38244
0	1.0 1.0	0.99455 0.41496	0.99455 0.38244	0.96541 0.41496
0	1.0 1.0	0.96541 0.31746	0.96541 0.34995	0.99455 0.31746
0	1.0 1.0	0.96541 0.34995	0.99455 0.34995	0.99455 0.31746
0	1.0 1.0	0.08438 0.63298	0.03879 0.67411	0.08438 0.67411
0	1.0 1.0	0.03879 0.63298	0.03879 0.67411	0.08438 0.63298
0	1.0 1.0	0.96541 0.4474	0.99455 0.47989	0.99455 0.4474
0	1.0 1.0	0.08438 0.59171	0.03879 0.55044	0.03879 0.59171
0	1.0 1.0	0.96541 0.47989	0.99455 0.47989	0.96541 0.4474
0	1.0 1.0	0.96541 0.41496	0.99455 0.38244	0.96541 0.38244
0	1.0 1.0	0.99455 0.41496	0.99455 0.38244	0.96541 0.41496
0	1.0 1.0	0.96541 0.31746	0.96541 0.34995	0.99455 0.31746
0	1.0 1.0	0.03879 0.46808	0.08438 0.50922	0.08438 0.46808
0	1.0 1.0	0.03879 0.46808	0.03879 0.50922	0.08438 0.50922
0	1.0 1.0	0.08438 0.55044	0.03879 0.55044	0.08438 0.59171
0	1.0 1.0	0.96541 0.34995	0.99455 0.34995	0.99455 0.31746
0	1.0 1.0	0.03548 0.63391	0.00345 0.67504	0.03548 0.67504
0	1.0 1.0	0.00345 0.63391	0.00345 0.67504	0.03548 0.63391
0	1.0 1.0	0.29192 0.50662	0.2615 0.45411	0.2615 0.5591
0	1.0 1.0	0.03548 0.59264	0.00345 0.55137	0.00345 0.59264
0	1.0 1.0	0.2615 0.45411	0.20089 0.5591	0.2615 0.5591
0	1.0 1.0	0.2615 0.45411	0.20089 0.45411	0.20089 0.5591
0	1.0 1.0	0.20089 0.45411	0.1705 0.50662	0.20089 0.5591
0	1.0 1.0	0.00345 0.46901	0.03548 0.51015	0.03548 0.46901
0	1.0 1.0	0.00345 0.46901	0.00345 0.51015	0.03548 0.51015
0	1.0 1.0	0.03548 0.55137	0.00345 0.55137	0.03548 0.59264
0	1.0 1.0	0.9375 0.4803	0.96098 0.51275	0.96098 0.4803
0	1.0 1.0	0.9375 0.41536	0.96098 0.38284	0.9375 0.38284
0	1.0 1.0	0.96098 0.41536	0.96098 0.38284	0.9375 0.41536
0	1.0 1.0	0.9375 0.51275	0.96098 0.51275	0.9375 0.4803
0	1.0 1.0	0.96135 0.99884	0.93569 0.99169	0.93569 0.99884
0	1.0 1.0	0.96135 0.99169	0.93569 0.99169	0.96135 0.99884
0	1.0 1.0	0.96135 0.87058	0.93569 0.88576	0.96135 0.88576
0	1.0 1.0	0.93569 0.87058	0.93569 0.88576	0.96135 0.87058
0	1.0 1.0	0.96135 0.93998	0.93569 0.93193	0.93569 0.93998
0	1.0 1.0	0.96432 0.94415	0.98997 0.92846	0.96432 0.92846
0	1.0 1.0	0.98997 0.94419	0.98997 0.92846	0.96432 0.94415
0	1.0 1.0	0.96434 0.86502	0.98997 0.88033	0.98997 0.86502
0	1.0 1.0	0.96135 0.93193	0.93569 0.93193	0.96135 0.93998
0	1.0 1.0	0.96432 0.88029	0.98997 0.88033	0.96434 0.86502
0	1.0 1.0	0.90607 0.88057	0.89822 0.92657	0.90607 0.9287
0	1.0 1.0	0.90607 0.88057	0.89802 0.88032	0.89822 0.92657
0	1.0 1.0	0.89965 0.93355	0.90607 0.94443	0.90607 0.9287
0	1.0 1.0	0.89965 0.93355	0.89909 0.94158	0.90607 0.94443
0	1.0 1.0	0.90607 0.86526	0.89904 0.87756	0.90607 0.88057
0	1.0 1.0	0.90607 0.86526	0.89899 0.86231	0.89904 0.87756
0	1.0 1.0	0.89904 0.94681	0.90607 0.99853	0.90607 0.94443
0	1.0 1.0	0.89904 0.94681	0.89904 0.99858	0.90607 0.99853
0	1.0 1.0	0.91451 0.49962	0.89132 0.52194	0.91877 0.51354
0	1.0 1.0	0.91451 0.49962	0.88442 0.49937	0.89132 0.52194
0	1.0 1.0	0.89132 0.39586	0.91446 0.41816	0.91871 0.40423
0	1.0 1.0	0.88442 0.41843	0.91446 0.41816	0.89132 0.39586
0	1.0 1.0	0.60018 0.0716	0.64668 0.0714	0.60171 0.04462
0	1.0 1.0	0.58693 0.07459	0.60018 0.0716	0.58793 0.04796
0	1.0 1.0	0.5274 0.07133	0.54065 0.07459	0.53965 0.04796
0	1.0 1.0	0.4809 0.07113	0.5274 0.07133	0.52587 0.04435
0	1.0 1.0	0.98045 0.60732	0.83774 0.99688	0.99756 0.60565
0	1.0 1.0	0.98045 0.60732	0.8242 0.99776	0.83774 0.99688
0	1.0 1.0	0.19044 0.99828	0.23317 0.99828	0.19044 0.98557
0	1.0 1.0	0.23317 0.98557	0.50014 0.99828	0.50193 0.98557
0	1.0 1.0	0.23317 0.99828	0.50014 0.99828	0.23317 0.98557
0	1.0 1.0	0.13025 0.98557	0.08034 0.98557	0.13013 0.99828
0	1.0 1.0	0.35708 0.11947	0.45503 0.07801	0.3576 0.09144
0	1.0 1.0	0.3576 0.09144	0.45503 0.07801	0.44549 0.05414
0	1.0 1.0	0.12014 0.70497	0.09107 0.59373	0.09107 0.71635
0	1.0 1.0	0.08034 0.98557	0.08034 0.99828	0.13013 0.99828
0	1.0 1.0	0.84675 0.60732	0.8242 0.99776	0.90308 0.60732
0	1.0 1.0	0.84675 0.60732	0.78437 0.99776	0.8242 0.99776
0	1.0 1.0	0.14314 0.11369	0.15751 0.02476	0.14189 0.01091
0	1.0 1.0	0.17949 0.11899	0.20535 0.03661	0.16962 0.10823
0	1.0 1.0	0.44549 0.05414	0.42847 0.01455	0.3576 0.09144
0	1.0 1.0	0.45503 0.07801	0.50346 0.18985	0.4809 0.07113
0	1.0 1.0	0.15784 0.10696	0.15751 0.02476	0.14314 0.11369
0	1.0 1.0	0.37884 0.92968	0.32484 0.9521	0.37884 0.9521
0	1.0 1.0	0.16682 0.59373	0.09107 0.59373	0.12014 0.70507
0	1.0 1.0	0.38146 0.96233	0.43302 0.9521	0.37884 0.9521
0	1.0 1.0	0.38146 0.96233	0.43099 0.96233	0.43302 0.9521
0	1.0 1.0	0.42408 0.55732	0.46358 0.59997	0.43567 0.55192
0	1.0 1.0	0.47404 0.19864	0.50346 0.18985	0.45503 0.07801
0	1.0 1.0	0.47404 0.19864	0.50649 0.21795	0.50346 0.18985
0	1.0 1.0	0.47812 0.22504	0.50649 0.21795	0.47404 0.19864
0	1.0 1.0	0.47812 0.22504	0.51257 0.27264	0.50649 0.21795
0	1.0 1.0	0.43302 0.9521	0.48721 0.92968	0.43302 0.92968
0	1.0 1.0	0.43302 0.9521	0.48721 0.9521	0.48721 0.92968
0	1.0 1.0	0.32484 0.92968	0.32484 0.9521	0.37884 0.92968
0	1.0 1.0	0.22313 0.03146	0.20535 0.03661	0.17949 0.11899
0	1.0 1.0	0.48432 0.27109	0.51257 0.27264	0.47812 0.22504
0	1.0 1.0	0.48432 0.27109	0.5246 0.51685	0.51257 0.27264
0	1.0 1.0	0.84393 0.59842	0.92879 0.53177	0.86342 0.53203
0	1.0 1.0	0.84393 0.59842	0.94889 0.59842	0.92879 0.53177
0	1.0 1.0	0.50027 0.53323	0.52311 0.56233	0.52647 0.52067
0	1.0 1.0	0.46358 0.59997	0.47411 0.59557	0.43567 0.55192
0	1.0 1.0	0.47411 0.59557	0.52311 0.56233	0.50027 0.53323
0	1.0 1.0	0.09107 0.51636	0.13617 0.50063	0.09107 0.50063
0	1.0 1.0	0.14802 0.51636	0.13617 0.50063	0.09107 0.51636
0	1.0 1.0	0.03262 0.24076	0.01347 0.22889	0.01331 0.24076
0	1.0 1.0	0.03262 0.24076	0.03262 0.22889	0.01347 0.22889
0	1.0 1.0	0.52587 0.04435	0.54045 0.03029	0.52636 0.02052
0	1.0 1.0	0.5246 0.51685	0.53831 0.51294	0.51257 0.27264
0	1.0 1.0	0.99749 0.12952	0.98093 0.00479	0.98093 0.12952
0	1.0 1.0	0.2767 0.9521	0.21593 0.96233	0.2728 0.96233
0	1.0 1.0	0.2767 0.9521	0.21203 0.9521	0.21593 0.96233
0	1.0 1.0	0.99749 0.00479	0.98093 0.00479	0.99749 0.12952
0	1.0 1.0	0.48721 0.9521	0.54202 0.94208	0.48721 0.94208
0	1.0 1.0	0.48721 0.9521	0.54202 0.9521	0.54202 0.94208
0	1.0 1.0	0.54045 0.04446	0.54045 0.03029	0.52587 0.04435
0	1.0 1.0	0.58826 0.01843	0.54045 0.03029	0.58826 0.03042
0	1.0 1.0	0.58826 0.01843	0.54045 0.01843	0.54045 0.03029
0	1.0 1.0	0.7698 0.05263	0.78265 0.00329	0.76975 0.00316
0	1.0 1.0	0.54465 0.18462	0.58292 0.18462	0.54065 0.07459
0	1.0 1.0	0.30625 0.65264	0.31954 0.60264	0.30625 0.60264
0	1.0 1.0	0.31954 0.65264	0.31954 0.60264	0.30625 0.65264
0	1.0 1.0	0.78226 0.05282	0.78265 0.00329	0.7698 0.05263
0	1.0 1.0	0.80241 0.04087	0.83125 0.01687	0.80241 0.01694
0	1.0 1.0	0.80241 0.01694	0.83125 0.0099	0.80241 0.0099
0	1.0 1.0	0.80241 0.0099	0.83125 0.00141	0.80241 0.00139
0	1.0 1.0	0.85132 0.05278	0.86411 0.00332	0.85121 0.00334
0	1.0 1.0	0.83125 0.04087	0.83125 0.01687	0.80241 0.04087
0	1.0 1.0	0.83125 0.01687	0.83125 0.0099	0.80241 0.01694
0	1.0 1.0	0.83125 0.0099	0.83125 0.00141	0.80241 0.0099
0	1.0 1.0	0.27019 0.70537	0.31954 0.70537	0.27019 0.65264
0	1.0 1.0	0.28348 0.65264	0.27019 0.60264	0.27019 0.65264
0	1.0 1.0	0.27019 0.65264	0.31954 0.70537	0.31954 0.65264
0	1.0 1.0	0.28348 0.60264	0.27019 0.60264	0.28348 0.65264
0	1.0 1.0	0.58292 0.18462	0.58693 0.07459	0.54065 0.07459
0	1.0 1.0	0.86415 0.05277	0.86411 0.00332	0.85132 0.05278
0	1.0 1.0	0.60356 0.56249	0.6264 0.53339	0.6002 0.52083
0	1.0 1.0	0.00165 0.92968	0.05584 0.9521	0.05584 0.92968
0	1.0 1.0	0.54581 0.96825	0.46653 0.98096	0.54581 0.98096
0	1.0 1.0	0.00165 0.9521	0.05584 0.9521	0.00165 0.92968
0	1.0 1.0	0.21202 0.92968	0.16401 0.92968	0.21202 0.9521
0	1.0 1.0	0.00127 0.98096	0.04275 0.96825	0.00127 0.96825
0	1.0 1.0	0.00127 0.98096	0.04673 0.98096	0.04275 0.96825
0	1.0 1.0	0.14802 0.4171	0.09107 0.36753	0.09107 0.4171
0	1.0 1.0	0.14802 0.4171	0.16682 0.36753	0.09107 0.36753
0	1.0 1.0	0.16682 0.4171	0.16682 0.36753	0.14802 0.4171
0	1.0 1.0	0.6022 0.04473	0.64764 0.04485	0.6022 0.02079
0	1.0 1.0	0.6022 0.02079	0.64779 0.00164	0.60226 0.00165
0	1.0 1.0	0.65256 0.59573	0.6264 0.53339	0.60356 0.56249
0	1.0 1.0	0.67251 0.60509	0.75306 0.55782	0.70233 0.55739
0	1.0 1.0	0.615 0.27264	0.61528 0.22118	0.61107 0.26504
0	1.0 1.0	0.615 0.27264	0.62109 0.21795	0.61528 0.22118
0	1.0 1.0	0.67512 0.99776	0.61276 0.60732	0.63593 0.99776
0	1.0 1.0	0.07137 0.03597	0.09723 0.11835	0.1071 0.10759
0	1.0 1.0	0.05359 0.03082	0.09723 0.11835	0.07137 0.03597
0	1.0 1.0	0.11921 0.02412	0.13357 0.11305	0.13483 0.01027
0	1.0 1.0	0.16401 0.92968	0.16401 0.9521	0.21202 0.9521
0	1.0 1.0	0.16401 0.9521	0.11215 0.96233	0.16169 0.96233
0	1.0 1.0	0.16401 0.9521	0.11001 0.9521	0.11215 0.96233
0	1.0 1.0	0.64764 0.04485	0.64779 0.00164	0.6022 0.02079
0	1.0 1.0	0.63593 0.99776	0.47856 0.60723	0.62206 0.99688
0	1.0 1.0	0.16682 0.34003	0.12014 0.22863	0.09107 0.34003
0	1.0 1.0	0.11887 0.10632	0.13357 0.11305	0.11921 0.02412
0	1.0 1.0	0.67194 0.07833	0.76943 0.09209	0.6814 0.05476
0	1.0 1.0	0.67194 0.07833	0.76992 0.1204	0.76943 0.09209
0	1.0 1.0	0.6814 0.05476	0.76943 0.09209	0.69842 0.01517
0	1.0 1.0	0.61276 0.60732	0.55612 0.60732	0.63593 0.99776
0	1.0 1.0	0.46653 0.96825	0.46653 0.98096	0.54581 0.96825
0	1.0 1.0	0.12014 0.22863	0.09107 0.21711	0.09107 0.34003
0	1.0 1.0	0.35643 0.96825	0.35643 0.98096	0.41662 0.96825
0	1.0 1.0	0.47856 0.60723	0.46139 0.60661	0.62206 0.99688
0	1.0 1.0	0.99455 0.4474	0.96541 0.41496	0.96541 0.4474
0	1.0 1.0	0.99455 0.4474	0.99455 0.41496	0.96541 0.41496
0	1.0 1.0	0.08438 0.67411	0.03879 0.71495	0.08438 0.71495
0	1.0 1.0	0.03879 0.67411	0.03879 0.71495	0.08438 0.67411
0	1.0 1.0	0.08438 0.59171	0.03879 0.55044	0.03879 0.59171
0	1.0 1.0	0.96541 0.47989	0.99455 0.51234	0.99455 0.47989
0	1.0 1.0	0.96541 0.51234	0.99455 0.51234	0.96541 0.47989
0	1.0 1.0	0.96541 0.38244	0.99455 0.34995	0.96541 0.34995
0	1.0 1.0	0.99455 0.38244	0.99455 0.34995	0.96541 0.38244
0	1.0 1.0	0.08438 0.55044	0.03879 0.55044	0.08438 0.59171
0	1.0 1.0	0.08438 0.63298	0.08438 0.59171	0.03879 0.63298
0	1.0 1.0	0.99455 0.4474	0.96541 0.41496	0.96541 0.4474
0	1.0 1.0	0.99455 0.4474	0.99455 0.41496	0.96541 0.41496
0	1.0 1.0	0.08438 0.67411	0.03879 0.71495	0.08438 0.71495
0	1.0 1.0	0.03879 0.67411	0.03879 0.71495	0.08438 0.67411
0	1.0 1.0	0.08438 0.59171	0.03879 0.59171	0.03879 0.63298
0	1.0 1.0	0.96541 0.47989	0.99455 0.51234	0.99455 0.47989
0	1.0 1.0	0.96541 0.51234	0.99455 0.51234	0.96541 0.47989
0	1.0 1.0	0.96541 0.38244	0.99455 0.34995	0.96541 0.34995
0	1.0 1.0	0.99455 0.38244	0.99455 0.34995	0.96541 0.38244
0	1.0 1.0	0.08438 0.55044	0.03879 0.50922	0.03879 0.55044
0	1.0 1.0	0.08438 0.50922	0.03879 0.50922	0.08438 0.55044
0	1.0 1.0	0.9375 0.4478	0.96098 0.4803	0.96098 0.4478
0	1.0 1.0	0.9375 0.4803	0.96098 0.4803	0.9375 0.4478
0	1.0 1.0	0.9375 0.41536	0.96098 0.38284	0.9375 0.38284
0	1.0 1.0	0.96098 0.41536	0.96098 0.38284	0.9375 0.41536
0	1.0 1.0	0.9375 0.31786	0.9375 0.35036	0.96098 0.31786
0	1.0 1.0	0.9375 0.35036	0.96098 0.35036	0.96098 0.31786
0	1.0 1.0	0.03548 0.63391	0.00345 0.67504	0.03548 0.67504
0	1.0 1.0	0.00345 0.63391	0.00345 0.67504	0.03548 0.63391
0	1.0 1.0	0.9375 0.4478	0.96098 0.4803	0.96098 0.4478
0	1.0 1.0	0.03548 0.59264	0.00345 0.55137	0.00345 0.59264
0	1.0 1.0	0.9375 0.4803	0.96098 0.4803	0.9375 0.4478
0	1.0 1.0	0.9375 0.31786	0.9375 0.35036	0.96098 0.31786
0	1.0 1.0	0.00345 0.46901	0.03548 0.51015	0.03548 0.46901
0	1.0 1.0	0.00345 0.46901	0.00345 0.51015	0.03548 0.51015
0	1.0 1.0	0.03548 0.55137	0.00345 0.55137	0.03548 0.59264
0	1.0 1.0	0.9375 0.35036	0.96098 0.35036	0.96098 0.31786
0	1.0 1.0	0.96431 0.99829	0.98997 0.94419	0.96432 0.94415
0	1.0 1.0	0.98997 0.99829	0.98997 0.94419	0.96431 0.99829
0	1.0 1.0	0.96135 0.99169	0.96135 0.93998	0.93569 0.99169
0	1.0 1.0	0.96135 0.87058	0.93569 0.86287	0.93569 0.87058
0	1.0 1.0	0.96135 0.93998	0.93569 0.93998	0.93569 0.99169
0	1.0 1.0	0.96135 0.88576	0.93569 0.93193	0.96135 0.93193
0	1.0 1.0	0.93569 0.88576	0.93569 0.93193	0.96135 0.88576
0	1.0 1.0	0.96135 0.86287	0.93569 0.86287	0.96135 0.87058
0	1.0 1.0	0.96432 0.88029	0.96432 0.92846	0.98997 0.88033
0	1.0 1.0	0.96432 0.92846	0.98997 0.92846	0.98997 0.88033
0	1.0 1.0	0.93173 0.9287	0.90607 0.88057	0.90607 0.9287
0	1.0 1.0	0.93173 0.88053	0.90607 0.88057	0.93173 0.9287
0	1.0 1.0	0.99708 0.79181	0.97159 0.74594	0.97141 0.79181
0	1.0 1.0	0.99708 0.79181	0.99725 0.74594	0.97159 0.74594
0	1.0 1.0	0.97159 0.72305	0.97159 0.73076	0.99725 0.72305
0	1.0 1.0	0.97159 0.73076	0.99725 0.73076	0.99725 0.72305
0	1.0 1.0	0.97159 0.85902	0.99725 0.85187	0.97159 0.85187
0	1.0 1.0	0.99725 0.85902	0.99725 0.85187	0.97159 0.85902
0	1.0 1.0	0.92908 0.4996	0.91393 0.41814	0.91393 0.4996
0	1.0 1.0	0.88469 0.4996	0.86127 0.41814	0.86127 0.4996
0	1.0 1.0	0.88469 0.4996	0.88469 0.41814	0.86127 0.41814
0	1.0 1.0	0.92908 0.41814	0.91393 0.41814	0.92908 0.4996
0	1.0 1.0	0.25704 0.05529	0.25704 0.03207	0.23102 0.05515
0	1.0 1.0	0.32998 0.05515	0.30379 0.03207	0.30379 0.05529
0	1.0 1.0	0.32998 0.05515	0.32998 0.01765	0.30379 0.03207
0	1.0 1.0	0.25704 0.03207	0.23102 0.01765	0.23102 0.05515
0	1.0 1.0	0.64668 0.0714	0.67194 0.07833	0.64764 0.04485
0	1.0 1.0	0.45503 0.07801	0.4809 0.07113	0.47994 0.04458
0	1.0 1.0	0.13367 0.22364	0.37385 0.55661	0.17774 0.19598
0	1.0 1.0	0.19044 0.98557	0.13025 0.98557	0.19044 0.99828
0	1.0 1.0	0.3576 0.09144	0.35 0.11956	0.35708 0.11947
0	1.0 1.0	0.3576 0.09144	0.34977 0.09242	0.35 0.11956
0	1.0 1.0	0.08034 0.98557	0.00082 0.98557	0.08034 0.99828
0	1.0 1.0	0.14839 0.12042	0.16962 0.10823	0.15784 0.10696
0	1.0 1.0	0.17255 0.12264	0.16962 0.10823	0.14839 0.12042
0	1.0 1.0	0.37385 0.55661	0.42423 0.55706	0.17774 0.19598
0	1.0 1.0	0.79461 0.59747	0.86342 0.53203	0.85201 0.52507
0	1.0 1.0	0.80668 0.60444	0.86342 0.53203	0.79461 0.59747
0	1.0 1.0	0.47994 0.04458	0.52636 0.02052	0.48078 0.00137
0	1.0 1.0	0.09107 0.56623	0.14802 0.51636	0.09107 0.51636
0	1.0 1.0	0.16682 0.56623	0.14802 0.51636	0.09107 0.56623
0	1.0 1.0	0.16682 0.56623	0.16682 0.51636	0.14802 0.51636
0	1.0 1.0	0.1497 0.00527	0.20535 0.03661	0.21781 0.02275
0	1.0 1.0	0.32484 0.9521	0.2767 0.9521	0.32266 0.96233
0	1.0 1.0	0.15751 0.02476	0.20535 0.03661	0.1497 0.00527
0	1.0 1.0	0.51651 0.26504	0.61107 0.26504	0.51229 0.22118
0	1.0 1.0	0.50027 0.53323	0.5246 0.51685	0.43567 0.55192
0	1.0 1.0	0.52587 0.04435	0.52636 0.02052	0.47994 0.04458
0	1.0 1.0	0.52636 0.02052	0.52636 0.00137	0.48078 0.00137
0	1.0 1.0	0.5274 0.07133	0.54465 0.18462	0.54065 0.07459
0	1.0 1.0	0.2767 0.9521	0.27767 0.96233	0.32266 0.96233
0	1.0 1.0	0.5328 0.18985	0.54465 0.18462	0.5274 0.07133
0	1.0 1.0	0.53405 0.47193	0.59352 0.47193	0.51257 0.27264
0	1.0 1.0	0.00082 0.98557	0.00082 0.99828	0.08034 0.99828
0	1.0 1.0	0.13617 0.50063	0.09107 0.43327	0.09107 0.50063
0	1.0 1.0	0.54045 0.04446	0.58826 0.03042	0.54045 0.03029
0	1.0 1.0	0.4898 0.96233	0.53942 0.96233	0.48721 0.9521
0	1.0 1.0	0.53831 0.51294	0.55043 0.47193	0.53395 0.47193
0	1.0 1.0	0.98091 0.02135	0.92349 0.08256	0.98091 0.0826
0	1.0 1.0	0.98091 0.02135	0.92349 0.02131	0.92349 0.08256
0	1.0 1.0	0.80241 0.07482	0.83125 0.04087	0.80241 0.04087
0	1.0 1.0	0.55043 0.51294	0.55043 0.47193	0.53831 0.51294
0	1.0 1.0	0.83125 0.07482	0.83125 0.04087	0.80241 0.07482
0	1.0 1.0	0.57715 0.51294	0.58927 0.51294	0.57715 0.47193
0	1.0 1.0	0.58292 0.18462	0.60018 0.0716	0.58693 0.07459
0	1.0 1.0	0.58927 0.51294	0.59363 0.47193	0.57715 0.47193
0	1.0 1.0	0.53942 0.96233	0.54202 0.9521	0.48721 0.9521
0	1.0 1.0	0.13617 0.43327	0.09107 0.43327	0.13617 0.50063
0	1.0 1.0	0.58826 0.04446	0.58826 0.03042	0.54045 0.04446
0	1.0 1.0	0.02974 0.25899	0.02812 0.2453	0.01782 0.25899
0	1.0 1.0	0.02974 0.25899	0.04018 0.24525	0.02812 0.2453
0	1.0 1.0	0.59352 0.47193	0.615 0.27264	0.51257 0.27264
0	1.0 1.0	0.59478 0.18985	0.60018 0.0716	0.58292 0.18462
0	1.0 1.0	0.03235 0.30473	0.04423 0.3481	0.04423 0.30473
0	1.0 1.0	0.03235 0.30473	0.03235 0.35032	0.04423 0.3481
0	1.0 1.0	0.66309 0.60013	0.691 0.55208	0.65256 0.59573
0	1.0 1.0	0.66309 0.60013	0.70259 0.55747	0.691 0.55208
0	1.0 1.0	0.6264 0.53339	0.691 0.55208	0.60298 0.51745
0	1.0 1.0	0.61107 0.26504	0.61528 0.22118	0.51229 0.22118
0	1.0 1.0	0.94889 0.59842	0.98573 0.60468	0.92879 0.53177
0	1.0 1.0	0.07137 0.03597	0.11887 0.10632	0.11921 0.02412
0	1.0 1.0	0.05584 0.92968	0.11001 0.9521	0.11001 0.92968
0	1.0 1.0	0.05584 0.9521	0.11001 0.9521	0.05584 0.92968
0	1.0 1.0	0.04055 0.35911	0.03235 0.38364	0.04061 0.38302
0	1.0 1.0	0.04673 0.98096	0.3137 0.96825	0.04495 0.96825
0	1.0 1.0	0.04673 0.98096	0.3137 0.98096	0.3137 0.96825
0	1.0 1.0	0.03235 0.35032	0.03235 0.38364	0.04055 0.35911
0	1.0 1.0	0.75306 0.55782	0.95035 0.19709	0.70233 0.55739
0	1.0 1.0	0.75306 0.55782	0.99421 0.22452	0.95035 0.19709
0	1.0 1.0	0.1071 0.10759	0.11887 0.10632	0.07137 0.03597
0	1.0 1.0	0.46653 0.96825	0.41674 0.98096	0.46653 0.98096
0	1.0 1.0	0.46653 0.96825	0.41662 0.96825	0.41674 0.98096
0	1.0 1.0	0.77726 0.09307	0.76943 0.09209	0.77704 0.12021
0	1.0 1.0	0.76943 0.09209	0.76992 0.1204	0.77704 0.12021
0	1.0 1.0	0.08438 0.63298	0.08438 0.59171	0.03879 0.63298
0	1.0 1.0	0.29192 0.50662	0.2615 0.45411	0.2615 0.5591
0	1.0 1.0	0.08438 0.59171	0.03879 0.59171	0.03879 0.63298
0	1.0 1.0	0.2615 0.45411	0.20089 0.5591	0.2615 0.5591
0	1.0 1.0	0.2615 0.45411	0.20089 0.45411	0.20089 0.5591
0	1.0 1.0	0.20089 0.45411	0.1705 0.50662	0.20089 0.5591
0	1.0 1.0	0.08438 0.55044	0.03879 0.50922	0.03879 0.55044
0	1.0 1.0	0.08438 0.50922	0.03879 0.50922	0.08438 0.55044
0	1.0 1.0	0.27665 0.54287	0.29341 0.51404	0.28369 0.54287
0	1.0 1.0	0.29192 0.50662	0.2615 0.45411	0.2615 0.5591
0	1.0 1.0	0.28369 0.54287	0.29341 0.5717	0.27665 0.54287
0	1.0 1.0	0.28369 0.54287	0.29693 0.56564	0.29341 0.5717
0	1.0 1.0	0.29341 0.51404	0.29693 0.5201	0.28369 0.54287
0	1.0 1.0	0.29341 0.51404	0.32693 0.51404	0.29693 0.5201
0	1.0 1.0	0.29693 0.56564	0.32341 0.56564	0.29341 0.5717
0	1.0 1.0	0.2615 0.45411	0.20089 0.5591	0.2615 0.5591
0	1.0 1.0	0.2615 0.45411	0.20089 0.45411	0.20089 0.5591
0	1.0 1.0	0.29693 0.5201	0.32693 0.51404	0.32341 0.5201
0	1.0 1.0	0.32341 0.56564	0.32693 0.5717	0.29341 0.5717
0	1.0 1.0	0.32341 0.56564	0.3437 0.54287	0.32693 0.5717
0	1.0 1.0	0.20089 0.45411	0.1705 0.50662	0.20089 0.5591
0	1.0 1.0	0.32341 0.5201	0.3437 0.54287	0.33665 0.54287
0	1.0 1.0	0.32693 0.51404	0.3437 0.54287	0.32341 0.5201
0	1.0 1.0	0.33665 0.54287	0.3437 0.54287	0.32341 0.56564
0	1.0 1.0	0.03548 0.63391	0.03548 0.59264	0.00345 0.63391
0	1.0 1.0	0.96098 0.4478	0.9375 0.41536	0.9375 0.4478
0	1.0 1.0	0.96098 0.4478	0.96098 0.41536	0.9375 0.41536
0	1.0 1.0	0.03548 0.67504	0.00345 0.71588	0.03548 0.71588
0	1.0 1.0	0.00345 0.67504	0.00345 0.71588	0.03548 0.67504
0	1.0 1.0	0.03548 0.59264	0.00345 0.59264	0.00345 0.63391
0	1.0 1.0	0.9375 0.4803	0.96098 0.51275	0.96098 0.4803
0	1.0 1.0	0.9375 0.51275	0.96098 0.51275	0.9375 0.4803
0	1.0 1.0	0.9375 0.38284	0.96098 0.35036	0.9375 0.35036
0	1.0 1.0	0.96098 0.38284	0.96098 0.35036	0.9375 0.38284
0	1.0 1.0	0.03548 0.55137	0.00345 0.51015	0.00345 0.55137
0	1.0 1.0	0.03548 0.51015	0.00345 0.51015	0.03548 0.55137
0	1.0 1.0	0.03548 0.63391	0.03548 0.59264	0.00345 0.63391
0	1.0 1.0	0.29192 0.50662	0.2615 0.45411	0.2615 0.5591
0	1.0 1.0	0.03548 0.67504	0.00345 0.71588	0.03548 0.71588
0	1.0 1.0	0.00345 0.67504	0.00345 0.71588	0.03548 0.67504
0	1.0 1.0	0.03548 0.59264	0.00345 0.59264	0.00345 0.63391
0	1.0 1.0	0.2615 0.45411	0.20089 0.5591	0.2615 0.5591
0	1.0 1.0	0.2615 0.45411	0.20089 0.45411	0.20089 0.5591
0	1.0 1.0	0.20089 0.45411	0.1705 0.50662	0.20089 0.5591
0	1.0 1.0	0.03548 0.55137	0.00345 0.51015	0.00345 0.55137
0	1.0 1.0	0.03548 0.51015	0.00345 0.51015	0.03548 0.55137
0	1.0 1.0	0.997 0.99834	0.997 0.94657	0.98997 0.99829
0	1.0 1.0	0.99706 0.86207	0.98997 0.86502	0.997 0.87732
0	1.0 1.0	0.997 0.94657	0.98997 0.94419	0.98997 0.99829
0	1.0 1.0	0.99695 0.94134	0.99639 0.93331	0.98997 0.94419
0	1.0 1.0	0.99802 0.88008	0.98997 0.88033	0.99782 0.92633
0	1.0 1.0	0.98997 0.86502	0.98997 0.88033	0.997 0.87732
0	1.0 1.0	0.99639 0.93331	0.98997 0.92846	0.98997 0.94419
0	1.0 1.0	0.98997 0.88033	0.98997 0.92846	0.99782 0.92633
0	1.0 1.0	0.93173 0.88053	0.9317 0.86526	0.90607 0.88057
0	1.0 1.0	0.9317 0.86526	0.90607 0.86526	0.90607 0.88057
0	1.0 1.0	0.99725 0.74594	0.97159 0.73076	0.97159 0.74594
0	1.0 1.0	0.99725 0.74594	0.99725 0.73076	0.97159 0.73076
0	1.0 1.0	0.90607 0.94443	0.93173 0.99853	0.93173 0.94439
0	1.0 1.0	0.90607 0.94443	0.90607 0.99853	0.93173 0.99853
0	1.0 1.0	0.97159 0.80016	0.99725 0.85187	0.99725 0.80016
0	1.0 1.0	0.97159 0.85187	0.99725 0.85187	0.97159 0.80016
0	1.0 1.0	0.91393 0.4996	0.91393 0.41814	0.88469 0.4996
0	1.0 1.0	0.88469 0.4996	0.91393 0.41814	0.88469 0.41814
0	1.0 1.0	0.30379 0.03207	0.25704 0.00261	0.25704 0.03207
0	1.0 1.0	0.30379 0.03207	0.30379 0.00261	0.25704 0.00261
0	1.0 1.0	0.1929 0.18912	0.49246 0.5294	0.35708 0.11947
0	1.0 1.0	0.52254 0.90844	0.40989 0.88273	0.45739 0.90861
0	1.0 1.0	0.52254 0.90844	0.37282 0.84947	0.40989 0.88273
0	1.0 1.0	0.52169 0.86257	0.37282 0.84947	0.52254 0.90844
0	1.0 1.0	0.52169 0.86257	0.37266 0.7374	0.39169 0.79396
0	1.0 1.0	0.35708 0.11947	0.47404 0.19864	0.45503 0.07801
0	1.0 1.0	0.39462 0.23221	0.47404 0.19864	0.35708 0.11947
0	1.0 1.0	0.39462 0.23221	0.47812 0.22504	0.47404 0.19864
0	1.0 1.0	0.4022 0.25682	0.47812 0.22504	0.39462 0.23221
0	1.0 1.0	0.40466 0.26447	0.42857 0.2459	0.4022 0.25682
0	1.0 1.0	0.40466 0.26447	0.43476 0.26687	0.42857 0.2459
0	1.0 1.0	0.03265 0.14997	0.04085 0.1745	0.04091 0.15059
0	1.0 1.0	0.39169 0.79396	0.37282 0.84947	0.52169 0.86257
0	1.0 1.0	0.03262 0.18331	0.04085 0.1745	0.03265 0.14997
0	1.0 1.0	0.03262 0.18331	0.03262 0.22889	0.0445 0.18553
0	1.0 1.0	0.37892 0.6117	0.37266 0.7374	0.52169 0.86257
0	1.0 1.0	0.37892 0.6117	0.33123 0.70537	0.37266 0.7374
0	1.0 1.0	0.37892 0.6117	0.33123 0.60373	0.33123 0.70537
0	1.0 1.0	0.0445 0.18553	0.03262 0.22889	0.0445 0.22889
0	1.0 1.0	0.4361 0.55203	0.49246 0.5294	0.1929 0.18912
0	1.0 1.0	0.37282 0.84947	0.32668 0.88257	0.40989 0.88273
0	1.0 1.0	0.48432 0.27109	0.40466 0.26447	0.5246 0.51685
0	1.0 1.0	0.50649 0.21795	0.51257 0.27264	0.51229 0.22118
0	1.0 1.0	0.51257 0.27264	0.51651 0.26504	0.51229 0.22118
0	1.0 1.0	0.52203 0.58458	0.60271 0.57452	0.52681 0.57452
0	1.0 1.0	0.52203 0.58458	0.60681 0.58458	0.60271 0.57452
0	1.0 1.0	0.52681 0.57452	0.55111 0.51868	0.53891 0.51839
0	1.0 1.0	0.52681 0.57452	0.57822 0.5186	0.55111 0.51868
0	1.0 1.0	0.52681 0.57452	0.60271 0.57452	0.57822 0.5186
0	1.0 1.0	0.5246 0.51685	0.40466 0.26447	0.49246 0.5294
0	1.0 1.0	0.53195 0.59296	0.60681 0.58458	0.52203 0.58458
0	1.0 1.0	0.01536 0.78854	0.06219 0.78854	0.01536 0.72405
0	1.0 1.0	0.57822 0.5186	0.60271 0.57452	0.59014 0.51865
0	1.0 1.0	0.06219 0.78854	0.06219 0.72405	0.01536 0.72405
0	1.0 1.0	0.00421 0.96233	0.05584 0.9521	0.00165 0.9521
0	1.0 1.0	0.59733 0.5927	0.60681 0.58458	0.53195 0.59296
0	1.0 1.0	0.2585 0.70537	0.21081 0.61154	0.21707 0.73724
0	1.0 1.0	0.2585 0.60357	0.21081 0.61154	0.2585 0.70537
0	1.0 1.0	0.60298 0.51745	0.615 0.27264	0.58927 0.51294
0	1.0 1.0	0.60298 0.51745	0.64325 0.27136	0.615 0.27264
0	1.0 1.0	0.615 0.27264	0.64991 0.22839	0.62109 0.21795
0	1.0 1.0	0.62109 0.21795	0.65347 0.19938	0.62412 0.18985
0	1.0 1.0	0.62412 0.18985	0.67194 0.07833	0.64668 0.0714
0	1.0 1.0	0.05374 0.96233	0.05584 0.9521	0.00421 0.96233
0	1.0 1.0	0.64325 0.27136	0.64991 0.22839	0.615 0.27264
0	1.0 1.0	0.21691 0.84931	0.17984 0.88257	0.26305 0.88257
0	1.0 1.0	0.21691 0.84931	0.06719 0.90828	0.17984 0.88257
0	1.0 1.0	0.21707 0.73724	0.06804 0.86241	0.19803 0.7938
0	1.0 1.0	0.21081 0.61154	0.06804 0.86241	0.21707 0.73724
0	1.0 1.0	0.64991 0.22839	0.65347 0.19938	0.62109 0.21795
0	1.0 1.0	0.65347 0.19938	0.67194 0.07833	0.62412 0.18985
0	1.0 1.0	0.19803 0.7938	0.06804 0.86241	0.21691 0.84931
0	1.0 1.0	0.17984 0.88257	0.06719 0.90828	0.13234 0.90845
0	1.0 1.0	0.06804 0.86241	0.06719 0.90828	0.21691 0.84931
0	1.0 1.0	0.08438 0.63298	0.03879 0.67411	0.08438 0.67411
0	1.0 1.0	0.03879 0.63298	0.03879 0.67411	0.08438 0.63298
0	1.0 1.0	0.03879 0.46808	0.08438 0.50922	0.08438 0.46808
0	1.0 1.0	0.03879 0.46808	0.03879 0.50922	0.08438 0.50922
0	1.0 1.0	0.27665 0.54287	0.29341 0.51404	0.28369 0.54287
0	1.0 1.0	0.28369 0.54287	0.29341 0.5717	0.27665 0.54287
0	1.0 1.0	0.28369 0.54287	0.29693 0.56564	0.29341 0.5717
0	1.0 1.0	0.29341 0.51404	0.29693 0.5201	0.28369 0.54287
0	1.0 1.0	0.29341 0.51404	0.32693 0.51404	0.29693 0.5201
0	1.0 1.0	0.29693 0.56564	0.32341 0.56564	0.29341 0.5717
0	1.0 1.0	0.29693 0.5201	0.32693 0.51404	0.32341 0.5201
0	1.0 1.0	0.32341 0.56564	0.32693 0.5717	0.29341 0.5717
0	1.0 1.0	0.32341 0.56564	0.3437 0.54287	0.32693 0.5717
0	1.0 1.0	0.32341 0.5201	0.3437 0.54287	0.33665 0.54287
0	1.0 1.0	0.32693 0.51404	0.3437 0.54287	0.32341 0.5201
0	1.0 1.0	0.33665 0.54287	0.3437 0.54287	0.32341 0.56564
0	1.0 1.0	0.27665 0.54287	0.29341 0.51404	0.28369 0.54287
0	1.0 1.0	0.28369 0.54287	0.29341 0.5717	0.27665 0.54287
0	1.0 1.0	0.28369 0.54287	0.29693 0.56564	0.29341 0.5717
0	1.0 1.0	0.29341 0.51404	0.29693 0.5201	0.28369 0.54287
0	1.0 1.0	0.29341 0.51404	0.32693 0.51404	0.29693 0.5201
0	1.0 1.0	0.29693 0.56564	0.32341 0.56564	0.29341 0.5717
0	1.0 1.0	0.29693 0.5201	0.32693 0.51404	0.32341 0.5201
0	1.0 1.0	0.32341 0.56564	0.32693 0.5717	0.29341 0.5717
0	1.0 1.0	0.32341 0.56564	0.3437 0.54287	0.32693 0.5717
0	1.0 1.0	0.32341 0.5201	0.3437 0.54287	0.33665 0.54287
0	1.0 1.0	0.32693 0.51404	0.3437 0.54287	0.32341 0.5201
0	1.0 1.0	0.33665 0.54287	0.3437 0.54287	0.32341 0.56564
0	1.0 1.0	0.90607 0.9287	0.93173 0.94439	0.93173 0.9287
0	1.0 1.0	0.90607 0.9287	0.90607 0.94443	0.93173 0.94439
0	1.0 1.0	0.97141 0.79181	0.97159 0.80016	0.99708 0.79181
0	1.0 1.0	0.97159 0.80016	0.99725 0.80016	0.99708 0.79181
0	1.0 1.0	0.30379 0.05529	0.25704 0.03207	0.25704 0.05529
0	1.0 1.0	0.30379 0.05529	0.30379 0.03207	0.25704 0.03207
0	1.0 1.0	0.54678 0.91289	0.52254 0.90844	0.53318 0.92335
0	1.0 1.0	0.54462 0.86091	0.52254 0.90844	0.54678 0.91289
0	1.0 1.0	0.54462 0.86091	0.52169 0.86257	0.52254 0.90844
0	1.0 1.0	0.53849 0.84576	0.52169 0.86257	0.54462 0.86091
0	1.0 1.0	0.53849 0.84576	0.37892 0.6117	0.52169 0.86257
0	1.0 1.0	0.52254 0.90844	0.45766 0.9235	0.53318 0.92335
0	1.0 1.0	0.52254 0.90844	0.45739 0.90861	0.45766 0.9235
0	1.0 1.0	0.45739 0.90861	0.40888 0.89735	0.45766 0.9235
0	1.0 1.0	0.40989 0.88273	0.40888 0.89735	0.45739 0.90861
0	1.0 1.0	0.40989 0.88273	0.18085 0.89735	0.40888 0.89735
0	1.0 1.0	0.40989 0.88273	0.17984 0.88257	0.18085 0.89735
0	1.0 1.0	0.39772 0.59453	0.37892 0.6117	0.53849 0.84576
0	1.0 1.0	0.38836 0.79258	0.22049 0.84708	0.37064 0.8471
0	1.0 1.0	0.38836 0.79258	0.20277 0.79256	0.22049 0.84708
0	1.0 1.0	0.37901 0.57561	0.37892 0.6117	0.39772 0.59453
0	1.0 1.0	0.4809 0.07113	0.52587 0.04435	0.47994 0.04458
0	1.0 1.0	0.37901 0.57561	0.33123 0.60373	0.37892 0.6117
0	1.0 1.0	0.32484 0.92968	0.2767 0.9521	0.32484 0.9521
0	1.0 1.0	0.37064 0.8471	0.26687 0.88077	0.32427 0.88079
0	1.0 1.0	0.37064 0.8471	0.22049 0.84708	0.26687 0.88077
0	1.0 1.0	0.37064 0.73806	0.3285 0.70744	0.38836 0.79258
0	1.0 1.0	0.50369 0.18985	0.5274 0.07133	0.4809 0.07113
0	1.0 1.0	0.50369 0.18985	0.5328 0.18985	0.5274 0.07133
0	1.0 1.0	0.50649 0.21795	0.62109 0.21795	0.50346 0.18985
0	1.0 1.0	0.33315 0.57517	0.33123 0.60373	0.37901 0.57561
0	1.0 1.0	0.5274 0.07133	0.53965 0.04796	0.52587 0.04435
0	1.0 1.0	0.33315 0.57517	0.32428 0.58523	0.33123 0.60373
0	1.0 1.0	0.27665 0.92968	0.2767 0.9521	0.32484 0.92968
0	1.0 1.0	0.33123 0.60373	0.31954 0.70537	0.33123 0.70537
0	1.0 1.0	0.33123 0.60373	0.31954 0.60264	0.31954 0.70537
0	1.0 1.0	0.3285 0.70744	0.26263 0.70742	0.38836 0.79258
0	1.0 1.0	0.32428 0.58523	0.31954 0.60264	0.33123 0.60373
0	1.0 1.0	0.27019 0.70537	0.2585 0.60357	0.2585 0.70537
0	1.0 1.0	0.27019 0.60264	0.2585 0.60357	0.27019 0.70537
0	1.0 1.0	0.27019 0.60264	0.31954 0.60264	0.26545 0.58523
0	1.0 1.0	0.26545 0.58523	0.2585 0.60357	0.27019 0.60264
0	1.0 1.0	0.26545 0.58523	0.25658 0.575	0.2585 0.60357
0	1.0 1.0	0.26263 0.70742	0.22049 0.73804	0.38836 0.79258
0	1.0 1.0	0.59478 0.18985	0.62389 0.18985	0.60018 0.0716
0	1.0 1.0	0.2585 0.60357	0.21072 0.57544	0.21081 0.61154
0	1.0 1.0	0.60298 0.51745	0.72201 0.26448	0.64334 0.27245
0	1.0 1.0	0.60018 0.0716	0.60171 0.04462	0.58793 0.04796
0	1.0 1.0	0.25658 0.575	0.21072 0.57544	0.2585 0.60357
0	1.0 1.0	0.63408 0.52963	0.72201 0.26448	0.60298 0.51745
0	1.0 1.0	0.63408 0.52963	0.93537 0.19004	0.76992 0.1204
0	1.0 1.0	0.62109 0.21795	0.62412 0.18985	0.50346 0.18985
0	1.0 1.0	0.62389 0.18985	0.64668 0.0714	0.60018 0.0716
0	1.0 1.0	0.22049 0.73804	0.20277 0.79256	0.38836 0.79258
0	1.0 1.0	0.64991 0.22839	0.73283 0.23301	0.65347 0.19938
0	1.0 1.0	0.691 0.55208	0.93537 0.19004	0.63408 0.52963
0	1.0 1.0	0.21081 0.61154	0.05124 0.8456	0.06804 0.86241
0	1.0 1.0	0.64668 0.0714	0.64764 0.04485	0.60171 0.04462
0	1.0 1.0	0.21072 0.57544	0.19201 0.59437	0.21081 0.61154
0	1.0 1.0	0.65347 0.19938	0.76992 0.1204	0.67194 0.07833
0	1.0 1.0	0.19201 0.59437	0.05124 0.8456	0.21081 0.61154
0	1.0 1.0	0.69355 0.26747	0.72201 0.26448	0.69915 0.24824
0	1.0 1.0	0.69915 0.24824	0.72201 0.26448	0.7239 0.25774
0	1.0 1.0	0.17984 0.88257	0.13234 0.90845	0.18085 0.89735
0	1.0 1.0	0.7239 0.25774	0.73283 0.23301	0.64991 0.22839
0	1.0 1.0	0.73283 0.23301	0.76992 0.1204	0.65347 0.19938
0	1.0 1.0	0.13234 0.90845	0.13207 0.92333	0.18085 0.89735
0	1.0 1.0	0.13234 0.90845	0.06719 0.90828	0.13207 0.92333
0	1.0 1.0	0.06804 0.86241	0.04511 0.86075	0.06719 0.90828
0	1.0 1.0	0.06719 0.90828	0.05655 0.92319	0.13207 0.92333
0	1.0 1.0	0.06719 0.90828	0.04294 0.91272	0.05655 0.92319
0	1.0 1.0	0.05124 0.8456	0.04511 0.86075	0.06804 0.86241
0	1.0 1.0	0.04511 0.86075	0.04294 0.91272	0.06719 0.90828
0	1.0 1.0	0.27665 0.54287	0.29341 0.51404	0.28369 0.54287
0	1.0 1.0	0.28369 0.54287	0.29341 0.5717	0.27665 0.54287
0	1.0 1.0	0.28369 0.54287	0.29693 0.56564	0.29341 0.5717
0	1.0 1.0	0.29341 0.51404	0.29693 0.5201	0.28369 0.54287
0	1.0 1.0	0.29341 0.51404	0.32693 0.51404	0.29693 0.5201
0	1.0 1.0	0.29693 0.56564	0.32341 0.56564	0.29341 0.5717
0	1.0 1.0	0.29693 0.5201	0.32693 0.51404	0.32341 0.5201
0	1.0 1.0	0.32341 0.56564	0.32693 0.5717	0.29341 0.5717
0	1.0 1.0	0.32341 0.56564	0.3437 0.54287	0.32693 0.5717
0	1.0 1.0	0.32341 0.5201	0.3437 0.54287	0.33665 0.54287
0	1.0 1.0	0.32693 0.51404	0.3437 0.54287	0.32341 0.5201
0	1.0 1.0	0.33665 0.54287	0.3437 0.54287	0.32341 0.56564
0	1.0 1.0	0.96098 0.4478	0.9375 0.41536	0.9375 0.4478
0	1.0 1.0	0.96098 0.4478	0.96098 0.41536	0.9375 0.41536
0	1.0 1.0	0.9375 0.38284	0.96098 0.35036	0.9375 0.35036
0	1.0 1.0	0.96098 0.38284	0.96098 0.35036	0.9375 0.38284

NAMES 1
Hull

NORMALS
0 0 -1
0 0 -1
0 0 -1
0.87135 0.37717 0.31383
0.87588 0.36528 0.31528
0.87588 0.36528 0.31528
-0.9992 -0.03995 0
-0.9992 -0.03995 0
-0.9992 -0.03995 0
0 -0.99876 0.04978
0 -0.99876 0.04978
0 -0.99876 0.04978
-0.00043 1 -0.00192
-0.00043 1 -0.00192
-0.00043 1 -0.00192
0.25046 -0.34202 -0.9057
0.25046 -0.34202 -0.9057
0.29274 -0.31184 -0.90391
0 -0.99953 0.0306
0 -0.99953 0.0306
0 -0.99953 0.0306
0.83756 0.54635 0
0.83954 0.54329 0.00267
0.84053 0.54175 0.004
0.2075 -0.37128 -0.90504
0.83756 0.54635 0
0.83096 0.47924 0.28255
0.83096 0.47924 0.28255
0.83063 0.48128 0.28005
0.83128 0.4772 0.28505
0.65788 -0.26653 0.70438
0.65788 -0.26653 0.70438
0.65788 -0.26653 0.70438
0.95014 -0.31184 0
0.95014 -0.31184 0
0.95014 -0.31184 0
0.95014 -0.31184 0
0.70041 0.22988 -0.67571
0.70041 0.22988 -0.67571
0.70041 0.22988 -0.67571
-0.84711 -0.53142 0.00056
-0.84666 -0.53213 0.00028
-0.84666 -0.53213 0.00028
-0.84621 -0.53285 0
0.88027 0.35333 0.31667
0.84346 0.53713 0.00801
-0.16042 -0.98705 0.0005
-0.16042 -0.98705 0.0005
-0.16027 -0.98707 0
-0.16057 -0.98702 0.001
0.62605 0.4264 0.65287
0.62605 0.4264 0.65287
0.62605 0.4264 0.65287
0.43155 -0.59998 -0.67363
0.43155 -0.59998 -0.67363
0.43155 -0.59998 -0.67363
0.70041 0.22988 -0.67571
0.43155 -0.59998 -0.67364
-0.45261 -0.86853 0.20197
-0.45261 -0.86853 0.20197
-0.45261 -0.86853 0.20197
0 -0.99953 0.0306
0 0.274 0.96173
0 0.274 0.96173
0 0.274 0.96173
0 0.90623 -0.42279
0 0.90623 -0.42279
0 0.90623 -0.42279
0 0.90623 -0.42279
-0.76908 -0.00453 -0.63913
-0.76908 -0.00453 -0.63913
-0.76876 0 -0.63953
-0.76938 -0.00906 -0.63873
0 1 0
0 1 0
0 1 0
0 0.77218 -0.6354
0 0.77218 -0.6354
0 0.77218 -0.6354
0 0.95295 0.30314
0 0.95295 0.30314
0 0.95295 0.30314
0.56801 0.57374 0.59007
0.56801 0.57374 0.59007
0.56801 0.57374 0.59007
0 0.77218 -0.6354
0 1 0
0 1 0
0 1 0
0 -1 0
0 -1 0
0 -1 0
0 -1 0
-1 0 0
-1 0 0
-1 0 0
-1 0 0
1 0 0
1 0 0
1 0 0
1 0 0
1 0 0
1 0 0
1 0 0
-1 0 0
-1 0 0
-1 0 0
0 1 0
-0.56801 0.57374 0.59007
-0.56801 0.57374 0.59007
-0.56801 0.57374 0.59007
0 0.95295 0.30314
-0.74248 -0.66986 0
-0.74248 -0.66986 0
-0.74248 -0.66986 0
-0.74248 -0.66986 0
0.74248 0.66986 0
0.74248 0.66986 0
0.74248 0.66986 0
-0.44331 -0.54667 0.71037
-0.44331 -0.54667 0.71037
-0.4495 -0.53907 0.71229
0 1 0
-1 0 0
-1 0 0
-1 0 0
-1 0 0
-0.42439 0.5779 -0.69708
-0.42439 0.5779 -0.69708
-0.40666 0.56538 -0.71762
-0.44174 0.5899 -0.67593
1 0 0
1 0 0
1 0 0
0.74248 0.66986 0
1 0 0
-0.62605 0.4264 0.65287
-0.62605 0.4264 0.65287
-0.62605 0.4264 0.65287
0 0.274 0.96173
-0.70041 -0.22988 -0.67571
-0.70041 -0.22988 -0.67571
-0.70041 -0.22988 -0.67571
-0.95569 -0.29246 0.03338
-0.95569 -0.29246 0.03338
-0.95788 -0.28446 0.0393
-0.95341 -0.30044 0.02745
-0.95014 0.31184 0
-0.95014 0.31184 0
-0.95014 0.31184 0
0.84666 -0.53213 0.00028
0.84666 -0.53213 0.00028
0.84621 -0.53285 0
-0.83954 0.54329 0.00267
-0.84053 0.54175 0.004
-0.84346 0.53713 0.00801
-0.87588 0.36528 0.31528
-0.87588 0.36528 0.31528
-0.88027 0.35333 0.31667
-0.87135 0.37717 0.31383
-0.70041 -0.22988 -0.67571
-0.43708 -0.55422 0.70838
0.84711 -0.53142 0.00056
-0.25046 -0.34202 -0.9057
-0.25046 -0.34202 -0.9057
-0.29274 -0.31184 -0.90391
-0.95014 0.31184 0
0.00248 0.97669 0.21465
0.00248 0.97669 0.21465
0 0.97613 0.21721
-0.83756 0.54635 0
-0.83756 0.54635 0
-0.2075 -0.37128 -0.90504
0.00496 0.97724 0.2121
0.00043 1 -0.00192
0.00043 1 -0.00192
0.00043 1 -0.00192
0 -0.99876 0.04978
0 -0.99876 0.04978
0 -0.99876 0.04978
0.9992 -0.03995 0
0.9992 -0.03995 0
0.9992 -0.03995 0
0.9992 -0.03995 0
-0.86383 0.50378 0
-0.86383 0.50378 0
-0.86383 0.50378 0
-0.86383 0.50378 0
0 -1 0
0 -1 0
0 -1 0
0 -1 0
0.86383 0.50378 0
0.86383 0.50378 0
0.86383 0.50378 0
0.86383 0.50378 0
0.86384 -0.50377 0
0.86384 -0.50377 0
0.86384 -0.50377 0
0.86384 -0.50377 0
-0.86383 0.50378 0
-0.86383 0.50378 0
-0.86383 0.50378 0
0 1 0
0 1 0
0 1 0
-0.86383 0.50378 0
0 -1 0
0 -1 0
0 -1 0
0 -1 0
0.86383 0.50378 0
0.86383 0.50378 0
0.86383 0.50378 0
-0.86384 -0.50377 0
-0.86384 -0.50377 0
-0.86384 -0.50377 0
-0.86384 -0.50377 0
0 1 0
0.86383 0.50378 0
0.86384 -0.50377 0
0.86384 -0.50377 0
0.86384 -0.50377 0
0.86384 -0.50377 0
0 0 -1
0 0 -1
0 0 -1
0 1 0
0 1 0
0 1 0
0 0 -1
0 0 -1
0 0 -1
-0.86384 -0.50377 0
-0.86384 -0.50377 0
-0.86384 -0.50377 0
-0.86384 -0.50377 0
0 1 0
0 1 0
0 1 0
0 1 0
0 -1 0
0 -1 0
0 -1 0
0 -1 0
0 1 0
1 0 0
1 0 0
1 0 0
1 0 0
0.91771 -0.39724 0
0.91771 -0.39724 0
0.91771 -0.39724 0
0.91771 -0.39724 0
0.58395 0.81179 0
0.58395 0.81179 0
0.58395 0.81179 0
-0.63637 -0.77139 0
-0.63637 -0.77139 0
-0.63637 -0.77139 0
-0.63637 -0.77139 0
-0.91771 0.39724 0
-0.91771 0.39724 0
-0.91771 0.39724 0
0.58395 0.81179 0
-0.91771 0.39724 0
0 0 -1
0 0 -1
0 0 -1
0 0 -1
0 0 -1
0 0 -1
0 0 -1
0 0 -1
0 0 -1
0 0 -1
0.99986 -0.01701 0
0.99986 -0.01701 0
0.99986 -0.01701 0
0.99986 -0.01701 0
-0.99986 -0.01701 0
-0.99986 -0.01701 0
-0.99986 -0.01701 0
-0.99986 -0.01701 0
-0.00906 0.95278 0.30353
-0.00906 0.95278 0.30353
-0.00906 0.95278 0.30353
0.74182 0.6464 0.17853
0.74182 0.6464 0.17853
0.74182 0.6464 0.17853
-0.74182 0.6464 0.17853
-0.74182 0.6464 0.17853
-0.74182 0.6464 0.17853
0.00906 0.95278 0.30353
0.00906 0.95278 0.30353
0.00906 0.95278 0.30353
0.60637 -0.75208 0.25824
0.60637 -0.75208 0.25824
0.6144 -0.74477 0.26044
0.59826 -0.75931 0.256
-0.9992 -0.03995 0
-0.86702 -0.49827 0.00271
-0.86702 -0.49827 0.00271
-0.86708 -0.49814 0.00542
-0.86695 -0.49839 0
0.4726 0.88125 -0.00691
0.47345 0.88082 -0.00346
0.47345 0.88082 -0.00346
0.87027 0.49258 -0.00001
0.87027 0.49258 -0.00001
0.87027 0.49257 0
0.87027 0.49257 0
-0.86602 -0.49996 0.00666
-0.86602 -0.49996 0.00666
-0.86509 -0.50145 0.01279
0.47428 0.88037 0
-0.46374 -0.88504 -0.04075
-0.46374 -0.88504 -0.04075
-0.46572 -0.88399 -0.04086
-0.46175 -0.88608 -0.04063
0.26702 0.15408 0.95129
0.26702 0.15408 0.95129
0.25595 0.14475 0.95579
0.42841 0.71297 -0.5551
0.42841 0.71297 -0.5551
0.42879 0.71311 -0.55462
0.87027 0.49257 0
0.66209 0.66519 0.34518
0.66165 0.66594 0.3446
0.66381 0.66334 0.34544
0.27803 0.16338 0.94658
0.95014 0.31184 0
0.95014 0.31184 0
0.95014 0.31184 0
-0.86692 -0.49844 0.00052
0.70041 -0.22988 -0.67571
0.70041 -0.22988 -0.67571
0.70041 -0.22988 -0.67571
0.70041 -0.22988 -0.67571
0.66874 0.26842 0.69336
0.6655 0.27812 0.69265
0.6655 0.27812 0.69265
0.66063 0.6673 0.34393
0.66075 0.66743 0.34344
0.66075 0.66743 0.34344
0.66075 0.66743 0.34343
0.58392 -0.81181 0
0.58392 -0.81181 0
0.58392 -0.81181 0
0.58392 -0.81181 0
0.95014 0.31184 0
0.42803 0.71283 -0.55557
0.66075 0.66743 0.34343
0.66076 0.66742 0.34343
0 -0.93233 0.3616
0 -0.93233 0.3616
0 -0.93233 0.3616
0 -0.93233 0.3616
0.84866 0.26732 0.45641
0.84866 0.26732 0.45641
0.8458 0.27993 0.45416
0.66219 0.2878 0.69186
0.85138 0.25466 0.45859
0.74248 -0.66986 0
0.74248 -0.66986 0
0.74248 -0.66986 0
0.74248 -0.66986 0
-1 0 0
-1 0 0
-1 0 0
-1 0 0
-0.74248 0.66986 0
-0.74248 0.66986 0
-0.74248 0.66986 0
0.66076 0.66742 0.34343
1 0 0
1 0 0
1 0 0
0 0.74022 -0.67236
0 0.74022 -0.67236
0 0.74022 -0.67236
0 0.74022 -0.67236
1 0 0
0 -1 0
0 -1 0
0 -1 0
0 -1 0
-0.74248 0.66986 0
0 0 -1
0 0 -1
0 0 -1
0 0 -1
0 0.69711 0.71696
0 0.69711 0.71696
0 0.69711 0.71696
0 0.94942 0.31401
0 0.94942 0.31401
0 0.94942 0.31401
-1 0 0
-1 0 0
-1 0 0
-1 0 0
0 0.69711 0.71696
0 0 1
0 0 1
0 0 1
0 0 1
0 0 1
0 0 1
0 0 1
0 0.69711 0.71696
0 0.69711 0.71696
0 0.69711 0.71696
0 0 1
0 0 -1
0 0 -1
0 0 -1
1 0 0
1 0 0
1 0 0
0 0 -1
1 0 0
0 0.94942 0.31401
0 0.69711 0.71696
-0.84866 0.26732 0.45641
-0.84866 0.26732 0.45641
-0.8458 0.27993 0.45416
-0.58392 -0.81181 0
-0.58392 -0.81181 0
-0.58392 -0.81181 0
0 1 0
0 1 0
0 1 0
-0.58392 -0.81181 0
-0.59941 0.80044 0
-0.59941 0.80044 0
-0.59941 0.80044 0
0.16736 -0.98567 -0.02103
0.16736 -0.98567 -0.02103
0.17421 -0.98471 0
0.16043 -0.98615 -0.04205
0 -1 0
0 -1 0
0 -1 0
0 -1 0
0 -1 0
-0.01455 0.99989 0
-0.01018 0.99992 0.00745
-0.00679 0.99996 0.00497
-0.00291 0.99997 0.00745
0 1 0
-0.85138 0.25466 0.45859
-0.65762 -0.26777 0.70416
-0.65762 -0.26777 0.70416
-0.65762 -0.26777 0.70416
0.77547 0.60965 0.16426
0.77547 0.60965 0.16426
0.77547 0.60964 0.16426
0.77546 0.60965 0.16427
0.4643 -0.88474 -0.04087
0.46501 -0.88436 -0.04091
0.46501 -0.88436 -0.04091
-0.42841 0.71297 -0.5551
-0.42841 0.71297 -0.5551
-0.42879 0.71311 -0.55462
-0.42803 0.71283 -0.55557
-0.26702 0.15408 0.95129
-0.26702 0.15408 0.95129
-0.25595 0.14475 0.95579
-0.59941 0.80044 0
-0.70041 0.22988 -0.67571
-0.70041 0.22988 -0.67571
-0.70041 0.22988 -0.67571
-0.70041 0.22988 -0.67571
-0.59857 -0.759 0.2562
-0.60651 -0.75191 0.2584
-0.60651 -0.75191 0.2584
0.86692 -0.49844 0.00052
0.86602 -0.49996 0.00666
0.86602 -0.49996 0.00666
-0.27803 0.16337 0.94658
-0.87027 0.49258 -0.00001
-0.87027 0.49257 0
-0.87027 0.49257 0
-0.87027 0.49258 -0.00001
-0.87027 0.49257 0
0.46572 -0.88399 -0.04095
0 1 0
0.86509 -0.50145 0.01279
0 1 0
0 1 0
0 1 0
-0.61438 -0.74474 0.26056
-0.86383 -0.50378 0
-0.86383 -0.50378 0
-0.86383 -0.50378 0
-0.86383 -0.50378 0
0 -1 0
0 -1 0
0 -1 0
0 -1 0
0 1 0
0 1 0
0 1 0
0 1 0
0 1 0
0 1 0
0 1 0
0.86383 -0.50378 0
0.86383 -0.50378 0
0.86383 -0.50378 0
0.86383 -0.50378 0
0 1 0
0.86384 0.50377 0
0.86384 0.50377 0
0.86384 0.50377 0
-0.86383 -0.50378 0
-0.86383 -0.50378 0
-0.86383 -0.50378 0
-0.86383 -0.50378 0
0 -1 0
0 -1 0
0 -1 0
0 -1 0
0.86384 0.50377 0
0 1 0
0 1 0
0 1 0
0 1 0
0.86383 -0.50378 0
0.86383 -0.50378 0
0.86383 -0.50378 0
0.86383 -0.50378 0
-0.86384 0.50377 0
-0.86384 0.50377 0
-0.86384 0.50377 0
-0.86384 0.50377 0
-0.86384 0.50377 0
-0.86384 0.50377 0
-0.86384 0.50377 0
-0.86384 0.50377 0
0 -1 0
0 -1 0
0 -1 0
0 -1 0
0.86382 0.5038 0
0.86382 0.5038 0
0.86382 0.5038 0
0.86382 0.5038 0
0.86384 -0.50377 0
0.86384 -0.50377 0
0.86384 -0.50377 0
0.86384 -0.50377 0
-0.86382 0.5038 0
-0.86382 0.5038 0
-0.86382 0.5038 0
0 1 0
0 1 0
0 1 0
-0.86382 0.5038 0
0.86382 0.5038 0
0.86382 0.5038 0
0.86382 0.5038 0
-0.86384 -0.50377 0
-0.86384 -0.50377 0
-0.86384 -0.50377 0
-0.86384 -0.50377 0
0 1 0
0.86382 0.5038 0
0 -1 0
0 -1 0
0 -1 0
0 -1 0
0 1 0
0 1 0
0 1 0
0 1 0
0 1 0
0 1 0
0 1 0
0.99921 -0.03969 0
0.99921 -0.03969 0
0.99921 -0.03969 0
0.99921 -0.03969 0
0 1 0
-0.99912 0.04205 0
-0.99912 0.04205 0
-0.99912 0.04205 0
-0.99912 0.04205 0
0.99912 0.04205 0
0.99912 0.04205 0
0.99912 0.04205 0
0.99912 0.04205 0
-0.99921 -0.03969 0
-0.99921 -0.03969 0
-0.99921 -0.03969 0
-0.99921 -0.03969 0
0 1 0
0 1 0
0 1 0
0 1 0
-1 0 0
-1 0 0
-1 0 0
-1 0 0
0 1 0
0 1 0
0 1 0
0 -1 0
0 -1 0
0 -1 0
0 -1 0
0 1 0
0 -1 0
0 -1 0
0 -1 0
0 1 0
0 1 0
0 1 0
0 1 0
0 -1 0
-0.68723 0.68675 0.23682
-0.68723 0.68675 0.23682
-0.68723 0.68675 0.23682
0.68723 0.68675 0.23682
0.68723 0.68675 0.23682
0.68723 0.68675 0.23682
0.93764 0.03946 0.34535
0.93764 0.03944 0.34535
0.93764 0.03944 0.34535
0 1 0
0 1 0
0 1 0
0.54641 -0.75735 -0.35758
0.54641 -0.75735 -0.35758
0.46685 -0.79852 -0.38001
0.62131 -0.70971 -0.3321
0 1 0
0 1 0
0 1 0
-0.00248 0.97669 0.21465
-0.00248 0.97669 0.21465
0 0.97613 0.21721
-0.00496 0.97724 0.2121
0.93764 0.03942 0.34535
0.4434 -0.54628 0.71062
0.4434 -0.54628 0.71062
0.44999 -0.53816 0.71266
0.43676 -0.55433 0.70849
0.01018 0.99992 0.00745
0.00679 0.99996 0.00497
0.00291 0.99997 0.00745
0 -1 0
0 -1 0
0 -1 0
0 -1 0
0 -1 0
0.95569 -0.29246 0.03337
0.95569 -0.29246 0.03337
0.95788 -0.28446 0.0393
0.44174 0.5899 -0.67593
0.42439 0.5779 -0.69708
0.42439 0.5779 -0.69708
0.95341 -0.30044 0.02744
0 0.92613 0.3772
0 0.92613 0.3772
0 0.92613 0.3772
0 0 1
0 0 1
0 0 1
0.01455 0.99989 0
0 1 0
-0.74932 0.63755 0.17905
-0.74932 0.63755 0.17905
-0.74113 0.64579 0.1835
0.40666 0.56538 -0.71762
-0.75739 0.6292 0.17456
0 0.92613 0.3772
0 0.92613 0.3772
0 0.92613 0.3772
0 1 0
0 -1 0
0 -1 0
0 -1 0
0 1 0
0 1 0
0 1 0
0 -0.74022 -0.67236
0 -0.74022 -0.67236
0 -0.74022 -0.67236
0 0.92613 0.3772
0 0.92613 0.3772
0 0.92613 0.3772
0 0 -1
0 0 -1
0 0 -1
0 0 -1
0 0.97285 0.23143
0 0.97285 0.23143
0 0.97285 0.23143
0 0.92613 0.3772
0 0.97285 0.23143
0 0.92613 0.3772
0 0.92613 0.3772
0 0.92613 0.3772
0.74932 0.63755 0.17905
0.74932 0.63755 0.17905
0.74113 0.64579 0.1835
0 -0.74022 -0.67236
0 -1 0
0 1 0
0.76908 -0.00453 -0.63913
0.76908 -0.00453 -0.63913
0.76876 0 -0.63953
0.76938 -0.00906 -0.63873
0 0.92613 0.3772
0.75739 0.6292 0.17456
0 0 -1
0 0 -1
0 0 -1
0 0 -1
-0.6655 0.27812 0.69265
-0.6655 0.27812 0.69265
-0.66219 0.2878 0.69186
-0.66874 0.26842 0.69336
0 0 1
0 0 1
0 0 1
0 0.92613 0.3772
0.45534 -0.86767 0.19954
0.45534 -0.86767 0.19954
0.45534 -0.86767 0.19954
-0.83096 0.47924 0.28255
-0.83096 0.47924 0.28255
-0.83063 0.48127 0.28005
-0.95014 -0.31184 0
-0.95014 -0.31184 0
-0.95014 -0.31184 0
-0.95014 -0.31184 0
0 0 -1
0 0 -1
0.85876 -0.50026 -0.11077
0.85876 -0.50026 -0.11077
0.83998 -0.49595 -0.22018
0.86695 -0.49839 0
-0.93764 0.0385 0.34547
-0.93764 0.0385 0.34547
-0.9377 0.03754 0.34541
-0.93758 0.03946 0.34552
-0.83128 0.4772 0.28505
-0.47345 0.88082 -0.00346
-0.47345 0.88082 -0.00346
-0.47428 0.88037 0
-0.4726 0.88125 -0.00691
-0.62131 -0.70971 -0.3321
-0.54641 -0.75735 -0.35758
-0.54641 -0.75735 -0.35758
-0.46685 -0.79852 -0.38001
0.86384 0.50377 0
0.86384 0.50377 0
0.86384 0.50377 0
0 0 -1
0 0 -1
0 0 -1
0.86384 0.50377 0
0 0 -1
0 0 -1
0 0 -1
-0.86384 0.50377 0
-0.86384 0.50377 0
-0.86384 0.50377 0
-0.86384 0.50377 0
0 0 -1
0 0 -1
0 0 -1
0 0 -1
0 0 -1
0 0 -1
0 0 -1
0 0 -1
0 0 -1
0 0 -1
0 0 -1
0 0 -1
0 0 -1
0 0 -1
0 0 -1
0 0 -1
0 0 -1
0 0 -1
0.86383 0.50378 0
0.86383 0.50378 0
0.86383 0.50378 0
-0.86385 -0.50376 0
-0.86385 -0.50376 0
-0.86385 -0.50376 0
-0.86385 -0.50376 0
0 -1 0
0 -1 0
0 -1 0
0 -1 0
0.86383 0.50378 0
0 1 0
0 1 0
0 1 0
0 1 0
0.86382 -0.50379 0
0.86382 -0.50379 0
0.86382 -0.50379 0
0.86382 -0.50379 0
-0.86383 0.50378 0
-0.86383 0.50378 0
-0.86383 0.50378 0
-0.86383 0.50378 0
0.86383 0.50378 0
0.86383 0.50378 0
0.86383 0.50378 0
0 0 -1
0 0 -1
0 0 -1
0 -1 0
0 -1 0
0 -1 0
0 -1 0
0.86383 0.50378 0
0 0 -1
0 0 -1
0 0 -1
-0.86383 0.50378 0
-0.86383 0.50378 0
-0.86383 0.50378 0
-0.86383 0.50378 0
0 0 -1
0 0 -1
0 0 -1
0 0 -1
0 0 -1
0 0 -1
0 0 -1
0 0 -1
0 0 -1
0 0 -1
0.91771 0.39724 0
0.91771 0.39724 0
0.91771 0.39724 0
0.91771 0.39724 0
-0.91771 -0.39724 0
-0.91771 -0.39724 0
-0.91771 -0.39724 0
-0.91771 -0.39724 0
0 -1 0
0 -1 0
0 -1 0
0 -1 0
0 1 0
0 1 0
0 1 0
0 1 0
0 0.34454 -0.93877
0 0.34454 -0.93877
0 0.34454 -0.93877
0 0.34454 -0.93877
-0.89221 0 -0.45161
-0.89221 0 -0.45161
-0.89221 0 -0.45161
-0.89221 0 -0.45161
0.83096 0.47033 0.29714
0.83096 0.47033 0.29714
0.83096 0.47033 0.29714
0 0 -1
0 0 -1
0 0 -1
0 0 -1
0 0 -1
0 0 -1
0 0 -1
0.83044 0.4709 0.29768
0.83037 0.47115 0.29749
0.8307 0.47018 0.29811
0.83021 0.47162 0.2972
0.83022 0.47162 0.29718
0.82859 0.47429 0.29746
0.82857 0.47638 0.29418
0.82857 0.47638 0.29418
0.83015 0.47576 0.29068
0 0 -1
0 0 -1
0 0 -1
0 0 -1
0 0 -1
0 0 -1
0 0 -1
0 0 -1
0 0 -1
0.83096 0.47033 0.29714
0 0 -1
0.83026 0.47159 0.2971
0.83061 0.47096 0.29712
0.83061 0.47096 0.29712
-0.77546 0.60965 0.16427
-0.77547 0.60965 0.16426
-0.77547 0.60965 0.16426
-0.77547 0.60964 0.16426
0 -0.00649 0.99998
0 0.06025 0.99818
0 0.09519 0.99546
0 -0.00324 0.99999
0 0.12993 0.99152
0 0.12993 0.99152
0 0.12993 0.99152
0.83096 0.47033 0.29714
0 0 1
0 0.97865 0.20552
0 0.97865 0.20552
0 0.97865 0.20552
0 0.12993 0.99152
0 0.97865 0.20552
-0.43155 -0.59998 -0.67363
-0.43155 -0.59998 -0.67363
-0.43155 -0.59998 -0.67363
0 0 1
0 0 -1
0 0 -1
0 0 -1
0 0 -1
-0.66076 0.66742 0.34343
-0.66075 0.66743 0.34344
-0.66076 0.66742 0.34343
-0.66075 0.66743 0.34344
-0.66075 0.66743 0.34344
-0.66075 0.66743 0.34344
-0.66063 0.6673 0.34393
-0.66165 0.66594 0.3446
-0.66209 0.66519 0.34518
-0.66381 0.66334 0.34544
-0.43155 -0.59998 -0.67364
0 0 -1
0 0 -1
0 0 -1
0 0 -1
0 0 -1
0 0 -1
0 0 -1
0.86384 -0.50377 0
0.86384 -0.50377 0
0.86384 -0.50377 0
0.86384 -0.50377 0
-0.86384 -0.50377 0
-0.86384 -0.50377 0
-0.86384 -0.50377 0
-0.86384 -0.50377 0
0 0 -1
0 0 -1
0 0 -1
0 0 -1
0 0 -1
0 0 -1
0 0 -1
0 0 -1
0 0 -1
0 0 -1
0 0 -1
0 0 -1
0 0 -1
0 0 -1
0 0 -1
0 0 -1
0 0 -1
0 0 -1
0 0 -1
0 0 -1
0 0 -1
0 0 -1
0 0 -1
0 0 -1
0.63637 -0.77139 0
0.63637 -0.77139 0
0.63637 -0.77139 0
0.63637 -0.77139 0
-0.58395 0.81179 0
-0.58395 0.81179 0
-0.58395 0.81179 0
-0.58395 0.81179 0
0 0 -1
0 0 -1
0 0 -1
0 0 -1
0 0 -1
0 0 -1
0 0 -1
0 0 -1
0 0 -1
0 0 -1
0 0 -1
0 0 -1
0 0 -1
0 0 -1
0 0 -1
0 0 -1
0 0 -1
0 0 -1
0 0 -1
0 0 -1
0 0 -1
0 0 -1
0 0 -1
0.0139 0.95497 0.29638
0.0139 0.95497 0.29638
0.0139 0.95497 0.29638
0 0 -1
0.59941 0.80044 0
0.59941 0.80044 0
0.59941 0.80044 0
0 0 -1
0 0 -1
0 0 -1
0 0 -1
0.00451 0.94777 0.31891
0.00451 0.94777 0.31891
0.00901 0.948 0.31813
0 0.94752 0.31969
0 0.92613 0.3772
0 0.92613 0.3772
0 0.92613 0.3772
0 0 -1
-0.73107 0.65957 0.17467
-0.73107 0.65957 0.17467
-0.73107 0.65957 0.17467
0.59941 0.80044 0
0 0 -1
0 0 -1
0 0 -1
0 0 -1
0 0 -1
-0.00386 0.81206 -0.58357
0 0 -1
0 0.94752 0.31969
-0.00451 0.94777 0.31891
-0.00317 0.33328 -0.94282
0 0 -1
-0.83061 0.47096 0.29712
-0.83061 0.47096 0.29712
-0.83026 0.47159 0.2971
0.73107 0.65957 0.17467
0.73107 0.65957 0.17467
0.73107 0.65957 0.17467
-0.83096 0.47033 0.29714
-0.83096 0.47033 0.29714
-0.83096 0.47033 0.29714
-0.83096 0.47033 0.29714
0 0.92613 0.3772
-0.83022 0.47161 0.29718
-0.83021 0.47162 0.2972
-0.83037 0.47115 0.29749
-0.83096 0.47033 0.29714
0 0 -1
0 0 -1
-0.0139 0.95497 0.29638
-0.0139 0.95497 0.29638
-0.0139 0.95497 0.29638
0 0 -1
-0.83044 0.4709 0.29768
-0.8307 0.47018 0.29811
-0.83015 0.47576 0.29068
-0.82857 0.47638 0.29418
-0.82857 0.47638 0.29418
-0.82697 0.47699 0.29767
0 0 -1
-0.83021 0.47158 0.29724
0 0 -1
0 0 -1
0 0 -1
0 0 -1
0 0 -1
0 0 -1
0 0 -1
0 0 -1
0 0 -1
0 0 -1
0 0 -1
0 0 -1
0 0 -1
0 0 -1
0 0 -1
0 0 -1
0 0 -1
-0.86382 -0.50379 0
-0.86382 -0.50379 0
-0.86382 -0.50379 0
-0.86382 -0.50379 0
0.86382 -0.50379 0
0.86382 -0.50379 0
0.86382 -0.50379 0
0.86382 -0.50379 0

END
