NVERTS 384
NFACES 760

VERTEX
-0.19309,0.1,-0.51328
-0.19309,0.1,-0.54856
-0.19309,0.1,-0.58384
-0.19309,0.1,-0.61912
-0.19309,0.1,-0.65440
-0.19309,0.1,-0.68967
-0.19309,0.1,-0.72495
-0.19309,0.1,-0.76023
-0.19309,0.1,-0.79551
-0.15671,0.1,-0.79551
-0.12034,0.1,-0.79551
-0.08396,0.1,-0.79551
-0.04758,0.1,-0.79551
-0.01121,0.1,-0.79551
0.02517,0.1,-0.79551
0.06155,0.1,-0.79551
0.09792,0.1,-0.79551
0.09792,0.1,-0.76023
0.09792,0.1,-0.72495
0.09792,0.1,-0.68967
0.09792,0.1,-0.65440
0.09792,0.1,-0.61912
0.09792,0.1,-0.58384
0.09792,0.1,-0.54856
0.09792,0.1,-0.51328
0.06155,0.1,-0.51328
0.02517,0.1,-0.51328
-0.01121,0.1,-0.51328
-0.04758,0.1,-0.51328
-0.08396,0.1,-0.51328
-0.12034,0.1,-0.51328
-0.15671,0.1,-0.51328
-0.19309,-0.1,-0.51328
-0.19309,-0.1,-0.54856
-0.19309,-0.1,-0.58384
-0.19309,-0.1,-0.61912
-0.19309,-0.1,-0.65440
-0.19309,-0.1,-0.68967
-0.19309,-0.1,-0.72495
-0.19309,-0.1,-0.76023
-0.19309,-0.1,-0.79551
-0.15671,-0.1,-0.79551
-0.12034,-0.1,-0.79551
-0.08396,-0.1,-0.79551
-0.04758,-0.1,-0.79551
-0.01121,-0.1,-0.79551
0.02517,-0.1,-0.79551
0.06155,-0.1,-0.79551
0.09792,-0.1,-0.79551
0.09792,-0.1,-0.76023
0.09792,-0.1,-0.72495
0.09792,-0.1,-0.68967
0.09792,-0.1,-0.65440
0.09792,-0.1,-0.61912
0.09792,-0.1,-0.58384
0.09792,-0.1,-0.54856
0.09792,-0.1,-0.51328
0.06155,-0.1,-0.51328
0.02517,-0.1,-0.51328
-0.01121,-0.1,-0.51328
-0.04758,-0.1,-0.51328
-0.08396,-0.1,-0.51328
-0.12034,-0.1,-0.51328
-0.15671,-0.1,-0.51328
-0.35520,0.1,0.58437
-0.39818,0.1,0.55279
-0.43583,0.1,0.51614
-0.46813,0.1,0.47442
-0.49509,0.1,0.42764
-0.51671,0.1,0.37579
-0.53300,0.1,0.31887
-0.54394,0.1,0.25689
-0.54954,0.1,0.18984
-0.51426,0.1,0.18984
-0.47898,0.1,0.18984
-0.44370,0.1,0.18984
-0.40842,0.1,0.18984
-0.37314,0.1,0.18984
-0.33787,0.1,0.18984
-0.30259,0.1,0.18984
-0.26731,0.1,0.18984
-0.26657,0.1,0.21001
-0.26435,0.1,0.23000
-0.26065,0.1,0.24981
-0.25547,0.1,0.26943
-0.24881,0.1,0.28887
-0.24067,0.1,0.30813
-0.23105,0.1,0.32720
-0.21995,0.1,0.34609
-0.20708,0.1,0.36372
-0.19215,0.1,0.37899
-0.17515,0.1,0.39191
-0.15610,0.1,0.40249
-0.13499,0.1,0.41071
-0.11182,0.1,0.41659
-0.08659,0.1,0.42011
-0.05930,0.1,0.42129
-0.03161,0.1,0.42033
-0.00617,0.1,0.41747
0.01703,0.1,0.41270
0.03799,0.1,0.40603
0.05670,0.1,0.39745
0.07317,0.1,0.38696
0.08740,0.1,0.37456
0.09939,0.1,0.36025
0.10957,0.1,0.34479
0.11840,0.1,0.32891
0.12587,0.1,0.31262
0.13198,0.1,0.29592
0.13674,0.1,0.27881
0.14013,0.1,0.26128
0.14217,0.1,0.24335
0.14285,0.1,0.22500
0.14224,0.1,0.20905
0.14041,0.1,0.19344
0.13735,0.1,0.17817
0.13308,0.1,0.16323
0.12759,0.1,0.14863
0.12087,0.1,0.13436
0.11294,0.1,0.12043
0.10378,0.1,0.10683
0.09820,0.1,0.09910
0.09219,0.1,0.09151
0.08575,0.1,0.08408
0.07888,0.1,0.07681
0.07159,0.1,0.06968
0.06387,0.1,0.06271
0.05572,0.1,0.05589
0.04714,0.1,0.04922
0.03823,0.1,0.04226
0.02932,0.1,0.03530
0.02041,0.1,0.02834
0.01150,0.1,0.02139
0.00259,0.1,0.01443
-0.00632,0.1,0.00747
-0.01523,0.1,0.00051
-0.02415,0.1,-0.00645
-0.04926,0.1,-0.02666
-0.07188,0.1,-0.04627
-0.09199,0.1,-0.06529
-0.10959,0.1,-0.08372
-0.12470,0.1,-0.10155
-0.13730,0.1,-0.11878
-0.14741,0.1,-0.13542
-0.15501,0.1,-0.15147
-0.16105,0.1,-0.16881
-0.16648,0.1,-0.18934
-0.17130,0.1,-0.21306
-0.17551,0.1,-0.23997
-0.17911,0.1,-0.27007
-0.18210,0.1,-0.30335
-0.18449,0.1,-0.33983
-0.18626,0.1,-0.37949
-0.15330,0.1,-0.37949
-0.12034,0.1,-0.37949
-0.08738,0.1,-0.37949
-0.05442,0.1,-0.37949
-0.02146,0.1,-0.37949
0.01150,0.1,-0.37949
0.04446,0.1,-0.37949
0.07742,0.1,-0.37949
0.07783,0.1,-0.36060
0.07858,0.1,-0.34299
0.07966,0.1,-0.32667
0.08108,0.1,-0.31162
0.08283,0.1,-0.29786
0.08492,0.1,-0.28538
0.08735,0.1,-0.27418
0.09011,0.1,-0.26426
0.09535,0.1,-0.24984
0.10177,0.1,-0.23588
0.10938,0.1,-0.22237
0.11819,0.1,-0.20933
0.12818,0.1,-0.19674
0.13937,0.1,-0.18461
0.15174,0.1,-0.17294
0.16531,0.1,-0.16172
0.17397,0.1,-0.15501
0.18264,0.1,-0.14829
0.19131,0.1,-0.14158
0.19998,0.1,-0.13486
0.20864,0.1,-0.12815
0.21731,0.1,-0.12144
0.22598,0.1,-0.11472
0.23464,0.1,-0.10801
0.25994,0.1,-0.08796
0.28311,0.1,-0.06882
0.30413,0.1,-0.05061
0.32302,0.1,-0.03330
0.33978,0.1,-0.01691
0.35439,0.1,-0.00144
0.36688,0.1,0.01311
0.37722,0.1,0.02676
0.39210,0.1,0.04911
0.40499,0.1,0.07272
0.41590,0.1,0.09757
0.42483,0.1,0.12368
0.43177,0.1,0.15104
0.43673,0.1,0.17965
0.43971,0.1,0.20951
0.44070,0.1,0.24062
0.43842,0.1,0.29079
0.43157,0.1,0.33779
0.42017,0.1,0.38161
0.40420,0.1,0.42226
0.38367,0.1,0.45974
0.35858,0.1,0.49404
0.32892,0.1,0.52517
0.29470,0.1,0.55312
0.25704,0.1,0.57784
0.21703,0.1,0.59927
0.17470,0.1,0.61739
0.13003,0.1,0.63223
0.08302,0.1,0.64376
0.03369,0.1,0.65200
-0.01799,0.1,0.65694
-0.07200,0.1,0.65859
-0.11317,0.1,0.65743
-0.15269,0.1,0.65395
-0.19056,0.1,0.64816
-0.22678,0.1,0.64004
-0.26136,0.1,0.62960
-0.29429,0.1,0.61684
-0.32557,0.1,0.60177
-0.35520,-0.1,0.58437
-0.39818,-0.1,0.55279
-0.43583,-0.1,0.51614
-0.46813,-0.1,0.47442
-0.49509,-0.1,0.42764
-0.51671,-0.1,0.37579
-0.53300,-0.1,0.31887
-0.54394,-0.1,0.25689
-0.54954,-0.1,0.18984
-0.51426,-0.1,0.18984
-0.47898,-0.1,0.18984
-0.44370,-0.1,0.18984
-0.40842,-0.1,0.18984
-0.37314,-0.1,0.18984
-0.33787,-0.1,0.18984
-0.30259,-0.1,0.18984
-0.26731,-0.1,0.18984
-0.26657,-0.1,0.21001
-0.26435,-0.1,0.23000
-0.26065,-0.1,0.24981
-0.25547,-0.1,0.26943
-0.24881,-0.1,0.28887
-0.24067,-0.1,0.30813
-0.23105,-0.1,0.32720
-0.21995,-0.1,0.34609
-0.20708,-0.1,0.36372
-0.19215,-0.1,0.37899
-0.17515,-0.1,0.39191
-0.15610,-0.1,0.40249
-0.13499,-0.1,0.41071
-0.11182,-0.1,0.41659
-0.08659,-0.1,0.42011
-0.05930,-0.1,0.42129
-0.03161,-0.1,0.42033
-0.00617,-0.1,0.41747
0.01703,-0.1,0.41270
0.03799,-0.1,0.40603
0.05670,-0.1,0.39745
0.07317,-0.1,0.38696
0.08740,-0.1,0.37456
0.09939,-0.1,0.36025
0.10957,-0.1,0.34479
0.11840,-0.1,0.32891
0.12587,-0.1,0.31262
0.13198,-0.1,0.29592
0.13674,-0.1,0.27881
0.14013,-0.1,0.26128
0.14217,-0.1,0.24335
0.14285,-0.1,0.22500
0.14224,-0.1,0.20905
0.14041,-0.1,0.19344
0.13735,-0.1,0.17817
0.13308,-0.1,0.16323
0.12759,-0.1,0.14863
0.12087,-0.1,0.13436
0.11294,-0.1,0.12043
0.10378,-0.1,0.10683
0.09820,-0.1,0.09910
0.09219,-0.1,0.09151
0.08575,-0.1,0.08408
0.07888,-0.1,0.07681
0.07159,-0.1,0.06968
0.06387,-0.1,0.06271
0.05572,-0.1,0.05589
0.04714,-0.1,0.04922
0.03823,-0.1,0.04226
0.02932,-0.1,0.03530
0.02041,-0.1,0.02834
0.01150,-0.1,0.02139
0.00259,-0.1,0.01443
-0.00632,-0.1,0.00747
-0.01523,-0.1,0.00051
-0.02415,-0.1,-0.00645
-0.04926,-0.1,-0.02666
-0.07188,-0.1,-0.04627
-0.09199,-0.1,-0.06529
-0.10959,-0.1,-0.08372
-0.12470,-0.1,-0.10155
-0.13730,-0.1,-0.11878
-0.14741,-0.1,-0.13542
-0.15501,-0.1,-0.15147
-0.16105,-0.1,-0.16881
-0.16648,-0.1,-0.18934
-0.17130,-0.1,-0.21306
-0.17551,-0.1,-0.23997
-0.17911,-0.1,-0.27007
-0.18210,-0.1,-0.30335
-0.18449,-0.1,-0.33983
-0.18626,-0.1,-0.37949
-0.15330,-0.1,-0.37949
-0.12034,-0.1,-0.37949
-0.08738,-0.1,-0.37949
-0.05442,-0.1,-0.37949
-0.02146,-0.1,-0.37949
0.01150,-0.1,-0.37949
0.04446,-0.1,-0.37949
0.07742,-0.1,-0.37949
0.07783,-0.1,-0.36060
0.07858,-0.1,-0.34299
0.07966,-0.1,-0.32667
0.08108,-0.1,-0.31162
0.08283,-0.1,-0.29786
0.08492,-0.1,-0.28538
0.08735,-0.1,-0.27418
0.09011,-0.1,-0.26426
0.09535,-0.1,-0.24984
0.10177,-0.1,-0.23588
0.10938,-0.1,-0.22237
0.11819,-0.1,-0.20933
0.12818,-0.1,-0.19674
0.13937,-0.1,-0.18461
0.15174,-0.1,-0.17294
0.16531,-0.1,-0.16172
0.17397,-0.1,-0.15501
0.18264,-0.1,-0.14829
0.19131,-0.1,-0.14158
0.19998,-0.1,-0.13486
0.20864,-0.1,-0.12815
0.21731,-0.1,-0.12144
0.22598,-0.1,-0.11472
0.23464,-0.1,-0.10801
0.25994,-0.1,-0.08796
0.28311,-0.1,-0.06882
0.30413,-0.1,-0.05061
0.32302,-0.1,-0.03330
0.33978,-0.1,-0.01691
0.35439,-0.1,-0.00144
0.36688,-0.1,0.01311
0.37722,-0.1,0.02676
0.39210,-0.1,0.04911
0.40499,-0.1,0.07272
0.41590,-0.1,0.09757
0.42483,-0.1,0.12368
0.43177,-0.1,0.15104
0.43673,-0.1,0.17965
0.43971,-0.1,0.20951
0.44070,-0.1,0.24062
0.43842,-0.1,0.29079
0.43157,-0.1,0.33779
0.42017,-0.1,0.38161
0.40420,-0.1,0.42226
0.38367,-0.1,0.45974
0.35858,-0.1,0.49404
0.32892,-0.1,0.52517
0.29470,-0.1,0.55312
0.25704,-0.1,0.57784
0.21703,-0.1,0.59927
0.17470,-0.1,0.61739
0.13003,-0.1,0.63223
0.08302,-0.1,0.64376
0.03369,-0.1,0.65200
-0.01799,-0.1,0.65694
-0.07200,-0.1,0.65859
-0.11317,-0.1,0.65743
-0.15269,-0.1,0.65395
-0.19056,-0.1,0.64816
-0.22678,-0.1,0.64004
-0.26136,-0.1,0.62960
-0.29429,-0.1,0.61684
-0.32557,-0.1,0.60177

FACES
1,0,0 0,0,1 3 0,63,32
1,0,0 0,0,-1 3 8,40,9
1,0,0 0,0,-1 3 9,40,41
1,0,0 0,0,-1 3 9,42,10
1,0,0 0,0,-1 3 10,42,11
1,0,0 0,0,-1 3 11,42,43
1,0,0 0,0,-1 3 11,43,12
1,0,0 0,0,-1 3 12,43,44
1,0,0 0,0,-1 3 12,45,13
1,0,0 0,0,-1 3 13,45,14
1,0,0 0,0,-1 3 14,45,46
1,0,0 0,0,-1 3 14,47,15
1,0,0 0,0,-1 3 15,47,16
1,0,0 0,0,-1 3 16,47,48
1,0,0 0,0,1 3 24,56,25
1,0,0 0,0,1 3 25,56,57
1,0,0 0,0,1 3 25,58,26
1,0,0 0,0,1 3 26,58,27
1,0,0 0,0,1 3 27,58,59
1,0,0 0,0,1 3 27,60,28
1,0,0 0,0,1 3 28,60,29
1,0,0 0,0,1 3 29,60,61
1,0,0 0,0,1 3 29,62,30
1,0,0 0,0,1 3 30,62,31
1,0,0 0,0,1 3 31,62,63
1,0,0 0,0,1 3 31,63,0
1,0,0 0,0,-1 3 41,42,9
1,0,0 0,0,-1 3 44,45,12
1,0,0 0,0,-1 3 46,47,14
1,0,0 0,0,1 3 57,58,25
1,0,0 0,0,1 3 59,60,27
1,0,0 0,0,1 3 61,62,29
1,0,0 0,0,-1 3 72,232,73
1,0,0 0,0,-1 3 73,232,233
1,0,0 0,0,-1 3 73,234,74
1,0,0 0,0,-1 3 74,234,75
1,0,0 0,0,-1 3 75,234,235
1,0,0 0,0,-1 3 75,236,76
1,0,0 0,0,-1 3 76,236,77
1,0,0 0,0,-1 3 77,236,237
1,0,0 0,0,-1 3 77,238,78
1,0,0 0,0,-1 3 78,238,79
1,0,0 0,0,-1 3 79,238,239
1,0,0 0,0,-1 3 79,240,80
1,0,0 0,0,-1 3 152,312,153
1,0,0 0,0,-1 3 153,312,313
1,0,0 0,0,-1 3 153,314,154
1,0,0 0,0,-1 3 154,314,155
1,0,0 0,0,-1 3 155,314,315
1,0,0 0,0,-1 3 155,316,156
1,0,0 0,0,-1 3 156,316,157
1,0,0 0,0,-1 3 157,316,317
1,0,0 0,0,-1 3 157,318,158
1,0,0 0,0,-1 3 158,318,159
1,0,0 0,0,-1 3 159,318,319
1,0,0 0,0,-1 3 159,320,160
1,0,0 0,0,-1 3 233,234,73
1,0,0 0,0,-1 3 235,236,75
1,0,0 0,0,-1 3 237,238,77
1,0,0 0,0,-1 3 239,240,79
1,0,0 0,0,-1 3 313,314,153
1,0,0 0,0,-1 3 315,316,155
1,0,0 0,0,-1 3 317,318,157
1,0,0 0,0,-1 3 319,320,159
2,0,0 -1,0,0 3 0,33,1
2,0,0 -1,0,0 3 1,33,2
2,0,0 -1,0,0 3 2,33,34
2,0,0 -1,0,0 3 2,35,3
2,0,0 -1,0,0 3 3,35,4
2,0,0 -1,0,0 3 4,35,36
2,0,0 -1,0,0 3 4,37,5
2,0,0 -1,0,0 3 5,37,6
2,0,0 -1,0,0 3 6,37,38
2,0,0 -1,0,0 3 6,39,7
2,0,0 -1,0,0 3 7,39,8
2,0,0 -1,0,0 3 8,39,40
2,0,0 1,0,0 3 16,48,17
2,0,0 1,0,0 3 17,48,49
2,0,0 1,0,0 3 17,50,18
2,0,0 1,0,0 3 18,50,19
2,0,0 1,0,0 3 19,50,51
2,0,0 1,0,0 3 19,51,20
2,0,0 1,0,0 3 20,51,52
2,0,0 1,0,0 3 20,53,21
2,0,0 1,0,0 3 21,53,22
2,0,0 1,0,0 3 22,53,54
2,0,0 1,0,0 3 22,55,23
2,0,0 1,0,0 3 23,55,24
2,0,0 1,0,0 3 24,55,56
2,0,0 -1,0,0 3 32,33,0
2,0,0 -1,0,0 3 34,35,2
2,0,0 -1,0,0 3 36,37,4
2,0,0 -1,0,0 3 38,39,6
2,0,0 1,0,0 3 49,50,17
2,0,0 1,0,0 3 52,53,20
2,0,0 1,0,0 3 54,55,22
2,0,0 -0.59214,0,0.80583 3 64,225,65
2,0,0 -0.50624,0,0.86239 3 64,383,224
2,0,0 -0.69760,0,0.71648 3 65,225,66
2,0,0 -0.69760,0,0.71648 3 66,225,226
2,0,0 -0.79067,0,0.61224 3 66,227,67
2,0,0 -0.86641,0,0.49933 3 67,227,68
2,0,0 -0.86641,0,0.49933 3 68,227,228
2,0,0 -0.92296,0,0.38489 3 68,229,69
2,0,0 -0.96144,0,0.27503 3 69,229,70
2,0,0 -0.96144,0,0.27503 3 70,229,230
2,0,0 -0.98478,0,0.17383 3 70,230,71
2,0,0 -0.98478,0,0.17383 3 71,230,231
2,0,0 -0.99653,0,0.08323 3 71,232,72
2,0,0 0.99933,0,-0.03666 3 80,240,81
2,0,0 0.99933,0,-0.03666 3 81,240,241
2,0,0 0.99389,0,-0.11039 3 81,242,82
2,0,0 0.98299,0,-0.18365 3 82,242,83
2,0,0 0.98299,0,-0.18365 3 83,242,243
2,0,0 0.96687,0,-0.25525 3 83,244,84
2,0,0 0.94601,0,-0.32412 3 84,244,85
2,0,0 0.94601,0,-0.32412 3 85,244,245
2,0,0 0.92108,0,-0.38938 3 85,246,86
2,0,0 0.89285,0,-0.45035 3 86,246,87
2,0,0 0.89285,0,-0.45035 3 87,246,247
2,0,0 0.86216,0,-0.50664 3 87,248,88
2,0,0 0.80757,0,-0.58977 3 88,248,89
2,0,0 0.80757,0,-0.58977 3 89,248,249
2,0,0 0.71510,0,-0.69902 3 89,250,90
2,0,0 0.60542,0,-0.79591 3 90,250,91
2,0,0 0.60542,0,-0.79591 3 91,250,251
2,0,0 0.48532,0,-0.87434 3 91,252,92
2,0,0 0.36302,0,-0.93178 3 92,252,93
2,0,0 0.36302,0,-0.93178 3 93,252,253
2,0,0 0.24576,0,-0.96933 3 93,253,94
2,0,0 0.24576,0,-0.96933 3 94,253,254
2,0,0 0.13836,0,-0.99038 3 94,255,95
2,0,0 0.04301,0,-0.99907 3 95,255,96
2,0,0 0.04301,0,-0.99907 3 96,255,256
2,0,0 -0.03442,0,-0.99941 3 96,257,97
2,0,0 -0.11174,0,-0.99374 3 97,257,98
2,0,0 -0.11174,0,-0.99374 3 98,257,258
2,0,0 -0.20132,0,-0.97953 3 98,259,99
2,0,0 -0.30350,0,-0.95283 3 99,259,100
2,0,0 -0.30350,0,-0.95283 3 100,259,260
2,0,0 -0.41687,0,-0.90897 3 100,261,101
2,0,0 -0.53718,0,-0.84347 3 101,261,102
2,0,0 -0.53718,0,-0.84347 3 102,261,262
2,0,0 -0.65693,0,-0.75395 3 102,263,103
2,0,0 -0.76651,0,-0.64223 3 103,263,104
2,0,0 -0.76651,0,-0.64223 3 104,263,264
2,0,0 -0.83514,0,-0.55003 3 104,265,105
2,0,0 -0.87400,0,-0.48593 3 105,265,106
2,0,0 -0.87400,0,-0.48593 3 106,265,266
2,0,0 -0.90899,0,-0.41682 3 106,267,107
2,0,0 -0.93910,0,-0.34364 3 107,267,108
2,0,0 -0.93910,0,-0.34364 3 108,267,268
2,0,0 -0.96352,0,-0.26762 3 108,269,109
2,0,0 -0.98175,0,-0.19019 3 109,269,110
2,0,0 -0.98175,0,-0.19019 3 110,269,270
2,0,0 -0.99361,0,-0.11284 3 110,271,111
2,0,0 -0.99932,0,-0.03698 3 111,271,112
2,0,0 -0.99932,0,-0.03698 3 112,271,272
2,0,0 -0.99927,0,0.03825 3 112,273,113
2,0,0 -0.99319,0,0.11650 3 113,273,114
2,0,0 -0.99319,0,0.11650 3 114,273,274
2,0,0 -0.98062,0,0.19593 3 114,275,115
2,0,0 -0.96145,0,0.27498 3 115,275,116
2,0,0 -0.96145,0,0.27498 3 116,275,276
2,0,0 -0.93597,0,0.35209 3 116,277,117
2,0,0 -0.90482,0,0.42580 3 117,277,118
2,0,0 -0.90482,0,0.42580 3 118,277,278
2,0,0 -0.86895,0,0.49491 3 118,279,119
2,0,0 -0.82946,0,0.55856 3 119,279,120
2,0,0 -0.82946,0,0.55856 3 120,279,280
2,0,0 -0.81081,0,0.58532 3 120,281,121
2,0,0 -0.78363,0,0.62123 3 121,281,122
2,0,0 -0.78363,0,0.62123 3 122,281,282
2,0,0 -0.75574,0,0.65487 3 122,283,123
2,0,0 -0.72739,0,0.68622 3 123,283,124
2,0,0 -0.72739,0,0.68622 3 124,283,284
2,0,0 -0.69883,0,0.71529 3 124,285,125
2,0,0 -0.67026,0,0.74213 3 125,285,126
2,0,0 -0.67026,0,0.74213 3 126,285,286
2,0,0 -0.64188,0,0.76681 3 126,287,127
2,0,0 -0.61384,0,0.78943 3 127,287,128
2,0,0 -0.61384,0,0.78943 3 128,287,288
2,0,0 -0.61543,0,0.78819 3 128,289,129
2,0,0 -0.61543,0,0.78819 3 129,289,130
2,0,0 -0.61543,0,0.78819 3 130,289,290
2,0,0 -0.61543,0,0.78819 3 130,291,131
2,0,0 -0.61543,0,0.78819 3 131,291,132
2,0,0 -0.61543,0,0.78819 3 132,291,292
2,0,0 -0.61543,0,0.78819 3 132,292,133
2,0,0 -0.61543,0,0.78819 3 133,292,293
2,0,0 -0.61543,0,0.78819 3 133,294,134
2,0,0 -0.61543,0,0.78819 3 134,294,135
2,0,0 -0.61543,0,0.78819 3 135,294,295
2,0,0 -0.61543,0,0.78819 3 135,295,136
2,0,0 -0.61543,0,0.78819 3 136,295,296
2,0,0 -0.62691,0,0.77909 3 136,297,137
2,0,0 -0.65525,0,0.75541 3 137,297,138
2,0,0 -0.65525,0,0.75541 3 138,297,298
2,0,0 -0.68713,0,0.72654 3 138,299,139
2,0,0 -0.72294,0,0.69091 3 139,299,140
2,0,0 -0.72294,0,0.69091 3 140,299,300
2,0,0 -0.76298,0,0.64643 3 140,301,141
2,0,0 -0.80719,0,0.59029 3 141,301,142
2,0,0 -0.80719,0,0.59029 3 142,301,302
2,0,0 -0.85482,0,0.51893 3 142,303,143
2,0,0 -0.90376,0,0.42803 3 143,303,144
2,0,0 -0.90376,0,0.42803 3 144,303,304
2,0,0 -0.94432,0,0.32904 3 144,305,145
2,0,0 -0.96673,0,0.25578 3 145,305,146
2,0,0 -0.96673,0,0.25578 3 146,305,306
2,0,0 -0.97996,0,0.19921 3 146,307,147
2,0,0 -0.98797,0,0.15462 3 147,307,148
2,0,0 -0.98797,0,0.15462 3 148,307,308
2,0,0 -0.99292,0,0.11880 3 148,309,149
2,0,0 -0.99599,0,0.08949 3 149,309,150
2,0,0 -0.99599,0,0.08949 3 150,309,310
2,0,0 -0.99788,0,0.06512 3 150,311,151
2,0,0 -0.99901,0,0.04458 3 151,311,152
2,0,0 -0.99901,0,0.04458 3 152,311,312
2,0,0 0.99976,0,-0.02180 3 160,320,161
2,0,0 0.99976,0,-0.02180 3 161,320,321
2,0,0 0.99910,0,-0.04242 3 161,322,162
2,0,0 0.99781,0,-0.06621 3 162,322,163
2,0,0 0.99781,0,-0.06621 3 163,322,323
2,0,0 0.99558,0,-0.09390 3 163,324,164
2,0,0 0.99197,0,-0.12647 3 164,324,165
2,0,0 0.99197,0,-0.12647 3 165,324,325
2,0,0 0.98626,0,-0.16518 3 165,325,166
2,0,0 0.98626,0,-0.16518 3 166,325,326
2,0,0 0.97733,0,-0.21171 3 166,327,167
2,0,0 0.96335,0,-0.26826 3 167,327,168
2,0,0 0.96335,0,-0.26826 3 168,327,328
2,0,0 0.94000,0,-0.34118 3 168,329,169
2,0,0 0.90845,0,-0.41799 3 169,329,170
2,0,0 0.90845,0,-0.41799 3 170,329,330
2,0,0 0.87108,0,-0.49115 3 170,330,171
2,0,0 0.87108,0,-0.49115 3 171,330,331
2,0,0 0.82890,0,-0.55939 3 171,332,172
2,0,0 0.78318,0,-0.62180 3 172,332,173
2,0,0 0.78318,0,-0.62180 3 173,332,333
2,0,0 0.73519,0,-0.67786 3 173,334,174
2,0,0 0.68618,0,-0.72744 3 174,334,175
2,0,0 0.68618,0,-0.72744 3 175,334,335
2,0,0 0.63720,0,-0.77070 3 175,335,176
2,0,0 0.63720,0,-0.77070 3 176,335,336
2,0,0 0.61240,0,-0.79055 3 176,337,177
2,0,0 0.61240,0,-0.79055 3 177,337,178
2,0,0 0.61240,0,-0.79055 3 178,337,338
2,0,0 0.61240,0,-0.79055 3 178,339,179
2,0,0 0.61240,0,-0.79055 3 179,339,180
2,0,0 0.61240,0,-0.79055 3 180,339,340
2,0,0 0.61240,0,-0.79055 3 180,340,181
2,0,0 0.61240,0,-0.79055 3 181,340,341
2,0,0 0.61240,0,-0.79055 3 181,342,182
2,0,0 0.61240,0,-0.79055 3 182,342,183
2,0,0 0.61240,0,-0.79055 3 183,342,343
2,0,0 0.61240,0,-0.79055 3 183,344,184
2,0,0 0.62111,0,-0.78372 3 184,344,185
2,0,0 0.62111,0,-0.78372 3 185,344,345
2,0,0 0.63688,0,-0.77096 3 185,345,186
2,0,0 0.63688,0,-0.77096 3 186,345,346
2,0,0 0.65485,0,-0.75576 3 186,347,187
2,0,0 0.67545,0,-0.73740 3 187,347,188
2,0,0 0.67545,0,-0.73740 3 188,347,348
2,0,0 0.69925,0,-0.71488 3 188,349,189
2,0,0 0.72689,0,-0.68675 3 189,349,190
2,0,0 0.72689,0,-0.68675 3 190,349,350
2,0,0 0.75914,0,-0.65092 3 190,350,191
2,0,0 0.75914,0,-0.65092 3 191,350,351
2,0,0 0.79678,0,-0.60427 3 191,352,192
2,0,0 0.83249,0,-0.55404 3 192,352,193
2,0,0 0.83249,0,-0.55404 3 193,352,353
2,0,0 0.87761,0,-0.47937 3 193,353,194
2,0,0 0.87761,0,-0.47937 3 194,353,354
2,0,0 0.91568,0,-0.40191 3 194,355,195
2,0,0 0.94622,0,-0.32352 3 195,355,196
2,0,0 0.94622,0,-0.32352 3 196,355,356
2,0,0 0.96928,0,-0.24597 3 196,357,197
2,0,0 0.98531,0,-0.17079 3 197,357,198
2,0,0 0.98531,0,-0.17079 3 198,357,358
2,0,0 0.99507,0,-0.09915 3 198,359,199
2,0,0 0.99949,0,-0.03186 3 199,359,200
2,0,0 0.99949,0,-0.03186 3 200,359,360
2,0,0 0.99897,0,0.04542 3 200,361,201
2,0,0 0.98956,0,0.14410 3 201,361,202
2,0,0 0.98956,0,0.14410 3 202,361,362
2,0,0 0.96776,0,0.25188 3 202,363,203
2,0,0 0.93076,0,0.36563 3 203,363,204
2,0,0 0.93076,0,0.36563 3 204,363,364
2,0,0 0.87701,0,0.48046 3 204,365,205
2,0,0 0.80710,0,0.59042 3 205,365,206
2,0,0 0.80710,0,0.59042 3 206,365,366
2,0,0 0.72402,0,0.68977 3 206,366,207
2,0,0 0.72402,0,0.68977 3 207,366,367
2,0,0 0.63266,0,0.77443 3 207,368,208
2,0,0 0.54867,0,0.83604 3 208,368,209
2,0,0 0.54867,0,0.83604 3 209,368,369
2,0,0 0.47212,0,0.88153 3 209,370,210
2,0,0 0.39362,0,0.91927 3 210,370,211
2,0,0 0.39362,0,0.91927 3 211,370,371
2,0,0 0.31511,0,0.94906 3 211,372,212
2,0,0 0.23834,0,0.97118 3 212,372,213
2,0,0 0.23834,0,0.97118 3 213,372,373
2,0,0 0.16472,0,0.98634 3 213,374,214
2,0,0 0.09524,0,0.99545 3 214,374,215
2,0,0 0.09524,0,0.99545 3 215,374,375
2,0,0 0.03050,0,0.99953 3 215,376,216
2,0,0 -0.02816,0,0.99960 3 216,376,217
2,0,0 -0.02816,0,0.99960 3 217,376,377
2,0,0 -0.08769,0,0.99615 3 217,378,218
2,0,0 -0.15134,0,0.98848 3 218,378,219
2,0,0 -0.15134,0,0.98848 3 219,378,379
2,0,0 -0.21867,0,0.97580 3 219,380,220
2,0,0 -0.28898,0,0.95734 3 220,380,221
2,0,0 -0.28898,0,0.95734 3 221,380,381
2,0,0 -0.36124,0,0.93247 3 221,382,222
2,0,0 -0.43416,0,0.90084 3 222,382,223
2,0,0 -0.43416,0,0.90084 3 223,382,383
2,0,0 -0.50624,0,0.86239 3 223,383,64
2,0,0 -0.59214,0,0.80583 3 224,225,64
2,0,0 -0.79067,0,0.61224 3 226,227,66
2,0,0 -0.92296,0,0.38489 3 228,229,68
2,0,0 -0.99653,0,0.08323 3 231,232,71
2,0,0 0.99389,0,-0.11039 3 241,242,81
2,0,0 0.96687,0,-0.25525 3 243,244,83
2,0,0 0.92108,0,-0.38938 3 245,246,85
2,0,0 0.86216,0,-0.50664 3 247,248,87
2,0,0 0.71510,0,-0.69902 3 249,250,89
2,0,0 0.48532,0,-0.87434 3 251,252,91
2,0,0 0.13836,0,-0.99038 3 254,255,94
2,0,0 -0.03442,0,-0.99941 3 256,257,96
2,0,0 -0.20132,0,-0.97953 3 258,259,98
2,0,0 -0.41687,0,-0.90897 3 260,261,100
2,0,0 -0.65693,0,-0.75395 3 262,263,102
2,0,0 -0.83514,0,-0.55003 3 264,265,104
2,0,0 -0.90899,0,-0.41682 3 266,267,106
2,0,0 -0.96352,0,-0.26762 3 268,269,108
2,0,0 -0.99361,0,-0.11284 3 270,271,110
2,0,0 -0.99927,0,0.03825 3 272,273,112
2,0,0 -0.98062,0,0.19593 3 274,275,114
2,0,0 -0.93597,0,0.35209 3 276,277,116
2,0,0 -0.86895,0,0.49491 3 278,279,118
2,0,0 -0.81081,0,0.58532 3 280,281,120
2,0,0 -0.75574,0,0.65487 3 282,283,122
2,0,0 -0.69883,0,0.71529 3 284,285,124
2,0,0 -0.64188,0,0.76681 3 286,287,126
2,0,0 -0.61543,0,0.78819 3 288,289,128
2,0,0 -0.61543,0,0.78819 3 290,291,130
2,0,0 -0.61543,0,0.78819 3 293,294,133
2,0,0 -0.62691,0,0.77909 3 296,297,136
2,0,0 -0.68713,0,0.72654 3 298,299,138
2,0,0 -0.76298,0,0.64643 3 300,301,140
2,0,0 -0.85482,0,0.51893 3 302,303,142
2,0,0 -0.94432,0,0.32904 3 304,305,144
2,0,0 -0.97996,0,0.19921 3 306,307,146
2,0,0 -0.99292,0,0.11880 3 308,309,148
2,0,0 -0.99788,0,0.06512 3 310,311,150
2,0,0 0.99910,0,-0.04242 3 321,322,161
2,0,0 0.99558,0,-0.09390 3 323,324,163
2,0,0 0.97733,0,-0.21171 3 326,327,166
2,0,0 0.94000,0,-0.34118 3 328,329,168
2,0,0 0.82890,0,-0.55939 3 331,332,171
2,0,0 0.73519,0,-0.67786 3 333,334,173
2,0,0 0.61240,0,-0.79055 3 336,337,176
2,0,0 0.61240,0,-0.79055 3 338,339,178
2,0,0 0.61240,0,-0.79055 3 341,342,181
2,0,0 0.61240,0,-0.79055 3 343,344,183
2,0,0 0.65485,0,-0.75576 3 346,347,186
2,0,0 0.69925,0,-0.71488 3 348,349,188
2,0,0 0.79678,0,-0.60427 3 351,352,191
2,0,0 0.91568,0,-0.40191 3 354,355,194
2,0,0 0.96928,0,-0.24597 3 356,357,196
2,0,0 0.99507,0,-0.09915 3 358,359,198
2,0,0 0.99897,0,0.04542 3 360,361,200
2,0,0 0.96776,0,0.25188 3 362,363,202
2,0,0 0.87701,0,0.48046 3 364,365,204
2,0,0 0.63266,0,0.77443 3 367,368,207
2,0,0 0.47212,0,0.88153 3 369,370,209
2,0,0 0.31511,0,0.94906 3 371,372,211
2,0,0 0.16472,0,0.98634 3 373,374,213
2,0,0 0.03050,0,0.99953 3 375,376,215
2,0,0 -0.08769,0,0.99615 3 377,378,217
2,0,0 -0.21867,0,0.97580 3 379,380,219
2,0,0 -0.36124,0,0.93247 3 381,382,221
3,0,0 0,1,0 3 1,31,0
3,0,0 0,1,0 3 2,29,30
3,0,0 0,1,0 3 2,31,1
3,0,0 0,1,0 3 3,29,2
3,0,0 0,1,0 3 4,12,28
3,0,0 0,1,0 3 4,29,3
3,0,0 0,1,0 3 5,11,4
3,0,0 0,1,0 3 6,9,10
3,0,0 0,1,0 3 6,11,5
3,0,0 0,1,0 3 7,9,6
3,0,0 0,1,0 3 8,9,7
3,0,0 0,1,0 3 10,11,6
3,0,0 0,1,0 3 11,12,4
3,0,0 0,1,0 3 12,20,28
3,0,0 0,1,0 3 13,20,12
3,0,0 0,1,0 3 14,17,18
3,0,0 0,1,0 3 14,19,13
3,0,0 0,1,0 3 15,17,14
3,0,0 0,1,0 3 16,17,15
3,0,0 0,1,0 3 18,19,14
3,0,0 0,1,0 3 19,20,13
3,0,0 0,1,0 3 20,27,28
3,0,0 0,1,0 3 21,27,20
3,0,0 0,1,0 3 22,25,26
3,0,0 0,1,0 3 22,27,21
3,0,0 0,1,0 3 23,25,22
3,0,0 0,1,0 3 24,25,23
3,0,0 0,1,0 3 26,27,22
3,0,0 0,1,0 3 28,29,4
3,0,0 0,1,0 3 30,31,2
3,0,0 0,-1,0 3 32,63,33
3,0,0 0,-1,0 3 33,62,34
3,0,0 0,-1,0 3 34,62,35
3,0,0 0,-1,0 3 35,60,36
3,0,0 0,-1,0 3 35,62,61
3,0,0 0,-1,0 3 36,43,37
3,0,0 0,-1,0 3 36,60,43
3,0,0 0,-1,0 3 37,42,38
3,0,0 0,-1,0 3 38,42,39
3,0,0 0,-1,0 3 39,41,40
3,0,0 0,-1,0 3 39,42,41
3,0,0 0,-1,0 3 43,42,37
3,0,0 0,-1,0 3 43,60,44
3,0,0 0,-1,0 3 44,60,45
3,0,0 0,-1,0 3 45,50,46
3,0,0 0,-1,0 3 45,52,51
3,0,0 0,-1,0 3 45,60,52
3,0,0 0,-1,0 3 46,50,47
3,0,0 0,-1,0 3 47,49,48
3,0,0 0,-1,0 3 47,50,49
3,0,0 0,-1,0 3 51,50,45
3,0,0 0,-1,0 3 52,60,53
3,0,0 0,-1,0 3 53,58,54
3,0,0 0,-1,0 3 53,60,59
3,0,0 0,-1,0 3 54,58,55
3,0,0 0,-1,0 3 55,57,56
3,0,0 0,-1,0 3 55,58,57
3,0,0 0,-1,0 3 59,58,53
3,0,0 0,-1,0 3 61,60,35
3,0,0 0,-1,0 3 63,62,33
3,0,0 0,1,0 3 64,89,90
3,0,0 0,1,0 3 65,89,64
3,0,0 0,1,0 3 66,87,88
3,0,0 0,1,0 3 66,89,65
3,0,0 0,1,0 3 67,87,66
3,0,0 0,1,0 3 68,85,86
3,0,0 0,1,0 3 68,87,67
3,0,0 0,1,0 3 69,85,68
3,0,0 0,1,0 3 70,77,69
3,0,0 0,1,0 3 71,73,74
3,0,0 0,1,0 3 71,75,70
3,0,0 0,1,0 3 72,73,71
3,0,0 0,1,0 3 74,75,71
3,0,0 0,1,0 3 75,76,70
3,0,0 0,1,0 3 76,77,70
3,0,0 0,1,0 3 77,83,84
3,0,0 0,1,0 3 77,85,69
3,0,0 0,1,0 3 78,83,77
3,0,0 0,1,0 3 79,83,78
3,0,0 0,1,0 3 80,81,79
3,0,0 0,1,0 3 81,82,79
3,0,0 0,1,0 3 82,83,79
3,0,0 0,1,0 3 84,85,77
3,0,0 0,1,0 3 86,87,68
3,0,0 0,1,0 3 88,89,66
3,0,0 0,1,0 3 90,223,64
3,0,0 0,1,0 3 91,221,222
3,0,0 0,1,0 3 91,223,90
3,0,0 0,1,0 3 92,221,91
3,0,0 0,1,0 3 93,221,92
3,0,0 0,1,0 3 94,217,218
3,0,0 0,1,0 3 94,219,93
3,0,0 0,1,0 3 95,217,94
3,0,0 0,1,0 3 96,215,216
3,0,0 0,1,0 3 96,217,95
3,0,0 0,1,0 3 97,215,96
3,0,0 0,1,0 3 98,213,214
3,0,0 0,1,0 3 98,215,97
3,0,0 0,1,0 3 99,213,98
3,0,0 0,1,0 3 100,211,212
3,0,0 0,1,0 3 100,213,99
3,0,0 0,1,0 3 101,211,100
3,0,0 0,1,0 3 102,209,210
3,0,0 0,1,0 3 102,211,101
3,0,0 0,1,0 3 103,209,102
3,0,0 0,1,0 3 104,207,208
3,0,0 0,1,0 3 104,209,103
3,0,0 0,1,0 3 105,207,104
3,0,0 0,1,0 3 106,204,205
3,0,0 0,1,0 3 106,207,105
3,0,0 0,1,0 3 107,204,106
3,0,0 0,1,0 3 108,202,203
3,0,0 0,1,0 3 108,204,107
3,0,0 0,1,0 3 109,202,108
3,0,0 0,1,0 3 110,200,201
3,0,0 0,1,0 3 110,202,109
3,0,0 0,1,0 3 111,200,110
3,0,0 0,1,0 3 112,198,199
3,0,0 0,1,0 3 112,200,111
3,0,0 0,1,0 3 113,198,112
3,0,0 0,1,0 3 114,195,196
3,0,0 0,1,0 3 114,198,113
3,0,0 0,1,0 3 115,195,114
3,0,0 0,1,0 3 116,191,192
3,0,0 0,1,0 3 116,194,115
3,0,0 0,1,0 3 117,191,116
3,0,0 0,1,0 3 118,188,189
3,0,0 0,1,0 3 118,190,117
3,0,0 0,1,0 3 119,188,118
3,0,0 0,1,0 3 120,186,187
3,0,0 0,1,0 3 120,188,119
3,0,0 0,1,0 3 121,186,120
3,0,0 0,1,0 3 122,186,121
3,0,0 0,1,0 3 123,185,122
3,0,0 0,1,0 3 124,183,184
3,0,0 0,1,0 3 124,185,123
3,0,0 0,1,0 3 125,183,124
3,0,0 0,1,0 3 126,183,125
3,0,0 0,1,0 3 127,181,182
3,0,0 0,1,0 3 127,182,126
3,0,0 0,1,0 3 128,178,179
3,0,0 0,1,0 3 128,180,127
3,0,0 0,1,0 3 129,178,128
3,0,0 0,1,0 3 130,176,177
3,0,0 0,1,0 3 130,178,129
3,0,0 0,1,0 3 131,176,130
3,0,0 0,1,0 3 132,175,176
3,0,0 0,1,0 3 132,176,131
3,0,0 0,1,0 3 133,175,132
3,0,0 0,1,0 3 134,175,133
3,0,0 0,1,0 3 135,175,134
3,0,0 0,1,0 3 136,173,174
3,0,0 0,1,0 3 136,174,135
3,0,0 0,1,0 3 137,173,136
3,0,0 0,1,0 3 138,171,172
3,0,0 0,1,0 3 138,173,137
3,0,0 0,1,0 3 139,171,138
3,0,0 0,1,0 3 140,171,139
3,0,0 0,1,0 3 141,170,140
3,0,0 0,1,0 3 142,170,141
3,0,0 0,1,0 3 143,169,142
3,0,0 0,1,0 3 144,168,169
3,0,0 0,1,0 3 144,169,143
3,0,0 0,1,0 3 145,168,144
3,0,0 0,1,0 3 146,167,168
3,0,0 0,1,0 3 146,168,145
3,0,0 0,1,0 3 147,167,146
3,0,0 0,1,0 3 148,155,156
3,0,0 0,1,0 3 148,167,147
3,0,0 0,1,0 3 149,155,148
3,0,0 0,1,0 3 150,153,154
3,0,0 0,1,0 3 150,155,149
3,0,0 0,1,0 3 151,153,150
3,0,0 0,1,0 3 152,153,151
3,0,0 0,1,0 3 154,155,150
3,0,0 0,1,0 3 156,167,148
3,0,0 0,1,0 3 157,164,165
3,0,0 0,1,0 3 157,166,156
3,0,0 0,1,0 3 158,164,157
3,0,0 0,1,0 3 159,163,158
3,0,0 0,1,0 3 160,161,159
3,0,0 0,1,0 3 161,162,159
3,0,0 0,1,0 3 162,163,159
3,0,0 0,1,0 3 163,164,158
3,0,0 0,1,0 3 165,166,157
3,0,0 0,1,0 3 166,167,156
3,0,0 0,1,0 3 169,170,142
3,0,0 0,1,0 3 170,171,140
3,0,0 0,1,0 3 172,173,138
3,0,0 0,1,0 3 174,175,135
3,0,0 0,1,0 3 177,178,130
3,0,0 0,1,0 3 179,180,128
3,0,0 0,1,0 3 180,181,127
3,0,0 0,1,0 3 182,183,126
3,0,0 0,1,0 3 184,185,124
3,0,0 0,1,0 3 185,186,122
3,0,0 0,1,0 3 187,188,120
3,0,0 0,1,0 3 189,190,118
3,0,0 0,1,0 3 190,191,117
3,0,0 0,1,0 3 192,193,116
3,0,0 0,1,0 3 193,194,116
3,0,0 0,1,0 3 194,195,115
3,0,0 0,1,0 3 196,197,114
3,0,0 0,1,0 3 197,198,114
3,0,0 0,1,0 3 199,200,112
3,0,0 0,1,0 3 201,202,110
3,0,0 0,1,0 3 203,204,108
3,0,0 0,1,0 3 205,206,106
3,0,0 0,1,0 3 206,207,106
3,0,0 0,1,0 3 208,209,104
3,0,0 0,1,0 3 210,211,102
3,0,0 0,1,0 3 212,213,100
3,0,0 0,1,0 3 214,215,98
3,0,0 0,1,0 3 216,217,96
3,0,0 0,1,0 3 218,219,94
3,0,0 0,1,0 3 219,220,93
3,0,0 0,1,0 3 220,221,93
3,0,0 0,1,0 3 222,223,91
3,0,0 0,-1,0 3 224,250,225
3,0,0 0,-1,0 3 224,383,250
3,0,0 0,-1,0 3 225,248,226
3,0,0 0,-1,0 3 225,250,249
3,0,0 0,-1,0 3 226,248,227
3,0,0 0,-1,0 3 227,246,228
3,0,0 0,-1,0 3 227,248,247
3,0,0 0,-1,0 3 228,246,229
3,0,0 0,-1,0 3 229,236,230
3,0,0 0,-1,0 3 229,244,237
3,0,0 0,-1,0 3 229,246,245
3,0,0 0,-1,0 3 230,234,231
3,0,0 0,-1,0 3 230,236,235
3,0,0 0,-1,0 3 231,233,232
3,0,0 0,-1,0 3 234,233,231
3,0,0 0,-1,0 3 235,234,230
3,0,0 0,-1,0 3 237,236,229
3,0,0 0,-1,0 3 237,244,238
3,0,0 0,-1,0 3 238,242,239
3,0,0 0,-1,0 3 238,244,243
3,0,0 0,-1,0 3 239,241,240
3,0,0 0,-1,0 3 239,242,241
3,0,0 0,-1,0 3 243,242,238
3,0,0 0,-1,0 3 245,244,229
3,0,0 0,-1,0 3 247,246,227
3,0,0 0,-1,0 3 249,248,225
3,0,0 0,-1,0 3 250,382,251
3,0,0 0,-1,0 3 251,382,252
3,0,0 0,-1,0 3 252,380,253
3,0,0 0,-1,0 3 252,381,380
3,0,0 0,-1,0 3 252,382,381
3,0,0 0,-1,0 3 253,378,254
3,0,0 0,-1,0 3 253,380,379
3,0,0 0,-1,0 3 254,378,255
3,0,0 0,-1,0 3 255,376,256
3,0,0 0,-1,0 3 255,378,377
3,0,0 0,-1,0 3 256,376,257
3,0,0 0,-1,0 3 257,374,258
3,0,0 0,-1,0 3 257,376,375
3,0,0 0,-1,0 3 258,374,259
3,0,0 0,-1,0 3 259,372,260
3,0,0 0,-1,0 3 259,374,373
3,0,0 0,-1,0 3 260,372,261
3,0,0 0,-1,0 3 261,370,262
3,0,0 0,-1,0 3 261,372,371
3,0,0 0,-1,0 3 262,370,263
3,0,0 0,-1,0 3 263,368,264
3,0,0 0,-1,0 3 263,370,369
3,0,0 0,-1,0 3 264,368,265
3,0,0 0,-1,0 3 265,365,266
3,0,0 0,-1,0 3 265,367,366
3,0,0 0,-1,0 3 265,368,367
3,0,0 0,-1,0 3 266,365,267
3,0,0 0,-1,0 3 267,363,268
3,0,0 0,-1,0 3 267,365,364
3,0,0 0,-1,0 3 268,363,269
3,0,0 0,-1,0 3 269,361,270
3,0,0 0,-1,0 3 269,363,362
3,0,0 0,-1,0 3 270,361,271
3,0,0 0,-1,0 3 271,359,272
3,0,0 0,-1,0 3 271,361,360
3,0,0 0,-1,0 3 272,359,273
3,0,0 0,-1,0 3 273,357,274
3,0,0 0,-1,0 3 273,359,358
3,0,0 0,-1,0 3 274,356,275
3,0,0 0,-1,0 3 274,357,356
3,0,0 0,-1,0 3 275,353,276
3,0,0 0,-1,0 3 275,355,354
3,0,0 0,-1,0 3 275,356,355
3,0,0 0,-1,0 3 276,352,277
3,0,0 0,-1,0 3 276,353,352
3,0,0 0,-1,0 3 277,349,278
3,0,0 0,-1,0 3 277,351,350
3,0,0 0,-1,0 3 277,352,351
3,0,0 0,-1,0 3 278,349,279
3,0,0 0,-1,0 3 279,347,280
3,0,0 0,-1,0 3 279,349,348
3,0,0 0,-1,0 3 280,347,281
3,0,0 0,-1,0 3 281,345,282
3,0,0 0,-1,0 3 281,347,346
3,0,0 0,-1,0 3 282,345,283
3,0,0 0,-1,0 3 283,344,284
3,0,0 0,-1,0 3 284,344,285
3,0,0 0,-1,0 3 285,342,286
3,0,0 0,-1,0 3 285,344,343
3,0,0 0,-1,0 3 286,342,287
3,0,0 0,-1,0 3 287,339,288
3,0,0 0,-1,0 3 287,341,340
3,0,0 0,-1,0 3 287,342,341
3,0,0 0,-1,0 3 288,339,289
3,0,0 0,-1,0 3 289,337,290
3,0,0 0,-1,0 3 289,339,338
3,0,0 0,-1,0 3 290,337,291
3,0,0 0,-1,0 3 291,336,292
3,0,0 0,-1,0 3 291,337,336
3,0,0 0,-1,0 3 292,335,293
3,0,0 0,-1,0 3 293,335,294
3,0,0 0,-1,0 3 294,334,295
3,0,0 0,-1,0 3 295,334,296
3,0,0 0,-1,0 3 296,333,297
3,0,0 0,-1,0 3 296,334,333
3,0,0 0,-1,0 3 297,332,298
3,0,0 0,-1,0 3 298,332,299
3,0,0 0,-1,0 3 299,330,300
3,0,0 0,-1,0 3 299,332,331
3,0,0 0,-1,0 3 300,330,301
3,0,0 0,-1,0 3 301,329,302
3,0,0 0,-1,0 3 302,329,303
3,0,0 0,-1,0 3 303,329,304
3,0,0 0,-1,0 3 304,329,305
3,0,0 0,-1,0 3 305,328,306
3,0,0 0,-1,0 3 305,329,328
3,0,0 0,-1,0 3 306,328,307
3,0,0 0,-1,0 3 307,327,308
3,0,0 0,-1,0 3 307,328,327
3,0,0 0,-1,0 3 308,316,309
3,0,0 0,-1,0 3 308,327,316
3,0,0 0,-1,0 3 309,314,310
3,0,0 0,-1,0 3 309,316,315
3,0,0 0,-1,0 3 310,314,311
3,0,0 0,-1,0 3 311,313,312
3,0,0 0,-1,0 3 311,314,313
3,0,0 0,-1,0 3 315,314,309
3,0,0 0,-1,0 3 316,325,317
3,0,0 0,-1,0 3 316,327,326
3,0,0 0,-1,0 3 317,325,318
3,0,0 0,-1,0 3 318,322,319
3,0,0 0,-1,0 3 318,324,323
3,0,0 0,-1,0 3 318,325,324
3,0,0 0,-1,0 3 319,321,320
3,0,0 0,-1,0 3 319,322,321
3,0,0 0,-1,0 3 323,322,318
3,0,0 0,-1,0 3 326,325,316
3,0,0 0,-1,0 3 330,329,301
3,0,0 0,-1,0 3 331,330,299
3,0,0 0,-1,0 3 333,332,297
3,0,0 0,-1,0 3 335,334,294
3,0,0 0,-1,0 3 336,335,292
3,0,0 0,-1,0 3 338,337,289
3,0,0 0,-1,0 3 340,339,287
3,0,0 0,-1,0 3 343,342,285
3,0,0 0,-1,0 3 345,344,283
3,0,0 0,-1,0 3 346,345,281
3,0,0 0,-1,0 3 348,347,279
3,0,0 0,-1,0 3 350,349,277
3,0,0 0,-1,0 3 354,353,275
3,0,0 0,-1,0 3 358,357,273
3,0,0 0,-1,0 3 360,359,271
3,0,0 0,-1,0 3 362,361,269
3,0,0 0,-1,0 3 364,363,267
3,0,0 0,-1,0 3 366,365,265
3,0,0 0,-1,0 3 369,368,263
3,0,0 0,-1,0 3 371,370,261
3,0,0 0,-1,0 3 373,372,259
3,0,0 0,-1,0 3 375,374,257
3,0,0 0,-1,0 3 377,376,255
3,0,0 0,-1,0 3 379,378,253
3,0,0 0,-1,0 3 383,382,250

TEXTURES
qmrk 1,1 0,0 0,0 0,0
qmrk 1,1 0,0 0,0 0,0
qmrk 1,1 0,0 0,0 0,0
qmrk 1,1 0,0 0,0 0,0
qmrk 1,1 0,0 0,0 0,0
qmrk 1,1 0,0 0,0 0,0
qmrk 1,1 0,0 0,0 0,0
qmrk 1,1 0,0 0,0 0,0
qmrk 1,1 0,0 0,0 0,0
qmrk 1,1 0,0 0,0 0,0
qmrk 1,1 0,0 0,0 0,0
qmrk 1,1 0,0 0,0 0,0
qmrk 1,1 0,0 0,0 0,0
qmrk 1,1 0,0 0,0 0,0
qmrk 1,1 0,0 0,0 0,0
qmrk 1,1 0,0 0,0 0,0
qmrk 1,1 0,0 0,0 0,0
qmrk 1,1 0,0 0,0 0,0
qmrk 1,1 0,0 0,0 0,0
qmrk 1,1 0,0 0,0 0,0
qmrk 1,1 0,0 0,0 0,0
qmrk 1,1 0,0 0,0 0,0
qmrk 1,1 0,0 0,0 0,0
qmrk 1,1 0,0 0,0 0,0
qmrk 1,1 0,0 0,0 0,0
qmrk 1,1 0,0 0,0 0,0
qmrk 1,1 0,0 0,0 0,0
qmrk 1,1 0,0 0,0 0,0
qmrk 1,1 0,0 0,0 0,0
qmrk 1,1 0,0 0,0 0,0
qmrk 1,1 0,0 0,0 0,0
qmrk 1,1 0,0 0,0 0,0
qmrk 1,1 0,0 0,0 0,0
qmrk 1,1 0,0 0,0 0,0
qmrk 1,1 0,0 0,0 0,0
qmrk 1,1 0,0 0,0 0,0
qmrk 1,1 0,0 0,0 0,0
qmrk 1,1 0,0 0,0 0,0
qmrk 1,1 0,0 0,0 0,0
qmrk 1,1 0,0 0,0 0,0
qmrk 1,1 0,0 0,0 0,0
qmrk 1,1 0,0 0,0 0,0
qmrk 1,1 0,0 0,0 0,0
qmrk 1,1 0,0 0,0 0,0
qmrk 1,1 0,0 0,0 0,0
qmrk 1,1 0,0 0,0 0,0
qmrk 1,1 0,0 0,0 0,0
qmrk 1,1 0,0 0,0 0,0
qmrk 1,1 0,0 0,0 0,0
qmrk 1,1 0,0 0,0 0,0
qmrk 1,1 0,0 0,0 0,0
qmrk 1,1 0,0 0,0 0,0
qmrk 1,1 0,0 0,0 0,0
qmrk 1,1 0,0 0,0 0,0
qmrk 1,1 0,0 0,0 0,0
qmrk 1,1 0,0 0,0 0,0
qmrk 1,1 0,0 0,0 0,0
qmrk 1,1 0,0 0,0 0,0
qmrk 1,1 0,0 0,0 0,0
qmrk 1,1 0,0 0,0 0,0
qmrk 1,1 0,0 0,0 0,0
qmrk 1,1 0,0 0,0 0,0
qmrk 1,1 0,0 0,0 0,0
qmrk 1,1 0,0 0,0 0,0
qmrk 1,1 0,0 0,0 0,0
qmrk 1,1 0,0 0,0 0,0
qmrk 1,1 0,0 0,0 0,0
qmrk 1,1 0,0 0,0 0,0
qmrk 1,1 0,0 0,0 0,0
qmrk 1,1 0,0 0,0 0,0
qmrk 1,1 0,0 0,0 0,0
qmrk 1,1 0,0 0,0 0,0
qmrk 1,1 0,0 0,0 0,0
qmrk 1,1 0,0 0,0 0,0
qmrk 1,1 0,0 0,0 0,0
qmrk 1,1 0,0 0,0 0,0
qmrk 1,1 0,0 0,0 0,0
qmrk 1,1 0,0 0,0 0,0
qmrk 1,1 0,0 0,0 0,0
qmrk 1,1 0,0 0,0 0,0
qmrk 1,1 0,0 0,0 0,0
qmrk 1,1 0,0 0,0 0,0
qmrk 1,1 0,0 0,0 0,0
qmrk 1,1 0,0 0,0 0,0
qmrk 1,1 0,0 0,0 0,0
qmrk 1,1 0,0 0,0 0,0
qmrk 1,1 0,0 0,0 0,0
qmrk 1,1 0,0 0,0 0,0
qmrk 1,1 0,0 0,0 0,0
qmrk 1,1 0,0 0,0 0,0
qmrk 1,1 0,0 0,0 0,0
qmrk 1,1 0,0 0,0 0,0
qmrk 1,1 0,0 0,0 0,0
qmrk 1,1 0,0 0,0 0,0
qmrk 1,1 0,0 0,0 0,0
qmrk 1,1 0,0 0,0 0,0
qmrk 1,1 0,0 0,0 0,0
qmrk 1,1 0,0 0,0 0,0
qmrk 1,1 0,0 0,0 0,0
qmrk 1,1 0,0 0,0 0,0
qmrk 1,1 0,0 0,0 0,0
qmrk 1,1 0,0 0,0 0,0
qmrk 1,1 0,0 0,0 0,0
qmrk 1,1 0,0 0,0 0,0
qmrk 1,1 0,0 0,0 0,0
qmrk 1,1 0,0 0,0 0,0
qmrk 1,1 0,0 0,0 0,0
qmrk 1,1 0,0 0,0 0,0
qmrk 1,1 0,0 0,0 0,0
qmrk 1,1 0,0 0,0 0,0
qmrk 1,1 0,0 0,0 0,0
qmrk 1,1 0,0 0,0 0,0
qmrk 1,1 0,0 0,0 0,0
qmrk 1,1 0,0 0,0 0,0
qmrk 1,1 0,0 0,0 0,0
qmrk 1,1 0,0 0,0 0,0
qmrk 1,1 0,0 0,0 0,0
qmrk 1,1 0,0 0,0 0,0
qmrk 1,1 0,0 0,0 0,0
qmrk 1,1 0,0 0,0 0,0
qmrk 1,1 0,0 0,0 0,0
qmrk 1,1 0,0 0,0 0,0
qmrk 1,1 0,0 0,0 0,0
qmrk 1,1 0,0 0,0 0,0
qmrk 1,1 0,0 0,0 0,0
qmrk 1,1 0,0 0,0 0,0
qmrk 1,1 0,0 0,0 0,0
qmrk 1,1 0,0 0,0 0,0
qmrk 1,1 0,0 0,0 0,0
qmrk 1,1 0,0 0,0 0,0
qmrk 1,1 0,0 0,0 0,0
qmrk 1,1 0,0 0,0 0,0
qmrk 1,1 0,0 0,0 0,0
qmrk 1,1 0,0 0,0 0,0
qmrk 1,1 0,0 0,0 0,0
qmrk 1,1 0,0 0,0 0,0
qmrk 1,1 0,0 0,0 0,0
qmrk 1,1 0,0 0,0 0,0
qmrk 1,1 0,0 0,0 0,0
qmrk 1,1 0,0 0,0 0,0
qmrk 1,1 0,0 0,0 0,0
qmrk 1,1 0,0 0,0 0,0
qmrk 1,1 0,0 0,0 0,0
qmrk 1,1 0,0 0,0 0,0
qmrk 1,1 0,0 0,0 0,0
qmrk 1,1 0,0 0,0 0,0
qmrk 1,1 0,0 0,0 0,0
qmrk 1,1 0,0 0,0 0,0
qmrk 1,1 0,0 0,0 0,0
qmrk 1,1 0,0 0,0 0,0
qmrk 1,1 0,0 0,0 0,0
qmrk 1,1 0,0 0,0 0,0
qmrk 1,1 0,0 0,0 0,0
qmrk 1,1 0,0 0,0 0,0
qmrk 1,1 0,0 0,0 0,0
qmrk 1,1 0,0 0,0 0,0
qmrk 1,1 0,0 0,0 0,0
qmrk 1,1 0,0 0,0 0,0
qmrk 1,1 0,0 0,0 0,0
qmrk 1,1 0,0 0,0 0,0
qmrk 1,1 0,0 0,0 0,0
qmrk 1,1 0,0 0,0 0,0
qmrk 1,1 0,0 0,0 0,0
qmrk 1,1 0,0 0,0 0,0
qmrk 1,1 0,0 0,0 0,0
qmrk 1,1 0,0 0,0 0,0
qmrk 1,1 0,0 0,0 0,0
qmrk 1,1 0,0 0,0 0,0
qmrk 1,1 0,0 0,0 0,0
qmrk 1,1 0,0 0,0 0,0
qmrk 1,1 0,0 0,0 0,0
qmrk 1,1 0,0 0,0 0,0
qmrk 1,1 0,0 0,0 0,0
qmrk 1,1 0,0 0,0 0,0
qmrk 1,1 0,0 0,0 0,0
qmrk 1,1 0,0 0,0 0,0
qmrk 1,1 0,0 0,0 0,0
qmrk 1,1 0,0 0,0 0,0
qmrk 1,1 0,0 0,0 0,0
qmrk 1,1 0,0 0,0 0,0
qmrk 1,1 0,0 0,0 0,0
qmrk 1,1 0,0 0,0 0,0
qmrk 1,1 0,0 0,0 0,0
qmrk 1,1 0,0 0,0 0,0
qmrk 1,1 0,0 0,0 0,0
qmrk 1,1 0,0 0,0 0,0
qmrk 1,1 0,0 0,0 0,0
qmrk 1,1 0,0 0,0 0,0
qmrk 1,1 0,0 0,0 0,0
qmrk 1,1 0,0 0,0 0,0
qmrk 1,1 0,0 0,0 0,0
qmrk 1,1 0,0 0,0 0,0
qmrk 1,1 0,0 0,0 0,0
qmrk 1,1 0,0 0,0 0,0
qmrk 1,1 0,0 0,0 0,0
qmrk 1,1 0,0 0,0 0,0
qmrk 1,1 0,0 0,0 0,0
qmrk 1,1 0,0 0,0 0,0
qmrk 1,1 0,0 0,0 0,0
qmrk 1,1 0,0 0,0 0,0
qmrk 1,1 0,0 0,0 0,0
qmrk 1,1 0,0 0,0 0,0
qmrk 1,1 0,0 0,0 0,0
qmrk 1,1 0,0 0,0 0,0
qmrk 1,1 0,0 0,0 0,0
qmrk 1,1 0,0 0,0 0,0
qmrk 1,1 0,0 0,0 0,0
qmrk 1,1 0,0 0,0 0,0
qmrk 1,1 0,0 0,0 0,0
qmrk 1,1 0,0 0,0 0,0
qmrk 1,1 0,0 0,0 0,0
qmrk 1,1 0,0 0,0 0,0
qmrk 1,1 0,0 0,0 0,0
qmrk 1,1 0,0 0,0 0,0
qmrk 1,1 0,0 0,0 0,0
qmrk 1,1 0,0 0,0 0,0
qmrk 1,1 0,0 0,0 0,0
qmrk 1,1 0,0 0,0 0,0
qmrk 1,1 0,0 0,0 0,0
qmrk 1,1 0,0 0,0 0,0
qmrk 1,1 0,0 0,0 0,0
qmrk 1,1 0,0 0,0 0,0
qmrk 1,1 0,0 0,0 0,0
qmrk 1,1 0,0 0,0 0,0
qmrk 1,1 0,0 0,0 0,0
qmrk 1,1 0,0 0,0 0,0
qmrk 1,1 0,0 0,0 0,0
qmrk 1,1 0,0 0,0 0,0
qmrk 1,1 0,0 0,0 0,0
qmrk 1,1 0,0 0,0 0,0
qmrk 1,1 0,0 0,0 0,0
qmrk 1,1 0,0 0,0 0,0
qmrk 1,1 0,0 0,0 0,0
qmrk 1,1 0,0 0,0 0,0
qmrk 1,1 0,0 0,0 0,0
qmrk 1,1 0,0 0,0 0,0
qmrk 1,1 0,0 0,0 0,0
qmrk 1,1 0,0 0,0 0,0
qmrk 1,1 0,0 0,0 0,0
qmrk 1,1 0,0 0,0 0,0
qmrk 1,1 0,0 0,0 0,0
qmrk 1,1 0,0 0,0 0,0
qmrk 1,1 0,0 0,0 0,0
qmrk 1,1 0,0 0,0 0,0
qmrk 1,1 0,0 0,0 0,0
qmrk 1,1 0,0 0,0 0,0
qmrk 1,1 0,0 0,0 0,0
qmrk 1,1 0,0 0,0 0,0
qmrk 1,1 0,0 0,0 0,0
qmrk 1,1 0,0 0,0 0,0
qmrk 1,1 0,0 0,0 0,0
qmrk 1,1 0,0 0,0 0,0
qmrk 1,1 0,0 0,0 0,0
qmrk 1,1 0,0 0,0 0,0
qmrk 1,1 0,0 0,0 0,0
qmrk 1,1 0,0 0,0 0,0
qmrk 1,1 0,0 0,0 0,0
qmrk 1,1 0,0 0,0 0,0
qmrk 1,1 0,0 0,0 0,0
qmrk 1,1 0,0 0,0 0,0
qmrk 1,1 0,0 0,0 0,0
qmrk 1,1 0,0 0,0 0,0
qmrk 1,1 0,0 0,0 0,0
qmrk 1,1 0,0 0,0 0,0
qmrk 1,1 0,0 0,0 0,0
qmrk 1,1 0,0 0,0 0,0
qmrk 1,1 0,0 0,0 0,0
qmrk 1,1 0,0 0,0 0,0
qmrk 1,1 0,0 0,0 0,0
qmrk 1,1 0,0 0,0 0,0
qmrk 1,1 0,0 0,0 0,0
qmrk 1,1 0,0 0,0 0,0
qmrk 1,1 0,0 0,0 0,0
qmrk 1,1 0,0 0,0 0,0
qmrk 1,1 0,0 0,0 0,0
qmrk 1,1 0,0 0,0 0,0
qmrk 1,1 0,0 0,0 0,0
qmrk 1,1 0,0 0,0 0,0
qmrk 1,1 0,0 0,0 0,0
qmrk 1,1 0,0 0,0 0,0
qmrk 1,1 0,0 0,0 0,0
qmrk 1,1 0,0 0,0 0,0
qmrk 1,1 0,0 0,0 0,0
qmrk 1,1 0,0 0,0 0,0
qmrk 1,1 0,0 0,0 0,0
qmrk 1,1 0,0 0,0 0,0
qmrk 1,1 0,0 0,0 0,0
qmrk 1,1 0,0 0,0 0,0
qmrk 1,1 0,0 0,0 0,0
qmrk 1,1 0,0 0,0 0,0
qmrk 1,1 0,0 0,0 0,0
qmrk 1,1 0,0 0,0 0,0
qmrk 1,1 0,0 0,0 0,0
qmrk 1,1 0,0 0,0 0,0
qmrk 1,1 0,0 0,0 0,0
qmrk 1,1 0,0 0,0 0,0
qmrk 1,1 0,0 0,0 0,0
qmrk 1,1 0,0 0,0 0,0
qmrk 1,1 0,0 0,0 0,0
qmrk 1,1 0,0 0,0 0,0
qmrk 1,1 0,0 0,0 0,0
qmrk 1,1 0,0 0,0 0,0
qmrk 1,1 0,0 0,0 0,0
qmrk 1,1 0,0 0,0 0,0
qmrk 1,1 0,0 0,0 0,0
qmrk 1,1 0,0 0,0 0,0
qmrk 1,1 0,0 0,0 0,0
qmrk 1,1 0,0 0,0 0,0
qmrk 1,1 0,0 0,0 0,0
qmrk 1,1 0,0 0,0 0,0
qmrk 1,1 0,0 0,0 0,0
qmrk 1,1 0,0 0,0 0,0
qmrk 1,1 0,0 0,0 0,0
qmrk 1,1 0,0 0,0 0,0
qmrk 1,1 0,0 0,0 0,0
qmrk 1,1 0,0 0,0 0,0
qmrk 1,1 0,0 0,0 0,0
qmrk 1,1 0,0 0,0 0,0
qmrk 1,1 0,0 0,0 0,0
qmrk 1,1 0,0 0,0 0,0
qmrk 1,1 0,0 0,0 0,0
qmrk 1,1 0,0 0,0 0,0
qmrk 1,1 0,0 0,0 0,0
qmrk 1,1 0,0 0,0 0,0
qmrk 1,1 0,0 0,0 0,0
qmrk 1,1 0,0 0,0 0,0
qmrk 1,1 0,0 0,0 0,0
qmrk 1,1 0,0 0,0 0,0
qmrk 1,1 0,0 0,0 0,0
qmrk 1,1 0,0 0,0 0,0
qmrk 1,1 0,0 0,0 0,0
qmrk 1,1 0,0 0,0 0,0
qmrk 1,1 0,0 0,0 0,0
qmrk 1,1 0,0 0,0 0,0
qmrk 1,1 0,0 0,0 0,0
qmrk 1,1 0,0 0,0 0,0
qmrk 1,1 0,0 0,0 0,0
qmrk 1,1 0,0 0,0 0,0
qmrk 1,1 0,0 0,0 0,0
qmrk 1,1 0,0 0,0 0,0
qmrk 1,1 0,0 0,0 0,0
qmrk 1,1 0,0 0,0 0,0
qmrk 1,1 0,0 0,0 0,0
qmrk 1,1 0,0 0,0 0,0
qmrk 1,1 0,0 0,0 0,0
qmrk 1,1 0,0 0,0 0,0
qmrk 1,1 0,0 0,0 0,0
qmrk 1,1 0,0 0,0 0,0
qmrk 1,1 0,0 0,0 0,0
qmrk 1,1 0,0 0,0 0,0
qmrk 1,1 0,0 0,0 0,0
qmrk 1,1 0,0 0,0 0,0
qmrk 1,1 0,0 0,0 0,0
qmrk 1,1 0,0 0,0 0,0
qmrk 1,1 0,0 0,0 0,0
qmrk 1,1 0,0 0,0 0,0
qmrk 1,1 0,0 0,0 0,0
qmrk 1,1 0,0 0,0 0,0
qmrk 1,1 0,0 0,0 0,0
qmrk 1,1 0,0 0,0 0,0
qmrk 1,1 0,0 0,0 0,0
qmrk 1,1 0,0 0,0 0,0
qmrk 1,1 0,0 0,0 0,0
qmrk 1,1 0,0 0,0 0,0
qmrk 1,1 0,0 0,0 0,0
qmrk 1,1 0,0 0,0 0,0
qmrk 1,1 0,0 0,0 0,0
qmrk 1,1 0,0 0,0 0,0
qmrk 1,1 0,0 0,0 0,0
qmrk 1,1 0,0 0,0 0,0
qmrk 1,1 0,0 0,0 0,0
qmrk 1,1 0,0 0,0 0,0
qmrk 1,1 0,0 0,0 0,0
qmrk 1,1 0,0 0,0 0,0
qmrk 1,1 0,0 0,0 0,0
qmrk 1,1 0,0 0,0 0,0
qmrk 1,1 0,0 0,0 0,0
qmrk 1,1 0,0 0,0 0,0
qmrk 1,1 0,0 0,0 0,0
qmrk 1,1 0,0 0,0 0,0
qmrk 1,1 0,0 0,0 0,0
qmrk 1,1 0,0 0,0 0,0
qmrk 1,1 0,0 0,0 0,0
qmrk 1,1 0,0 0,0 0,0
qmrk 1,1 0,0 0,0 0,0
qmrk 1,1 0,0 0,0 0,0
qmrk 1,1 0,0 0,0 0,0
qmrk 1,1 0,0 0,0 0,0
qmrk 1,1 0,0 0,0 0,0
qmrk 1,1 0,0 0,0 0,0
qmrk 1,1 0,0 0,0 0,0
qmrk 1,1 0,0 0,0 0,0
qmrk 1,1 0,0 0,0 0,0
qmrk 1,1 0,0 0,0 0,0
qmrk 1,1 0,0 0,0 0,0
qmrk 1,1 0,0 0,0 0,0
qmrk 1,1 0,0 0,0 0,0
qmrk 1,1 0,0 0,0 0,0
qmrk 1,1 0,0 0,0 0,0
qmrk 1,1 0,0 0,0 0,0
qmrk 1,1 0,0 0,0 0,0
qmrk 1,1 0,0 0,0 0,0
qmrk 1,1 0,0 0,0 0,0
qmrk 1,1 0,0 0,0 0,0
qmrk 1,1 0,0 0,0 0,0
qmrk 1,1 0,0 0,0 0,0
qmrk 1,1 0,0 0,0 0,0
qmrk 1,1 0,0 0,0 0,0
qmrk 1,1 0,0 0,0 0,0
qmrk 1,1 0,0 0,0 0,0
qmrk 1,1 0,0 0,0 0,0
qmrk 1,1 0,0 0,0 0,0
qmrk 1,1 0,0 0,0 0,0
qmrk 1,1 0,0 0,0 0,0
qmrk 1,1 0,0 0,0 0,0
qmrk 1,1 0,0 0,0 0,0
qmrk 1,1 0,0 0,0 0,0
qmrk 1,1 0,0 0,0 0,0
qmrk 1,1 0,0 0,0 0,0
qmrk 1,1 0,0 0,0 0,0
qmrk 1,1 0,0 0,0 0,0
qmrk 1,1 0,0 0,0 0,0
qmrk 1,1 0,0 0,0 0,0
qmrk 1,1 0,0 0,0 0,0
qmrk 1,1 0,0 0,0 0,0
qmrk 1,1 0,0 0,0 0,0
qmrk 1,1 0,0 0,0 0,0
qmrk 1,1 0,0 0,0 0,0
qmrk 1,1 0,0 0,0 0,0
qmrk 1,1 0,0 0,0 0,0
qmrk 1,1 0,0 0,0 0,0
qmrk 1,1 0,0 0,0 0,0
qmrk 1,1 0,0 0,0 0,0
qmrk 1,1 0,0 0,0 0,0
qmrk 1,1 0,0 0,0 0,0
qmrk 1,1 0,0 0,0 0,0
qmrk 1,1 0,0 0,0 0,0
qmrk 1,1 0,0 0,0 0,0
qmrk 1,1 0,0 0,0 0,0
qmrk 1,1 0,0 0,0 0,0
qmrk 1,1 0,0 0,0 0,0
qmrk 1,1 0,0 0,0 0,0
qmrk 1,1 0,0 0,0 0,0
qmrk 1,1 0,0 0,0 0,0
qmrk 1,1 0,0 0,0 0,0
qmrk 1,1 0,0 0,0 0,0
qmrk 1,1 0,0 0,0 0,0
qmrk 1,1 0,0 0,0 0,0
qmrk 1,1 0,0 0,0 0,0
qmrk 1,1 0,0 0,0 0,0
qmrk 1,1 0,0 0,0 0,0
qmrk 1,1 0,0 0,0 0,0
qmrk 1,1 0,0 0,0 0,0
qmrk 1,1 0,0 0,0 0,0
qmrk 1,1 0,0 0,0 0,0
qmrk 1,1 0,0 0,0 0,0
qmrk 1,1 0,0 0,0 0,0
qmrk 1,1 0,0 0,0 0,0
qmrk 1,1 0,0 0,0 0,0
qmrk 1,1 0,0 0,0 0,0
qmrk 1,1 0,0 0,0 0,0
qmrk 1,1 0,0 0,0 0,0
qmrk 1,1 0,0 0,0 0,0
qmrk 1,1 0,0 0,0 0,0
qmrk 1,1 0,0 0,0 0,0
qmrk 1,1 0,0 0,0 0,0
qmrk 1,1 0,0 0,0 0,0
qmrk 1,1 0,0 0,0 0,0
qmrk 1,1 0,0 0,0 0,0
qmrk 1,1 0,0 0,0 0,0
qmrk 1,1 0,0 0,0 0,0
qmrk 1,1 0,0 0,0 0,0
qmrk 1,1 0,0 0,0 0,0
qmrk 1,1 0,0 0,0 0,0
qmrk 1,1 0,0 0,0 0,0
qmrk 1,1 0,0 0,0 0,0
qmrk 1,1 0,0 0,0 0,0
qmrk 1,1 0,0 0,0 0,0
qmrk 1,1 0,0 0,0 0,0
qmrk 1,1 0,0 0,0 0,0
qmrk 1,1 0,0 0,0 0,0
qmrk 1,1 0,0 0,0 0,0
qmrk 1,1 0,0 0,0 0,0
qmrk 1,1 0,0 0,0 0,0
qmrk 1,1 0,0 0,0 0,0
qmrk 1,1 0,0 0,0 0,0
qmrk 1,1 0,0 0,0 0,0
qmrk 1,1 0,0 0,0 0,0
qmrk 1,1 0,0 0,0 0,0
qmrk 1,1 0,0 0,0 0,0
qmrk 1,1 0,0 0,0 0,0
qmrk 1,1 0,0 0,0 0,0
qmrk 1,1 0,0 0,0 0,0
qmrk 1,1 0,0 0,0 0,0
qmrk 1,1 0,0 0,0 0,0
qmrk 1,1 0,0 0,0 0,0
qmrk 1,1 0,0 0,0 0,0
qmrk 1,1 0,0 0,0 0,0
qmrk 1,1 0,0 0,0 0,0
qmrk 1,1 0,0 0,0 0,0
qmrk 1,1 0,0 0,0 0,0
qmrk 1,1 0,0 0,0 0,0
qmrk 1,1 0,0 0,0 0,0
qmrk 1,1 0,0 0,0 0,0
qmrk 1,1 0,0 0,0 0,0
qmrk 1,1 0,0 0,0 0,0
qmrk 1,1 0,0 0,0 0,0
qmrk 1,1 0,0 0,0 0,0
qmrk 1,1 0,0 0,0 0,0
qmrk 1,1 0,0 0,0 0,0
qmrk 1,1 0,0 0,0 0,0
qmrk 1,1 0,0 0,0 0,0
qmrk 1,1 0,0 0,0 0,0
qmrk 1,1 0,0 0,0 0,0
qmrk 1,1 0,0 0,0 0,0
qmrk 1,1 0,0 0,0 0,0
qmrk 1,1 0,0 0,0 0,0
qmrk 1,1 0,0 0,0 0,0
qmrk 1,1 0,0 0,0 0,0
qmrk 1,1 0,0 0,0 0,0
qmrk 1,1 0,0 0,0 0,0
qmrk 1,1 0,0 0,0 0,0
qmrk 1,1 0,0 0,0 0,0
qmrk 1,1 0,0 0,0 0,0
qmrk 1,1 0,0 0,0 0,0
qmrk 1,1 0,0 0,0 0,0
qmrk 1,1 0,0 0,0 0,0
qmrk 1,1 0,0 0,0 0,0
qmrk 1,1 0,0 0,0 0,0
qmrk 1,1 0,0 0,0 0,0
qmrk 1,1 0,0 0,0 0,0
qmrk 1,1 0,0 0,0 0,0
qmrk 1,1 0,0 0,0 0,0
qmrk 1,1 0,0 0,0 0,0
qmrk 1,1 0,0 0,0 0,0
qmrk 1,1 0,0 0,0 0,0
qmrk 1,1 0,0 0,0 0,0
qmrk 1,1 0,0 0,0 0,0
qmrk 1,1 0,0 0,0 0,0
qmrk 1,1 0,0 0,0 0,0
qmrk 1,1 0,0 0,0 0,0
qmrk 1,1 0,0 0,0 0,0
qmrk 1,1 0,0 0,0 0,0
qmrk 1,1 0,0 0,0 0,0
qmrk 1,1 0,0 0,0 0,0
qmrk 1,1 0,0 0,0 0,0
qmrk 1,1 0,0 0,0 0,0
qmrk 1,1 0,0 0,0 0,0
qmrk 1,1 0,0 0,0 0,0
qmrk 1,1 0,0 0,0 0,0
qmrk 1,1 0,0 0,0 0,0
qmrk 1,1 0,0 0,0 0,0
qmrk 1,1 0,0 0,0 0,0
qmrk 1,1 0,0 0,0 0,0
qmrk 1,1 0,0 0,0 0,0
qmrk 1,1 0,0 0,0 0,0
qmrk 1,1 0,0 0,0 0,0
qmrk 1,1 0,0 0,0 0,0
qmrk 1,1 0,0 0,0 0,0
qmrk 1,1 0,0 0,0 0,0
qmrk 1,1 0,0 0,0 0,0
qmrk 1,1 0,0 0,0 0,0
qmrk 1,1 0,0 0,0 0,0
qmrk 1,1 0,0 0,0 0,0
qmrk 1,1 0,0 0,0 0,0
qmrk 1,1 0,0 0,0 0,0
qmrk 1,1 0,0 0,0 0,0
qmrk 1,1 0,0 0,0 0,0
qmrk 1,1 0,0 0,0 0,0
qmrk 1,1 0,0 0,0 0,0
qmrk 1,1 0,0 0,0 0,0
qmrk 1,1 0,0 0,0 0,0
qmrk 1,1 0,0 0,0 0,0
qmrk 1,1 0,0 0,0 0,0
qmrk 1,1 0,0 0,0 0,0
qmrk 1,1 0,0 0,0 0,0
qmrk 1,1 0,0 0,0 0,0
qmrk 1,1 0,0 0,0 0,0
qmrk 1,1 0,0 0,0 0,0
qmrk 1,1 0,0 0,0 0,0
qmrk 1,1 0,0 0,0 0,0
qmrk 1,1 0,0 0,0 0,0
qmrk 1,1 0,0 0,0 0,0
qmrk 1,1 0,0 0,0 0,0
qmrk 1,1 0,0 0,0 0,0
qmrk 1,1 0,0 0,0 0,0
qmrk 1,1 0,0 0,0 0,0
qmrk 1,1 0,0 0,0 0,0
qmrk 1,1 0,0 0,0 0,0
qmrk 1,1 0,0 0,0 0,0
qmrk 1,1 0,0 0,0 0,0
qmrk 1,1 0,0 0,0 0,0
qmrk 1,1 0,0 0,0 0,0
qmrk 1,1 0,0 0,0 0,0
qmrk 1,1 0,0 0,0 0,0
qmrk 1,1 0,0 0,0 0,0
qmrk 1,1 0,0 0,0 0,0
qmrk 1,1 0,0 0,0 0,0
qmrk 1,1 0,0 0,0 0,0
qmrk 1,1 0,0 0,0 0,0
qmrk 1,1 0,0 0,0 0,0
qmrk 1,1 0,0 0,0 0,0
qmrk 1,1 0,0 0,0 0,0
qmrk 1,1 0,0 0,0 0,0
qmrk 1,1 0,0 0,0 0,0
qmrk 1,1 0,0 0,0 0,0
qmrk 1,1 0,0 0,0 0,0
qmrk 1,1 0,0 0,0 0,0
qmrk 1,1 0,0 0,0 0,0
qmrk 1,1 0,0 0,0 0,0
qmrk 1,1 0,0 0,0 0,0
qmrk 1,1 0,0 0,0 0,0
qmrk 1,1 0,0 0,0 0,0
qmrk 1,1 0,0 0,0 0,0
qmrk 1,1 0,0 0,0 0,0
qmrk 1,1 0,0 0,0 0,0
qmrk 1,1 0,0 0,0 0,0
qmrk 1,1 0,0 0,0 0,0
qmrk 1,1 0,0 0,0 0,0
qmrk 1,1 0,0 0,0 0,0
qmrk 1,1 0,0 0,0 0,0
qmrk 1,1 0,0 0,0 0,0
qmrk 1,1 0,0 0,0 0,0
qmrk 1,1 0,0 0,0 0,0
qmrk 1,1 0,0 0,0 0,0
qmrk 1,1 0,0 0,0 0,0
qmrk 1,1 0,0 0,0 0,0
qmrk 1,1 0,0 0,0 0,0
qmrk 1,1 0,0 0,0 0,0
qmrk 1,1 0,0 0,0 0,0
qmrk 1,1 0,0 0,0 0,0
qmrk 1,1 0,0 0,0 0,0
qmrk 1,1 0,0 0,0 0,0
qmrk 1,1 0,0 0,0 0,0
qmrk 1,1 0,0 0,0 0,0
qmrk 1,1 0,0 0,0 0,0
qmrk 1,1 0,0 0,0 0,0
qmrk 1,1 0,0 0,0 0,0
qmrk 1,1 0,0 0,0 0,0
qmrk 1,1 0,0 0,0 0,0
qmrk 1,1 0,0 0,0 0,0
qmrk 1,1 0,0 0,0 0,0
qmrk 1,1 0,0 0,0 0,0
qmrk 1,1 0,0 0,0 0,0
qmrk 1,1 0,0 0,0 0,0
qmrk 1,1 0,0 0,0 0,0
qmrk 1,1 0,0 0,0 0,0
qmrk 1,1 0,0 0,0 0,0
qmrk 1,1 0,0 0,0 0,0
qmrk 1,1 0,0 0,0 0,0
qmrk 1,1 0,0 0,0 0,0
qmrk 1,1 0,0 0,0 0,0
qmrk 1,1 0,0 0,0 0,0
qmrk 1,1 0,0 0,0 0,0
qmrk 1,1 0,0 0,0 0,0
qmrk 1,1 0,0 0,0 0,0
qmrk 1,1 0,0 0,0 0,0
qmrk 1,1 0,0 0,0 0,0
qmrk 1,1 0,0 0,0 0,0
qmrk 1,1 0,0 0,0 0,0
qmrk 1,1 0,0 0,0 0,0
qmrk 1,1 0,0 0,0 0,0
qmrk 1,1 0,0 0,0 0,0
qmrk 1,1 0,0 0,0 0,0
qmrk 1,1 0,0 0,0 0,0
qmrk 1,1 0,0 0,0 0,0
qmrk 1,1 0,0 0,0 0,0
qmrk 1,1 0,0 0,0 0,0
qmrk 1,1 0,0 0,0 0,0
qmrk 1,1 0,0 0,0 0,0
qmrk 1,1 0,0 0,0 0,0
qmrk 1,1 0,0 0,0 0,0
qmrk 1,1 0,0 0,0 0,0
qmrk 1,1 0,0 0,0 0,0
qmrk 1,1 0,0 0,0 0,0
qmrk 1,1 0,0 0,0 0,0
qmrk 1,1 0,0 0,0 0,0
qmrk 1,1 0,0 0,0 0,0
qmrk 1,1 0,0 0,0 0,0
qmrk 1,1 0,0 0,0 0,0
qmrk 1,1 0,0 0,0 0,0
qmrk 1,1 0,0 0,0 0,0
qmrk 1,1 0,0 0,0 0,0
qmrk 1,1 0,0 0,0 0,0
qmrk 1,1 0,0 0,0 0,0
qmrk 1,1 0,0 0,0 0,0
qmrk 1,1 0,0 0,0 0,0
qmrk 1,1 0,0 0,0 0,0
qmrk 1,1 0,0 0,0 0,0
qmrk 1,1 0,0 0,0 0,0
qmrk 1,1 0,0 0,0 0,0
qmrk 1,1 0,0 0,0 0,0
qmrk 1,1 0,0 0,0 0,0
qmrk 1,1 0,0 0,0 0,0
qmrk 1,1 0,0 0,0 0,0
qmrk 1,1 0,0 0,0 0,0
qmrk 1,1 0,0 0,0 0,0
qmrk 1,1 0,0 0,0 0,0
qmrk 1,1 0,0 0,0 0,0
qmrk 1,1 0,0 0,0 0,0
qmrk 1,1 0,0 0,0 0,0
qmrk 1,1 0,0 0,0 0,0
qmrk 1,1 0,0 0,0 0,0
qmrk 1,1 0,0 0,0 0,0
qmrk 1,1 0,0 0,0 0,0
qmrk 1,1 0,0 0,0 0,0
qmrk 1,1 0,0 0,0 0,0
qmrk 1,1 0,0 0,0 0,0
qmrk 1,1 0,0 0,0 0,0
qmrk 1,1 0,0 0,0 0,0
qmrk 1,1 0,0 0,0 0,0
qmrk 1,1 0,0 0,0 0,0
qmrk 1,1 0,0 0,0 0,0
qmrk 1,1 0,0 0,0 0,0
qmrk 1,1 0,0 0,0 0,0
qmrk 1,1 0,0 0,0 0,0
qmrk 1,1 0,0 0,0 0,0
qmrk 1,1 0,0 0,0 0,0
qmrk 1,1 0,0 0,0 0,0
qmrk 1,1 0,0 0,0 0,0
qmrk 1,1 0,0 0,0 0,0
qmrk 1,1 0,0 0,0 0,0
qmrk 1,1 0,0 0,0 0,0
qmrk 1,1 0,0 0,0 0,0
qmrk 1,1 0,0 0,0 0,0
qmrk 1,1 0,0 0,0 0,0
qmrk 1,1 0,0 0,0 0,0
qmrk 1,1 0,0 0,0 0,0
qmrk 1,1 0,0 0,0 0,0
qmrk 1,1 0,0 0,0 0,0
qmrk 1,1 0,0 0,0 0,0
qmrk 1,1 0,0 0,0 0,0
qmrk 1,1 0,0 0,0 0,0
qmrk 1,1 0,0 0,0 0,0
qmrk 1,1 0,0 0,0 0,0
qmrk 1,1 0,0 0,0 0,0
qmrk 1,1 0,0 0,0 0,0
qmrk 1,1 0,0 0,0 0,0
qmrk 1,1 0,0 0,0 0,0
qmrk 1,1 0,0 0,0 0,0
qmrk 1,1 0,0 0,0 0,0
qmrk 1,1 0,0 0,0 0,0
qmrk 1,1 0,0 0,0 0,0
qmrk 1,1 0,0 0,0 0,0
qmrk 1,1 0,0 0,0 0,0
qmrk 1,1 0,0 0,0 0,0
qmrk 1,1 0,0 0,0 0,0
qmrk 1,1 0,0 0,0 0,0
qmrk 1,1 0,0 0,0 0,0
qmrk 1,1 0,0 0,0 0,0
qmrk 1,1 0,0 0,0 0,0
qmrk 1,1 0,0 0,0 0,0
qmrk 1,1 0,0 0,0 0,0
qmrk 1,1 0,0 0,0 0,0
qmrk 1,1 0,0 0,0 0,0
qmrk 1,1 0,0 0,0 0,0
qmrk 1,1 0,0 0,0 0,0
qmrk 1,1 0,0 0,0 0,0
qmrk 1,1 0,0 0,0 0,0
qmrk 1,1 0,0 0,0 0,0

END
