// output from Obj2DatTex.py Wavefront text file conversion script
// (c) 2005 By Giles Williams
// 
// original file: "Alt_dock_strut.obj"
// 
// model size: 103.412 x 241.888 x 250.000
// 
// textures used: ['oolite_coriolis_dock_diffuse.png']
// 
NVERTS 244
NFACES 330

VERTEX
50.00050, -103.34200, -119.86200
50.00050, -103.34200, -250.00000
50.00050, -46.66870, 0.00000
50.00050, -46.66870, -119.86200
50.00050, -46.66870, -250.00000
50.00050, 46.66870, 0.00000
50.00050, 46.66870, -119.86200
50.00050, 103.34200, -119.86200
50.00050, 103.34200, -250.00000
50.00050, 46.66870, -250.00000
50.00050, -87.81310, -235.34700
50.00050, -87.81310, -250.00000
50.00050, -87.34330, -234.97100
50.00050, -84.43950, -234.97100
50.00050, -83.95710, -235.43400
50.00050, -81.39460, -235.43400
50.00050, -80.91220, -234.97100
50.00050, -78.00840, -234.97100
50.00050, -77.53850, -235.34700
50.00050, -77.53850, -250.00000
50.00050, 77.53850, -235.34700
50.00050, 77.53850, -250.00000
50.00050, 78.00840, -234.97100
50.00050, 80.91220, -234.97100
50.00050, 81.39460, -235.43400
50.00050, 83.95710, -235.43400
50.00050, 84.43950, -234.97100
50.00050, 87.34330, -234.97100
50.00050, 87.81310, -235.34700
50.00050, 87.81310, -250.00000
45.44750, -81.39460, -240.42000
45.44750, 81.39460, -240.42000
45.44510, -83.95710, -240.42700
45.44510, 83.95710, -240.42700
45.13030, -87.81310, -240.25800
45.13030, -77.53850, -240.25800
45.13030, 77.53850, -240.25800
45.13030, 87.81310, -240.25800
45.02340, 109.09800, 0.00000
45.02340, -109.09800, 0.00000
45.02340, -109.09800, -118.40000
45.02340, -109.09800, -250.00000
45.02340, -53.97860, 0.00000
45.02340, -53.97860, -118.40000
45.02340, 53.97860, 0.00000
45.02340, 53.97860, -118.40000
45.02340, 109.09800, -118.40000
45.02340, 109.09800, -250.00000
44.95020, -83.95710, -241.72300
44.95020, -83.95710, -250.00000
44.95020, -81.39460, -241.72800
44.95020, -81.39460, -250.00000
44.95020, 81.39460, -241.72800
44.95020, 81.39460, -250.00000
44.95020, 83.95710, -241.72300
44.95020, 83.95710, -250.00000
44.88730, -87.34330, -240.10200
44.88730, -84.43950, -240.10200
44.88730, -80.91220, -240.10200
44.88730, -78.00840, -240.10200
44.88730, 78.00840, -240.10200
44.88730, 80.91220, -240.10200
44.88730, 84.43950, -240.10200
44.88730, 87.34330, -240.10200
44.63920, -87.81310, -241.58100
44.63920, -87.81310, -250.00000
44.63920, -77.53850, -241.58100
44.63920, -77.53850, -250.00000
44.63920, 77.53850, -241.58100
44.63920, 77.53850, -250.00000
44.63920, 87.81310, -241.58100
44.63920, 87.81310, -250.00000
44.35730, -87.34330, -241.53000
44.35730, -87.34330, -250.00000
44.35730, -84.43950, -241.53000
44.35730, -84.43950, -250.00000
44.35730, -80.91220, -241.53000
44.35730, -80.91220, -250.00000
44.35730, -78.00840, -241.53000
44.35730, -78.00840, -250.00000
44.35730, 78.00840, -241.53000
44.35730, 78.00840, -250.00000
44.35730, 80.91220, -241.53000
44.35730, 80.91220, -250.00000
44.35730, 84.43950, -241.53000
44.35730, 84.43950, -250.00000
44.35730, 87.34330, -241.53000
44.35730, 87.34330, -250.00000
36.88580, -118.50800, 0.00000
36.88580, -118.50800, -250.00000
36.88580, 118.50800, 0.00000
36.88580, 118.50800, -177.61300
36.88580, 118.50800, -186.38100
36.88580, 118.50800, -212.05700
36.88580, 118.50800, -220.82500
36.88580, 118.50800, -250.00000
34.73600, 120.94400, -179.76300
34.73600, 120.94400, -184.23100
34.73600, 120.94400, -214.20700
34.73600, 120.94400, -218.67500
2.14982, 120.94400, -179.76300
2.14982, 120.94400, -184.23100
2.14982, 120.94400, -214.20700
2.14982, 120.94400, -218.67500
-0.00000, 118.50800, 0.00000
-0.00000, 118.50800, -47.02730
-0.00000, 118.50800, -134.74700
-0.00000, 118.50800, -177.61300
-0.00000, 118.50800, -186.38100
-0.00000, 118.50800, -212.05700
-0.00000, 118.50800, -220.82500
-0.00000, 118.50800, -250.00000
-2.08855, 120.94400, -48.97660
-2.08855, 120.94400, -132.79700
-7.91667, -118.50800, 0.00000
-7.91667, -118.50800, -47.02730
-7.91667, -118.50800, -102.58300
-7.91667, -118.50800, -204.50400
-7.91667, -118.50800, -217.10500
-7.91667, -118.50800, -250.00000
-10.00520, -120.94400, -48.97660
-10.00520, -120.94400, -100.63400
-10.00520, -120.94400, -204.50400
-10.00520, -120.94400, -217.10500
-35.20710, -120.94400, -48.97660
-35.20710, -120.94400, -100.63400
-35.20710, -120.94400, -204.50400
-35.20710, -120.94400, -217.10500
-35.20710, 120.94400, -48.97660
-35.20710, 120.94400, -132.79700
-36.88580, -118.50800, 0.00000
-36.88580, -118.50800, -47.02730
-36.88580, -118.50800, -102.58300
-36.88580, -118.50800, -204.50400
-36.88580, -118.50800, -217.10500
-36.88580, -118.50800, -250.00000
-36.88580, 118.50800, 0.00000
-36.88580, 118.50800, -47.02730
-36.88580, 118.50800, -134.74700
-36.88580, 118.50800, -250.00000
-44.35730, -87.34330, -241.53000
-44.35730, -87.34330, -250.00000
-44.35730, -84.43950, -241.53000
-44.35730, -84.43950, -250.00000
-44.35730, -80.91220, -241.53000
-44.35730, -80.91220, -250.00000
-44.35730, -78.00840, -241.53000
-44.35730, -78.00840, -250.00000
-44.35730, 78.00840, -241.53000
-44.35730, 78.00840, -250.00000
-44.35730, 80.91220, -241.53000
-44.35730, 80.91220, -250.00000
-44.35730, 84.43950, -241.53000
-44.35730, 84.43950, -250.00000
-44.35730, 87.34330, -241.53000
-44.35730, 87.34330, -250.00000
-44.63920, -87.81310, -241.58100
-44.63920, -87.81310, -250.00000
-44.63920, -77.53850, -241.58100
-44.63920, -77.53850, -250.00000
-44.63920, 77.53850, -241.58100
-44.63920, 77.53850, -250.00000
-44.63920, 87.81310, -241.58100
-44.63920, 87.81310, -250.00000
-44.88730, -87.34330, -240.10200
-44.88730, -84.43950, -240.10200
-44.88730, -80.91220, -240.10200
-44.88730, -78.00840, -240.10200
-44.88730, 78.00840, -240.10200
-44.88730, 80.91220, -240.10200
-44.88730, 84.43950, -240.10200
-44.88730, 87.34330, -240.10200
-44.95020, -83.95710, -241.72300
-44.95020, -83.95710, -250.00000
-44.95020, -81.39460, -241.72800
-44.95020, -81.39460, -250.00000
-44.95020, 81.39460, -241.72800
-44.95020, 81.39460, -250.00000
-44.95020, 83.95710, -241.72300
-44.95020, 83.95710, -250.00000
-45.13030, -87.81310, -240.25800
-45.13030, -77.53850, -240.25800
-45.13030, 77.53850, -240.25800
-45.13030, 87.81310, -240.25800
-45.44510, -83.95710, -240.42700
-45.44510, 83.95710, -240.42700
-45.44750, -81.39460, -240.42000
-45.44750, 81.39460, -240.42000
-50.00050, -103.34200, 0.00000
-50.00050, -103.34200, -250.00000
-50.00050, -87.81310, -235.34700
-50.00050, -87.81310, -250.00000
-50.00050, -87.34330, -234.97100
-50.00050, -84.43950, -234.97100
-50.00050, -83.95710, -235.43400
-50.00050, -81.39460, -235.43400
-50.00050, -80.91220, -234.97100
-50.00050, -78.00840, -234.97100
-50.00050, -77.53850, -235.34700
-50.00050, -77.53850, -250.00000
-50.00050, -46.66870, 0.00000
-50.00050, -46.66870, -75.77980
-50.00050, -46.66870, -82.31390
-50.00050, -46.66870, -117.69000
-50.00050, -46.66870, -124.22400
-50.00050, -46.66870, -163.25500
-50.00050, -46.66870, -250.00000
-50.00050, 46.66870, 0.00000
-50.00050, 46.66870, -75.77980
-50.00050, 46.66870, -82.31390
-50.00050, 46.66870, -117.69000
-50.00050, 46.66870, -124.22400
-50.00050, 46.66870, -163.25500
-50.00050, 46.66870, -250.00000
-50.00050, 77.53850, -235.34700
-50.00050, 77.53850, -250.00000
-50.00050, 78.00840, -234.97100
-50.00050, 80.91220, -234.97100
-50.00050, 81.39460, -235.43400
-50.00050, 83.95710, -235.43400
-50.00050, 84.43950, -234.97100
-50.00050, 87.34330, -234.97100
-50.00050, 87.81310, -235.34700
-50.00050, 87.81310, -250.00000
-50.00050, 103.34200, -250.00000
-50.00050, 103.34200, 0.00000
-53.41180, -43.25730, -3.41132
-53.41180, -43.25730, -72.37620
-53.41180, -43.25730, -85.71750
-53.41180, -43.25730, -114.28600
-53.41180, -43.25730, -127.62800
-53.41180, -43.25730, -159.84400
-53.41180, 43.25730, -3.41132
-53.41180, 43.25730, -72.37620
-53.41180, 43.25730, -85.71750
-53.41180, 43.25730, -114.28600
-53.41180, 43.25730, -127.62800
-53.41180, 43.25730, -159.84400
50.00050, 46.66870, 0.00000
45.02340, 109.09800, 0.00000
45.02340, -109.09800, 0.00000
36.88580, 118.50800, -250.00000
-36.88580, -118.50800, 0.00000
-36.88580, 118.50800, 0.00000

FACES
1,0,0,	-0.75643,0.65407,-0.00000,	3,	0,41,1
1,0,0,	-0.28184,-0.00000,-0.95946,	3,	0,43,40
1,0,0,	-1.00000,-0.00000,-0.00000,	3,	4,9,5
1,0,0,	-0.28184,-0.00000,-0.95946,	3,	7,45,6
1,0,0,	-0.75643,-0.65407,-0.00000,	3,	8,47,7
1,0,0,	-0.00000,-0.00000,1.00000,	3,	9,111,8
1,0,0,	-0.61672,-0.49188,0.61458,	3,	10,56,12
1,0,0,	-0.00000,-1.00000,0.00000,	3,	11,34,10
1,0,0,	-0.73874,-0.00115,0.67399,	3,	14,32,30
1,0,0,	-0.70833,-0.00000,0.70588,	3,	16,58,17
1,0,0,	-0.61675,0.49180,0.61461,	3,	17,59,18
1,0,0,	-0.00000,1.00000,0.00000,	3,	18,35,19
1,0,0,	-0.61675,-0.49180,0.61461,	3,	20,60,22
1,0,0,	-0.00000,-1.00000,0.00000,	3,	21,68,36
1,0,0,	-0.70833,-0.00000,0.70588,	3,	22,61,23
1,0,0,	-0.44979,0.79309,0.41073,	3,	24,61,31
1,0,0,	-0.58642,-0.56089,0.58439,	3,	25,62,26
1,0,0,	-0.61672,0.49188,0.61458,	3,	27,63,28
1,0,0,	-0.44979,-0.79309,0.41073,	3,	30,58,15
1,0,0,	-0.73874,0.00115,0.67399,	3,	31,33,25
1,0,0,	-0.56654,-0.79675,0.21027,	3,	33,84,62
1,0,0,	-0.80379,-0.51471,0.29833,	3,	36,80,60
1,0,0,	-0.00000,1.00000,0.00000,	3,	37,70,29
1,0,0,	-0.75639,-0.65412,0.00000,	3,	38,95,90
1,0,0,	-0.75639,0.65412,-0.00000,	3,	39,89,41
1,0,0,	-0.82659,0.56280,-0.00000,	3,	42,43,2
1,0,0,	-0.93420,0.00070,0.35674,	3,	48,50,32
1,0,0,	-0.63112,0.77569,-0.00000,	3,	48,75,49
1,0,0,	-1.00000,-0.00000,-0.00000,	3,	49,51,50
1,0,0,	-0.57137,-0.79142,0.21724,	3,	50,76,30
1,0,0,	-0.93420,-0.00070,0.35674,	3,	52,54,33
1,0,0,	-1.00000,-0.00000,0.00000,	3,	53,55,52
1,0,0,	-0.63112,-0.77569,0.00000,	3,	54,85,84
1,0,0,	-0.70833,-0.00000,0.70588,	3,	56,57,13
1,0,0,	-0.56654,0.79675,0.21027,	3,	57,74,32
1,0,0,	-0.93751,-0.00000,0.34796,	3,	58,78,59
1,0,0,	-0.80378,-0.51469,0.29837,	3,	64,72,34
1,0,0,	-0.85748,-0.51452,-0.00000,	3,	65,73,64
1,0,0,	-0.00000,1.00000,-0.00000,	3,	66,67,19
1,0,0,	-0.85753,-0.51444,-0.00000,	3,	69,81,68
1,0,0,	-0.85748,0.51452,-0.00000,	3,	70,87,71
1,0,0,	-1.00000,0.00000,-0.00000,	3,	72,75,74
1,0,0,	-1.00000,-0.00000,0.00000,	3,	77,79,76
1,0,0,	-0.85753,0.51444,-0.00000,	3,	78,79,66
1,0,0,	-0.93751,-0.00000,0.34796,	3,	80,82,61
1,0,0,	-0.63112,0.77569,-0.00000,	3,	82,83,52
1,0,0,	-0.93751,-0.00000,0.34796,	3,	84,86,63
1,0,0,	-1.00000,-0.00000,-0.00000,	3,	85,87,86
1,0,0,	0.00000,1.00000,0.00000,	3,	88,114,89
1,0,0,	-0.00000,-0.00000,1.00000,	3,	89,213,4
1,0,0,	-0.00000,-1.00000,0.00000,	3,	91,107,104
1,0,0,	-0.74978,-0.66169,-0.00000,	3,	92,96,91
1,0,0,	-0.00000,-1.00000,0.00000,	3,	92,109,108
1,0,0,	-0.74978,-0.66169,-0.00000,	3,	94,98,93
1,0,0,	-0.00000,-0.66172,0.74975,	3,	94,110,99
1,0,0,	-0.00000,-0.66172,0.74975,	3,	97,108,101
1,0,0,	-0.00000,-1.00000,0.00000,	3,	99,103,98
1,0,0,	0.74978,-0.66169,-0.00000,	3,	101,107,100
1,0,0,	-0.00000,-0.66172,-0.74975,	3,	102,109,98
1,0,0,	0.74978,-0.66169,-0.00000,	3,	103,110,109
1,0,0,	-0.00000,-1.00000,0.00000,	3,	105,137,136
1,0,0,	-0.75917,-0.65089,0.00000,	3,	106,113,112
1,0,0,	-0.00000,-1.00000,0.00000,	3,	111,138,106
1,0,0,	-0.00000,-0.62493,0.78068,	3,	113,138,129
1,0,0,	-0.00000,-0.00000,1.00000,	3,	119,206,89
1,0,0,	-0.00000,0.62479,-0.78079,	3,	120,131,124
1,0,0,	-0.00000,0.62473,0.78084,	3,	121,132,116
1,0,0,	-0.75917,0.65089,-0.00000,	3,	122,123,118
1,0,0,	-0.00000,-0.00000,-1.00000,	3,	122,133,126
1,0,0,	-0.00000,1.00000,-0.00000,	3,	124,125,121
1,0,0,	-0.00000,1.00000,-0.00000,	3,	126,127,123
1,0,0,	-0.00000,-0.62479,-0.78079,	3,	128,137,112
1,0,0,	0.82342,0.56744,0.00000,	3,	131,132,125
1,0,0,	-0.00000,1.00000,-0.00000,	3,	132,133,117
1,0,0,	-0.00000,1.00000,-0.00000,	3,	134,135,118
1,0,0,	-0.00000,-0.00000,1.00000,	3,	135,189,119
1,0,0,	1.00000,0.00000,0.00000,	3,	140,143,141
1,0,0,	0.63112,0.77569,-0.00000,	3,	142,172,143
1,0,0,	0.56665,-0.79667,0.21031,	3,	144,186,166
1,0,0,	0.63112,-0.77569,-0.00000,	3,	145,175,174
1,0,0,	1.00000,0.00000,0.00000,	3,	146,147,144
1,0,0,	0.80383,0.51461,0.29838,	3,	146,181,158
1,0,0,	1.00000,0.00000,0.00000,	3,	150,151,149
1,0,0,	0.57137,0.79142,0.21724,	3,	150,187,176
1,0,0,	1.00000,-0.00000,0.00000,	3,	152,154,153
1,0,0,	0.63112,-0.77569,-0.00000,	3,	153,179,178
1,0,0,	0.80378,-0.51469,0.29837,	3,	156,180,140
1,0,0,	-0.00000,-1.00000,0.00000,	3,	157,191,156
1,0,0,	0.85753,0.51444,0.00000,	3,	158,159,147
1,0,0,	0.80383,-0.51461,0.29838,	3,	160,182,148
1,0,0,	-0.00000,-1.00000,0.00000,	3,	161,215,160
1,0,0,	0.85748,0.51452,0.00000,	3,	162,163,155
1,0,0,	0.93751,-0.00000,0.34796,	3,	164,165,142
1,0,0,	0.93751,-0.00000,0.34796,	3,	166,167,146
1,0,0,	0.93751,-0.00000,0.34796,	3,	168,169,148
1,0,0,	0.44979,0.79309,0.41073,	3,	169,218,187
1,0,0,	0.93751,-0.00000,0.34796,	3,	170,171,152
1,0,0,	0.80375,0.51479,0.29831,	3,	171,183,154
1,0,0,	1.00000,-0.00000,0.00000,	3,	172,174,173
1,0,0,	0.63112,0.77569,0.00000,	3,	176,177,151
1,0,0,	0.93420,-0.00070,0.35674,	3,	176,185,178
1,0,0,	0.60857,-0.51518,0.60352,	3,	180,190,164
1,0,0,	-0.00000,-1.00000,0.00000,	3,	182,215,214
1,0,0,	-0.00000,1.00000,0.00000,	3,	183,223,162
1,0,0,	0.93472,-0.00010,0.35538,	3,	184,186,174
1,0,0,	0.73874,0.00115,0.67399,	3,	187,219,185
1,0,0,	0.75641,0.65410,0.00000,	3,	188,189,130
1,0,0,	0.70833,-0.00000,0.70588,	3,	192,193,164
1,0,0,	0.58642,0.56089,0.58439,	3,	193,194,165
1,0,0,	0.73844,-0.00000,0.67432,	3,	194,195,186
1,0,0,	0.70833,-0.00000,0.70588,	3,	196,197,166
1,0,0,	0.61675,0.49180,0.61461,	3,	197,198,167
1,0,0,	-0.00000,1.00000,-0.00000,	3,	198,199,181
1,0,0,	0.70711,-0.00000,-0.70710,	3,	200,232,226
1,0,0,	1.00000,0.00000,0.00000,	3,	203,211,204
1,0,0,	0.70635,-0.00000,0.70786,	3,	203,229,210
1,0,0,	0.70635,-0.00000,-0.70786,	3,	204,236,230
1,0,0,	0.70712,-0.70710,-0.00000,	3,	207,237,232
1,0,0,	-0.00000,-0.00000,1.00000,	3,	213,224,111
1,0,0,	0.61675,-0.49180,0.61461,	3,	214,216,168
1,0,0,	0.70833,-0.00000,0.70588,	3,	216,217,169
1,0,0,	0.58642,-0.56089,0.58439,	3,	219,220,170
1,0,0,	0.61672,0.49188,0.61458,	3,	221,222,171
1,0,0,	0.70708,-0.00000,0.70714,	3,	231,237,205
2,0,0,	-1.00000,-0.00000,0.00000,	3,	1,4,0
2,0,0,	-0.28184,-0.00000,-0.95946,	3,	3,43,0
2,0,0,	-1.00000,-0.00000,0.00000,	3,	4,5,2
2,0,0,	-1.00000,0.00000,-0.00000,	3,	6,9,7
2,0,0,	-0.28184,-0.00000,-0.95946,	3,	7,46,45
2,0,0,	-0.00000,-0.00000,1.00000,	3,	9,213,111
2,0,0,	-0.00000,-1.00000,0.00000,	3,	11,64,34
2,0,0,	-0.70833,-0.00000,0.70588,	3,	12,56,13
2,0,0,	-0.58642,0.56089,0.58439,	3,	13,57,14
2,0,0,	-0.73844,-0.00000,0.67432,	3,	14,30,15
2,0,0,	-0.58642,-0.56089,0.58439,	3,	15,58,16
2,0,0,	-0.60861,0.51510,0.60355,	3,	18,59,35
2,0,0,	-0.00000,-1.00000,0.00000,	3,	21,69,68
2,0,0,	-0.58642,0.56089,0.58439,	3,	23,61,24
2,0,0,	-0.73844,-0.00000,0.67432,	3,	24,31,25
2,0,0,	-0.70833,-0.00000,0.70588,	3,	26,63,27
2,0,0,	-0.00000,1.00000,0.00000,	3,	28,37,29
2,0,0,	-0.56665,-0.79667,0.21031,	3,	30,76,58
2,0,0,	-0.93472,0.00010,0.35538,	3,	31,52,33
2,0,0,	-0.93472,-0.00010,0.35538,	3,	32,50,30
2,0,0,	-0.57210,0.79055,0.21847,	3,	32,74,48
2,0,0,	-0.44862,-0.79449,0.40930,	3,	33,62,25
2,0,0,	-0.80375,-0.51479,0.29831,	3,	34,72,56
2,0,0,	-0.80383,0.51461,0.29838,	3,	35,78,66
2,0,0,	-0.60861,-0.51510,0.60355,	3,	36,60,20
2,0,0,	-0.80378,0.51469,0.29837,	3,	37,86,70
2,0,0,	-0.75643,0.65407,-0.00000,	3,	40,41,0
2,0,0,	-0.75639,-0.65412,-0.00000,	3,	47,95,38
2,0,0,	-1.00000,-0.00000,0.00000,	3,	49,50,48
2,0,0,	-0.63112,-0.77569,-0.00000,	3,	51,77,50
2,0,0,	-1.00000,0.00000,-0.00000,	3,	52,55,54
2,0,0,	-0.63112,0.77569,-0.00000,	3,	52,83,53
2,0,0,	-0.57210,-0.79055,0.21847,	3,	54,84,33
2,0,0,	-0.93751,-0.00000,0.34796,	3,	56,74,57
2,0,0,	-0.70833,-0.00000,0.70588,	3,	58,59,17
2,0,0,	-0.93751,-0.00000,0.34796,	3,	60,80,61
2,0,0,	-0.56665,0.79667,0.21031,	3,	61,82,31
2,0,0,	-0.93751,-0.00000,0.34796,	3,	62,84,63
2,0,0,	-0.85753,0.51444,-0.00000,	3,	66,79,67
2,0,0,	-0.80383,-0.51461,0.29838,	3,	68,80,36
2,0,0,	-0.00000,1.00000,-0.00000,	3,	70,71,29
2,0,0,	-1.00000,-0.00000,0.00000,	3,	73,75,72
2,0,0,	-1.00000,0.00000,-0.00000,	3,	76,79,78
2,0,0,	-1.00000,-0.00000,-0.00000,	3,	81,83,82
2,0,0,	-1.00000,-0.00000,0.00000,	3,	85,86,84
2,0,0,	-0.75639,0.65412,-0.00000,	3,	88,89,39
2,0,0,	-0.00000,-1.00000,0.00000,	3,	91,104,90
2,0,0,	-0.00000,-0.66172,0.74975,	3,	92,108,97
2,0,0,	-0.00000,-1.00000,0.00000,	3,	93,109,92
2,0,0,	-0.74978,-0.66169,0.00000,	3,	94,99,98
2,0,0,	-0.00000,-1.00000,0.00000,	3,	94,111,110
2,0,0,	-0.00000,-1.00000,0.00000,	3,	96,101,100
2,0,0,	0.00000,-0.66172,-0.74975,	3,	96,107,91
2,0,0,	-0.00000,-1.00000,0.00000,	3,	98,103,102
2,0,0,	-0.00000,-0.66172,0.74975,	3,	99,110,103
2,0,0,	0.74978,-0.66169,-0.00000,	3,	101,108,107
2,0,0,	-0.00000,-1.00000,0.00000,	3,	105,136,104
2,0,0,	-0.00000,-0.62493,0.78068,	3,	106,138,113
2,0,0,	0.00000,-0.00000,1.00000,	3,	111,224,139
2,0,0,	0.00000,-0.62479,-0.78079,	3,	112,137,105
2,0,0,	-0.00000,-1.00000,0.00000,	3,	113,128,112
2,0,0,	-0.00000,1.00000,-0.00000,	3,	114,119,89
2,0,0,	-0.75917,0.65089,-0.00000,	3,	115,120,116
2,0,0,	0.00000,1.00000,0.00000,	3,	116,132,117
2,0,0,	-0.00000,-0.00000,-1.00000,	3,	117,133,122
2,0,0,	-0.00000,1.00000,0.00000,	3,	118,135,119
2,0,0,	0.00000,1.00000,0.00000,	3,	120,124,121
2,0,0,	0.00000,1.00000,0.00000,	3,	122,126,123
2,0,0,	-0.00000,-0.00000,1.00000,	3,	123,134,118
2,0,0,	0.82342,0.56744,-0.00000,	3,	124,131,125
2,0,0,	-0.00000,0.62473,0.78084,	3,	125,132,121
2,0,0,	0.82342,-0.56744,-0.00000,	3,	129,137,128
2,0,0,	0.75641,0.65410,-0.00000,	3,	130,189,135
2,0,0,	0.82342,0.56744,0.00000,	3,	133,134,126
2,0,0,	0.93751,-0.00000,0.34796,	3,	140,164,142
2,0,0,	0.85748,-0.51452,-0.00000,	3,	141,156,140
2,0,0,	1.00000,0.00000,0.00000,	3,	144,147,145
2,0,0,	0.93751,-0.00000,0.34796,	3,	144,166,146
2,0,0,	0.85753,0.51444,-0.00000,	3,	146,158,147
2,0,0,	0.93751,-0.00000,0.34796,	3,	148,169,150
2,0,0,	0.80379,-0.51471,0.29833,	3,	148,182,168
2,0,0,	0.85753,-0.51444,-0.00000,	3,	149,160,148
2,0,0,	0.63112,0.77569,-0.00000,	3,	150,176,151
2,0,0,	0.93751,-0.00000,0.34796,	3,	152,171,154
2,0,0,	0.56654,-0.79675,0.21027,	3,	152,185,170
2,0,0,	0.63112,-0.77569,-0.00000,	3,	153,178,152
2,0,0,	0.85748,0.51452,-0.00000,	3,	154,162,155
2,0,0,	-0.00000,-1.00000,0.00000,	3,	156,191,180
2,0,0,	-0.00000,1.00000,0.00000,	3,	158,199,159
2,0,0,	-0.00000,-1.00000,0.00000,	3,	160,215,182
2,0,0,	0.70833,-0.00000,0.70588,	3,	164,193,165
2,0,0,	0.56654,0.79675,0.21027,	3,	165,184,142
2,0,0,	0.70833,-0.00000,0.70588,	3,	166,197,167
2,0,0,	0.80379,0.51471,0.29833,	3,	167,181,146
2,0,0,	0.70833,-0.00000,0.70588,	3,	168,216,169
2,0,0,	0.70833,-0.00000,0.70588,	3,	170,220,171
2,0,0,	0.60857,0.51518,0.60352,	3,	171,222,183
2,0,0,	0.63112,0.77569,0.00000,	3,	172,173,143
2,0,0,	0.93420,0.00070,0.35674,	3,	172,184,174
2,0,0,	1.00000,0.00000,0.00000,	3,	174,175,173
2,0,0,	0.57137,-0.79142,0.21724,	3,	174,186,144
2,0,0,	0.93472,0.00010,0.35538,	3,	176,187,185
2,0,0,	1.00000,0.00000,0.00000,	3,	178,179,176
2,0,0,	0.73874,-0.00115,0.67399,	3,	184,194,186
2,0,0,	0.44979,-0.79309,0.41073,	3,	186,195,166
2,0,0,	1.00000,0.00000,0.00000,	3,	188,206,189
2,0,0,	0.61672,-0.49188,0.61458,	3,	190,192,164
2,0,0,	0.70712,0.70710,-0.00000,	3,	200,226,205
2,0,0,	1.00000,0.00000,0.00000,	3,	201,209,202
2,0,0,	0.70631,-0.00000,0.70791,	3,	201,227,208
2,0,0,	0.70631,-0.00000,-0.70791,	3,	202,234,228
2,0,0,	0.70708,-0.00000,0.70714,	3,	205,237,212
2,0,0,	-0.00000,-0.00000,1.00000,	3,	206,213,89
2,0,0,	0.70711,-0.00000,-0.70710,	3,	207,232,200
2,0,0,	1.00000,0.00000,0.00000,	3,	210,211,203
2,0,0,	0.70635,-0.00000,-0.70786,	3,	211,236,204
2,0,0,	1.00000,-0.00000,-0.00000,	3,	213,225,224
2,0,0,	1.00000,-0.00000,0.00000,	3,	226,232,231
2,0,0,	0.70635,-0.00000,0.70786,	3,	229,235,210
3,0,0,	-1.00000,0.00000,-0.00000,	3,	0,4,3
3,0,0,	0.00000,-0.00000,1.00000,	3,	1,89,4
3,0,0,	-0.82659,0.56280,-0.00000,	3,	2,43,3
3,0,0,	-0.00000,-0.00000,1.00000,	3,	4,213,9
3,0,0,	-1.00000,0.00000,-0.00000,	3,	7,9,8
3,0,0,	-0.75643,-0.65407,0.00000,	3,	7,47,46
3,0,0,	-0.44862,0.79449,0.40930,	3,	14,57,32
3,0,0,	-0.57137,0.79142,0.21724,	3,	31,82,52
3,0,0,	-0.60857,-0.51518,0.60352,	3,	34,56,10
3,0,0,	-0.00000,1.00000,0.00000,	3,	35,66,19
3,0,0,	-0.63112,-0.77569,0.00000,	3,	50,77,76
3,0,0,	-0.80379,0.51471,0.29833,	3,	59,78,35
3,0,0,	-0.70833,-0.00000,0.70588,	3,	60,61,22
3,0,0,	-0.70833,-0.00000,0.70588,	3,	62,63,26
3,0,0,	-0.80375,0.51479,0.29831,	3,	63,86,37
3,0,0,	-0.85748,-0.51452,0.00000,	3,	64,73,72
3,0,0,	-0.85753,-0.51444,0.00000,	3,	68,81,80
3,0,0,	-0.93751,-0.00000,0.34796,	3,	72,74,56
3,0,0,	-0.63112,0.77569,-0.00000,	3,	74,75,48
3,0,0,	-0.93751,-0.00000,0.34796,	3,	76,78,58
3,0,0,	-0.85748,0.51452,-0.00000,	3,	86,87,70
3,0,0,	-0.74978,-0.66169,0.00000,	3,	92,97,96
3,0,0,	-0.00000,-1.00000,-0.00000,	3,	94,241,111
3,0,0,	0.00000,-0.66172,-0.74975,	3,	98,109,93
3,0,0,	-0.00000,-0.66172,-0.74975,	3,	100,107,96
3,0,0,	0.74978,-0.66169,-0.00000,	3,	103,109,102
3,0,0,	-0.00000,-1.00000,0.00000,	3,	111,139,138
3,0,0,	-0.00000,-0.00000,1.00000,	3,	111,241,8
3,0,0,	-0.00000,-1.00000,0.00000,	3,	113,129,128
3,0,0,	-0.00000,0.62479,-0.78079,	3,	115,131,120
3,0,0,	-0.75917,0.65089,-0.00000,	3,	117,122,118
3,0,0,	-0.75917,0.65089,-0.00000,	3,	120,121,116
3,0,0,	-0.00000,-0.00000,1.00000,	3,	127,134,123
3,0,0,	0.82342,-0.56744,-0.00000,	3,	129,138,137
3,0,0,	0.80375,-0.51479,0.29831,	3,	140,180,164
3,0,0,	0.85748,-0.51452,-0.00000,	3,	141,157,156
3,0,0,	1.00000,0.00000,0.00000,	3,	142,143,140
3,0,0,	0.57210,0.79055,0.21847,	3,	142,184,172
3,0,0,	0.63112,-0.77569,-0.00000,	3,	145,174,144
3,0,0,	1.00000,-0.00000,0.00000,	3,	148,150,149
3,0,0,	0.85753,-0.51444,-0.00000,	3,	149,161,160
3,0,0,	1.00000,0.00000,0.00000,	3,	154,155,153
3,0,0,	0.80378,0.51469,0.29837,	3,	154,183,162
3,0,0,	-0.00000,1.00000,0.00000,	3,	162,223,163
3,0,0,	0.44862,0.79449,0.40930,	3,	165,194,184
3,0,0,	0.60861,0.51510,0.60355,	3,	167,198,181
3,0,0,	0.56665,0.79667,0.21031,	3,	169,187,150
3,0,0,	1.00000,0.00000,0.00000,	3,	176,179,177
3,0,0,	0.57210,-0.79055,0.21847,	3,	178,185,152
3,0,0,	-0.00000,-1.00000,0.00000,	3,	180,191,190
3,0,0,	-0.00000,1.00000,0.00000,	3,	181,199,158
3,0,0,	0.60861,-0.51510,0.60355,	3,	182,214,168
3,0,0,	0.44862,-0.79449,0.40930,	3,	185,219,170
3,0,0,	-0.00000,-0.00000,1.00000,	3,	189,206,119
3,0,0,	0.58642,-0.56089,0.58439,	3,	195,196,166
3,0,0,	1.00000,0.00000,0.00000,	3,	200,206,188
3,0,0,	1.00000,-0.00000,0.00000,	3,	207,225,213
3,0,0,	1.00000,0.00000,0.00000,	3,	208,209,201
3,0,0,	0.70631,-0.00000,-0.70791,	3,	209,234,202
3,0,0,	1.00000,0.00000,0.00000,	3,	212,213,206
3,0,0,	0.70712,-0.70710,-0.00000,	3,	212,237,207
3,0,0,	0.58642,0.56089,0.58439,	3,	217,218,169
3,0,0,	0.73844,-0.00000,0.67432,	3,	218,219,187
3,0,0,	0.70833,-0.00000,0.70588,	3,	220,221,171
3,0,0,	-0.00000,1.00000,-0.00000,	3,	222,223,183
3,0,0,	0.70712,0.70710,0.00000,	3,	226,231,205
3,0,0,	0.70631,-0.00000,0.70791,	3,	227,233,208
3,0,0,	1.00000,0.00000,0.00000,	3,	232,237,231
4,0,0,	-0.00000,-1.00000,0.00000,	3,	11,65,64
4,0,0,	-0.00000,-1.00000,0.00000,	3,	21,36,20
4,0,0,	-0.60857,0.51518,0.60352,	3,	28,63,37
4,0,0,	-1.00000,-0.00000,-0.00000,	3,	42,240,43
4,0,0,	-1.00000,-0.00000,-0.00000,	3,	43,240,40
4,0,0,	-0.82659,-0.56280,-0.00000,	3,	44,238,45
4,0,0,	-0.82659,-0.56280,-0.00000,	3,	45,238,6
4,0,0,	-1.00000,-0.00000,0.00000,	3,	45,239,44
4,0,0,	-1.00000,-0.00000,0.00000,	3,	46,239,45
4,0,0,	-0.63112,-0.77569,-0.00000,	3,	55,85,54
4,0,0,	-1.00000,-0.00000,0.00000,	3,	81,82,80
4,0,0,	-0.00000,-1.00000,0.00000,	3,	97,101,96
4,0,0,	-0.75917,-0.65089,-0.00000,	3,	106,112,105
4,0,0,	0.00000,1.00000,0.00000,	3,	114,242,115
4,0,0,	0.00000,1.00000,0.00000,	3,	115,242,131
4,0,0,	0.82342,0.56744,-0.00000,	3,	126,134,127
4,0,0,	1.00000,-0.00000,0.00000,	3,	205,212,206
4,0,0,	0.75641,-0.65410,-0.00000,	3,	224,243,139
4,0,0,	0.75641,-0.65410,-0.00000,	3,	225,243,224

TEXTURES
oolite_coriolis_dock_diffuse.png	1.0 1.0	0.33053 0.34363	0.68936 0.35372	0.68936 0.34363
oolite_coriolis_dock_diffuse.png	1.0 1.0	0.33053 0.34363	0.32649 0.26665	0.32649 0.35372
oolite_coriolis_dock_diffuse.png	1.0 1.0	0.68936 0.25510	0.68936 0.10767	0.00003 0.10767
oolite_coriolis_dock_diffuse.png	1.0 1.0	0.33052 0.01909	0.32649 0.09612	0.33052 0.10767
oolite_coriolis_dock_diffuse.png	1.0 1.0	0.68936 0.01909	0.68936 0.00906	0.33052 0.01909
oolite_coriolis_dock_diffuse.png	1.0 1.0	0.99711 0.74181	0.84346 0.85210	0.99711 0.82890
oolite_coriolis_dock_diffuse.png	1.0 1.0	0.79338 0.20144	0.79849 0.23449	0.79849 0.20019
oolite_coriolis_dock_diffuse.png	1.0 1.0	0.74281 0.28162	0.78875 0.23568	0.74281 0.21252
oolite_coriolis_dock_diffuse.png	1.0 1.0	0.83315 0.20191	0.83315 0.23377	0.85732 0.23375
oolite_coriolis_dock_diffuse.png	1.0 1.0	0.86450 0.20028	0.86450 0.23449	0.89189 0.20028
oolite_coriolis_dock_diffuse.png	1.0 1.0	0.89189 0.20028	0.89189 0.23449	0.89710 0.20144
oolite_coriolis_dock_diffuse.png	1.0 1.0	0.94767 0.21251	0.90173 0.23567	0.94767 0.28162
oolite_coriolis_dock_diffuse.png	1.0 1.0	0.89710 0.37347	0.89189 0.34043	0.89189 0.37463
oolite_coriolis_dock_diffuse.png	1.0 1.0	0.94767 0.29329	0.89710 0.33300	0.90173 0.33924
oolite_coriolis_dock_diffuse.png	1.0 1.0	0.89189 0.37463	0.86450 0.34043	0.86450 0.37463
oolite_coriolis_dock_diffuse.png	1.0 1.0	0.85732 0.37292	0.86450 0.34043	0.85732 0.34116
oolite_coriolis_dock_diffuse.png	1.0 1.0	0.83315 0.37300	0.82588 0.34043	0.82772 0.37449
oolite_coriolis_dock_diffuse.png	1.0 1.0	0.79849 0.37472	0.79849 0.34043	0.79338 0.37347
oolite_coriolis_dock_diffuse.png	1.0 1.0	0.85732 0.23375	0.86450 0.23449	0.85732 0.20200
oolite_coriolis_dock_diffuse.png	1.0 1.0	0.85732 0.34116	0.83315 0.34114	0.83315 0.37300
oolite_coriolis_dock_diffuse.png	1.0 1.0	0.83315 0.33999	0.82588 0.33333	0.82588 0.34043
oolite_coriolis_dock_diffuse.png	1.0 1.0	0.89710 0.34015	0.89189 0.33333	0.89189 0.34043
oolite_coriolis_dock_diffuse.png	1.0 1.0	0.78875 0.33923	0.79338 0.33300	0.74281 0.29329
oolite_coriolis_dock_diffuse.png	1.0 1.0	0.00003 0.98647	0.68936 0.96836	0.00003 0.96836
oolite_coriolis_dock_diffuse.png	1.0 1.0	0.00003 0.35372	0.68936 0.37183	0.68936 0.35372
oolite_coriolis_dock_diffuse.png	1.0 1.0	0.00003 0.26665	0.32649 0.26665	0.00003 0.25510
oolite_coriolis_dock_diffuse.png	1.0 1.0	0.83315 0.24152	0.85732 0.24152	0.83315 0.23492
oolite_coriolis_dock_diffuse.png	1.0 1.0	0.83315 0.24258	0.82588 0.28162	0.83315 0.28162
oolite_coriolis_dock_diffuse.png	1.0 1.0	0.83315 0.28157	0.85732 0.28157	0.85732 0.24256
oolite_coriolis_dock_diffuse.png	1.0 1.0	0.85732 0.24152	0.86450 0.24159	0.85732 0.23492
oolite_coriolis_dock_diffuse.png	1.0 1.0	0.85732 0.33340	0.83315 0.33340	0.83315 0.33999
oolite_coriolis_dock_diffuse.png	1.0 1.0	0.85732 0.29334	0.83315 0.29334	0.85732 0.33235
oolite_coriolis_dock_diffuse.png	1.0 1.0	0.83315 0.33233	0.82588 0.29330	0.82588 0.33333
oolite_coriolis_dock_diffuse.png	1.0 1.0	0.79849 0.23449	0.82588 0.23449	0.82588 0.20017
oolite_coriolis_dock_diffuse.png	1.0 1.0	0.82588 0.23449	0.82588 0.24159	0.83315 0.23492
oolite_coriolis_dock_diffuse.png	1.0 1.0	0.86450 0.23449	0.89189 0.24159	0.89189 0.23449
oolite_coriolis_dock_diffuse.png	1.0 1.0	0.79338 0.24129	0.79849 0.24159	0.79338 0.23477
oolite_coriolis_dock_diffuse.png	1.0 1.0	0.79338 0.28156	0.79849 0.28156	0.79338 0.24185
oolite_coriolis_dock_diffuse.png	1.0 1.0	0.89710 0.24191	0.89710 0.28162	0.94767 0.28162
oolite_coriolis_dock_diffuse.png	1.0 1.0	0.89710 0.29335	0.89189 0.29335	0.89710 0.33306
oolite_coriolis_dock_diffuse.png	1.0 1.0	0.79338 0.33306	0.79849 0.29335	0.79338 0.29335
oolite_coriolis_dock_diffuse.png	1.0 1.0	0.79849 0.24159	0.82588 0.28153	0.82588 0.24159
oolite_coriolis_dock_diffuse.png	1.0 1.0	0.86450 0.28153	0.89189 0.28153	0.86450 0.24159
oolite_coriolis_dock_diffuse.png	1.0 1.0	0.89189 0.24159	0.89189 0.28156	0.89710 0.24185
oolite_coriolis_dock_diffuse.png	1.0 1.0	0.89189 0.33333	0.86450 0.33333	0.86450 0.34043
oolite_coriolis_dock_diffuse.png	1.0 1.0	0.86450 0.33333	0.86450 0.29331	0.85732 0.33232
oolite_coriolis_dock_diffuse.png	1.0 1.0	0.82588 0.33333	0.79849 0.33333	0.79849 0.34043
oolite_coriolis_dock_diffuse.png	1.0 1.0	0.82588 0.29339	0.79849 0.29339	0.79849 0.33333
oolite_coriolis_dock_diffuse.png	1.0 1.0	0.00003 0.37183	0.00003 0.43733	0.68936 0.37183
oolite_coriolis_dock_diffuse.png	1.0 1.0	0.95681 0.48793	0.68936 0.74181	0.99711 0.59838
oolite_coriolis_dock_diffuse.png	1.0 1.0	0.48977 0.96836	0.48977 0.91443	0.00003 0.91443
oolite_coriolis_dock_diffuse.png	1.0 1.0	0.51394 0.96836	0.49569 0.96522	0.48977 0.96836
oolite_coriolis_dock_diffuse.png	1.0 1.0	0.51394 0.96836	0.58474 0.91443	0.51394 0.91443
oolite_coriolis_dock_diffuse.png	1.0 1.0	0.60891 0.96836	0.59067 0.96522	0.58474 0.96836
oolite_coriolis_dock_diffuse.png	1.0 1.0	0.60891 0.96836	0.60891 0.91443	0.60299 0.96522
oolite_coriolis_dock_diffuse.png	1.0 1.0	0.50801 0.96522	0.51394 0.91443	0.50801 0.91757
oolite_coriolis_dock_diffuse.png	1.0 1.0	0.60299 0.96522	0.60299 0.91757	0.59067 0.96522
oolite_coriolis_dock_diffuse.png	1.0 1.0	0.50801 0.91757	0.48977 0.91443	0.49569 0.91757
oolite_coriolis_dock_diffuse.png	1.0 1.0	0.59067 0.91757	0.58474 0.91443	0.59067 0.96522
oolite_coriolis_dock_diffuse.png	1.0 1.0	0.60299 0.91757	0.60891 0.91443	0.58474 0.91443
oolite_coriolis_dock_diffuse.png	1.0 1.0	0.12970 0.91443	0.12970 0.86050	0.00003 0.86050
oolite_coriolis_dock_diffuse.png	1.0 1.0	0.37157 0.91443	0.36619 0.91138	0.13508 0.91138
oolite_coriolis_dock_diffuse.png	1.0 1.0	0.68936 0.91443	0.37157 0.86050	0.37157 0.91443
oolite_coriolis_dock_diffuse.png	1.0 1.0	0.36619 0.91138	0.37157 0.86050	0.36619 0.86296
oolite_coriolis_dock_diffuse.png	1.0 1.0	0.81913 0.48793	0.68936 0.59838	0.95681 0.48793
oolite_coriolis_dock_diffuse.png	1.0 1.0	0.13508 0.44038	0.12970 0.47968	0.13508 0.47723
oolite_coriolis_dock_diffuse.png	1.0 1.0	0.27751 0.44038	0.28288 0.47968	0.28288 0.43733
oolite_coriolis_dock_diffuse.png	1.0 1.0	0.56707 0.44038	0.59591 0.44038	0.59866 0.43733
oolite_coriolis_dock_diffuse.png	1.0 1.0	0.56707 0.44038	0.56391 0.47968	0.56707 0.47723
oolite_coriolis_dock_diffuse.png	1.0 1.0	0.13508 0.47723	0.27751 0.47723	0.27751 0.44038
oolite_coriolis_dock_diffuse.png	1.0 1.0	0.56707 0.47723	0.59591 0.47723	0.59591 0.44038
oolite_coriolis_dock_diffuse.png	1.0 1.0	0.13508 0.86296	0.12970 0.86050	0.13508 0.91138
oolite_coriolis_dock_diffuse.png	1.0 1.0	0.12970 0.47968	0.28288 0.47968	0.27751 0.47723
oolite_coriolis_dock_diffuse.png	1.0 1.0	0.28288 0.47968	0.56391 0.47968	0.56391 0.43733
oolite_coriolis_dock_diffuse.png	1.0 1.0	0.59866 0.47968	0.68936 0.47968	0.59866 0.43733
oolite_coriolis_dock_diffuse.png	1.0 1.0	0.73010 0.48793	0.68936 0.51129	0.81913 0.48793
oolite_coriolis_dock_diffuse.png	1.0 1.0	0.89199 0.14561	0.86460 0.18555	0.89199 0.18555
oolite_coriolis_dock_diffuse.png	1.0 1.0	0.86460 0.14561	0.85733 0.14660	0.86460 0.18564
oolite_coriolis_dock_diffuse.png	1.0 1.0	0.82598 0.14561	0.83316 0.13894	0.82598 0.13851
oolite_coriolis_dock_diffuse.png	1.0 1.0	0.82598 0.18563	0.83316 0.18563	0.83316 0.14661
oolite_coriolis_dock_diffuse.png	1.0 1.0	0.79859 0.14561	0.79859 0.18555	0.82598 0.14561
oolite_coriolis_dock_diffuse.png	1.0 1.0	0.79859 0.14561	0.79338 0.13879	0.79338 0.14531
oolite_coriolis_dock_diffuse.png	1.0 1.0	0.82598 0.42931	0.82598 0.38936	0.79859 0.38936
oolite_coriolis_dock_diffuse.png	1.0 1.0	0.82598 0.42931	0.83316 0.43597	0.83316 0.42938
oolite_coriolis_dock_diffuse.png	1.0 1.0	0.86460 0.42931	0.89199 0.42931	0.86460 0.38936
oolite_coriolis_dock_diffuse.png	1.0 1.0	0.86460 0.38928	0.85733 0.38928	0.85733 0.42831
oolite_coriolis_dock_diffuse.png	1.0 1.0	0.89710 0.14531	0.89710 0.13879	0.89199 0.14561
oolite_coriolis_dock_diffuse.png	1.0 1.0	0.89710 0.18564	0.94767 0.18564	0.89710 0.14594
oolite_coriolis_dock_diffuse.png	1.0 1.0	0.79338 0.14587	0.79338 0.18558	0.79859 0.18558
oolite_coriolis_dock_diffuse.png	1.0 1.0	0.79338 0.42960	0.79338 0.43612	0.79859 0.42931
oolite_coriolis_dock_diffuse.png	1.0 1.0	0.79338 0.38927	0.74281 0.38927	0.79338 0.42898
oolite_coriolis_dock_diffuse.png	1.0 1.0	0.89710 0.42904	0.89710 0.38933	0.89199 0.38933
oolite_coriolis_dock_diffuse.png	1.0 1.0	0.89199 0.13851	0.86460 0.13851	0.86460 0.14561
oolite_coriolis_dock_diffuse.png	1.0 1.0	0.82598 0.13851	0.79859 0.13851	0.79859 0.14561
oolite_coriolis_dock_diffuse.png	1.0 1.0	0.79859 0.43641	0.82598 0.43641	0.79859 0.42931
oolite_coriolis_dock_diffuse.png	1.0 1.0	0.82598 0.43641	0.83316 0.46889	0.83316 0.43714
oolite_coriolis_dock_diffuse.png	1.0 1.0	0.86460 0.43641	0.89199 0.43641	0.86460 0.42931
oolite_coriolis_dock_diffuse.png	1.0 1.0	0.89199 0.43641	0.89710 0.43612	0.89199 0.42931
oolite_coriolis_dock_diffuse.png	1.0 1.0	0.85733 0.14656	0.83316 0.14658	0.85733 0.18560
oolite_coriolis_dock_diffuse.png	1.0 1.0	0.83316 0.42830	0.83316 0.38929	0.82598 0.38929
oolite_coriolis_dock_diffuse.png	1.0 1.0	0.83316 0.42938	0.85733 0.43597	0.85733 0.42938
oolite_coriolis_dock_diffuse.png	1.0 1.0	0.89710 0.13808	0.89710 0.10547	0.89199 0.13851
oolite_coriolis_dock_diffuse.png	1.0 1.0	0.78875 0.43522	0.74281 0.38927	0.74281 0.45838
oolite_coriolis_dock_diffuse.png	1.0 1.0	0.90173 0.43521	0.94767 0.38927	0.89710 0.42898
oolite_coriolis_dock_diffuse.png	1.0 1.0	0.85733 0.13894	0.83316 0.13777	0.83316 0.14554
oolite_coriolis_dock_diffuse.png	1.0 1.0	0.83316 0.43714	0.85733 0.46898	0.85733 0.43712
oolite_coriolis_dock_diffuse.png	1.0 1.0	0.00003 0.51129	0.68936 0.51129	0.00003 0.47968
oolite_coriolis_dock_diffuse.png	1.0 1.0	0.89199 0.10421	0.86460 0.10419	0.89199 0.13851
oolite_coriolis_dock_diffuse.png	1.0 1.0	0.86276 0.10444	0.85733 0.10593	0.86460 0.13851
oolite_coriolis_dock_diffuse.png	1.0 1.0	0.85733 0.10593	0.83316 0.10602	0.83316 0.13777
oolite_coriolis_dock_diffuse.png	1.0 1.0	0.82598 0.10430	0.79859 0.10430	0.82598 0.13851
oolite_coriolis_dock_diffuse.png	1.0 1.0	0.79859 0.10430	0.79338 0.10547	0.79859 0.13851
oolite_coriolis_dock_diffuse.png	1.0 1.0	0.74281 0.11654	0.74281 0.18564	0.78875 0.13970
oolite_coriolis_dock_diffuse.png	1.0 1.0	0.00003 0.59838	0.00944 0.73657	0.00944 0.60362
oolite_coriolis_dock_diffuse.png	1.0 1.0	0.32454 0.59838	0.34256 0.74181	0.34256 0.59838
oolite_coriolis_dock_diffuse.png	1.0 1.0	0.32454 0.59838	0.31638 0.60362	0.32454 0.74181
oolite_coriolis_dock_diffuse.png	1.0 1.0	0.34256 0.59838	0.35139 0.73657	0.35139 0.60362
oolite_coriolis_dock_diffuse.png	1.0 1.0	0.00003 0.74181	0.44077 0.73657	0.00944 0.73657
oolite_coriolis_dock_diffuse.png	1.0 1.0	0.68936 0.74181	0.68936 0.82890	0.84346 0.85210
oolite_coriolis_dock_diffuse.png	1.0 1.0	0.79338 0.46945	0.79859 0.47061	0.79859 0.43641
oolite_coriolis_dock_diffuse.png	1.0 1.0	0.79859 0.47061	0.82598 0.47061	0.82598 0.43641
oolite_coriolis_dock_diffuse.png	1.0 1.0	0.85733 0.46898	0.86276 0.47047	0.86460 0.43641
oolite_coriolis_dock_diffuse.png	1.0 1.0	0.89199 0.47070	0.89710 0.46945	0.89199 0.43641
oolite_coriolis_dock_diffuse.png	1.0 1.0	0.44077 0.60362	0.44077 0.73657	0.45018 0.59838
oolite_coriolis_dock_diffuse.png	1.0 1.0	0.68936 0.34363	0.68936 0.25510	0.33053 0.34363
oolite_coriolis_dock_diffuse.png	1.0 1.0	0.33052 0.25510	0.32649 0.26665	0.33053 0.34363
oolite_coriolis_dock_diffuse.png	1.0 1.0	0.68936 0.25510	0.00003 0.10767	0.00003 0.25510
oolite_coriolis_dock_diffuse.png	1.0 1.0	0.33052 0.10767	0.68936 0.10767	0.33052 0.01909
oolite_coriolis_dock_diffuse.png	1.0 1.0	0.33052 0.01909	0.32650 0.00906	0.32649 0.09612
oolite_coriolis_dock_diffuse.png	1.0 1.0	0.99711 0.74181	0.68936 0.74181	0.84346 0.85210
oolite_coriolis_dock_diffuse.png	1.0 1.0	0.74281 0.28162	0.79338 0.24192	0.78875 0.23568
oolite_coriolis_dock_diffuse.png	1.0 1.0	0.79849 0.20019	0.79849 0.23449	0.82588 0.20017
oolite_coriolis_dock_diffuse.png	1.0 1.0	0.82772 0.20042	0.82588 0.23449	0.83315 0.20191
oolite_coriolis_dock_diffuse.png	1.0 1.0	0.83315 0.20191	0.85732 0.23375	0.85732 0.20200
oolite_coriolis_dock_diffuse.png	1.0 1.0	0.85732 0.20200	0.86450 0.23449	0.86259 0.20038
oolite_coriolis_dock_diffuse.png	1.0 1.0	0.89710 0.20144	0.89189 0.23449	0.89710 0.23406
oolite_coriolis_dock_diffuse.png	1.0 1.0	0.94767 0.29329	0.89710 0.29329	0.89710 0.33300
oolite_coriolis_dock_diffuse.png	1.0 1.0	0.86259 0.37453	0.86450 0.34043	0.85732 0.37292
oolite_coriolis_dock_diffuse.png	1.0 1.0	0.85732 0.37292	0.85732 0.34116	0.83315 0.37300
oolite_coriolis_dock_diffuse.png	1.0 1.0	0.82588 0.37474	0.79849 0.34043	0.79849 0.37472
oolite_coriolis_dock_diffuse.png	1.0 1.0	0.74281 0.36240	0.78875 0.33923	0.74281 0.29329
oolite_coriolis_dock_diffuse.png	1.0 1.0	0.85732 0.23492	0.86450 0.24159	0.86450 0.23449
oolite_coriolis_dock_diffuse.png	1.0 1.0	0.85732 0.34116	0.85732 0.33340	0.83315 0.33999
oolite_coriolis_dock_diffuse.png	1.0 1.0	0.83315 0.23492	0.85732 0.24152	0.85732 0.23375
oolite_coriolis_dock_diffuse.png	1.0 1.0	0.83315 0.23492	0.82588 0.24159	0.83315 0.24152
oolite_coriolis_dock_diffuse.png	1.0 1.0	0.83315 0.34114	0.82588 0.34043	0.83315 0.37300
oolite_coriolis_dock_diffuse.png	1.0 1.0	0.79338 0.23477	0.79849 0.24159	0.79849 0.23449
oolite_coriolis_dock_diffuse.png	1.0 1.0	0.89710 0.23477	0.89189 0.24159	0.89710 0.24129
oolite_coriolis_dock_diffuse.png	1.0 1.0	0.89710 0.34085	0.89189 0.34043	0.89710 0.37347
oolite_coriolis_dock_diffuse.png	1.0 1.0	0.79338 0.34015	0.79849 0.33333	0.79338 0.33362
oolite_coriolis_dock_diffuse.png	1.0 1.0	0.32650 0.35372	0.68936 0.35372	0.33053 0.34363
oolite_coriolis_dock_diffuse.png	1.0 1.0	0.68936 0.98647	0.68936 0.96836	0.00003 0.98647
oolite_coriolis_dock_diffuse.png	1.0 1.0	0.83315 0.28157	0.85732 0.24256	0.83315 0.24254
oolite_coriolis_dock_diffuse.png	1.0 1.0	0.85732 0.28160	0.86450 0.28160	0.85732 0.24259
oolite_coriolis_dock_diffuse.png	1.0 1.0	0.85732 0.33235	0.83315 0.29334	0.83315 0.33237
oolite_coriolis_dock_diffuse.png	1.0 1.0	0.85732 0.33232	0.86450 0.29331	0.85732 0.29331
oolite_coriolis_dock_diffuse.png	1.0 1.0	0.83315 0.33340	0.82588 0.33333	0.83315 0.33999
oolite_coriolis_dock_diffuse.png	1.0 1.0	0.79849 0.23449	0.82588 0.24159	0.82588 0.23449
oolite_coriolis_dock_diffuse.png	1.0 1.0	0.86450 0.23449	0.89189 0.23449	0.89189 0.20028
oolite_coriolis_dock_diffuse.png	1.0 1.0	0.89189 0.34043	0.89189 0.33333	0.86450 0.34043
oolite_coriolis_dock_diffuse.png	1.0 1.0	0.86450 0.34043	0.86450 0.33333	0.85732 0.33999
oolite_coriolis_dock_diffuse.png	1.0 1.0	0.82588 0.34043	0.82588 0.33333	0.79849 0.34043
oolite_coriolis_dock_diffuse.png	1.0 1.0	0.89710 0.24185	0.89189 0.28156	0.89710 0.28156
oolite_coriolis_dock_diffuse.png	1.0 1.0	0.89710 0.33362	0.89189 0.33333	0.89710 0.34015
oolite_coriolis_dock_diffuse.png	1.0 1.0	0.79338 0.33300	0.79338 0.29329	0.74281 0.29329
oolite_coriolis_dock_diffuse.png	1.0 1.0	0.79849 0.28153	0.82588 0.28153	0.79849 0.24159
oolite_coriolis_dock_diffuse.png	1.0 1.0	0.86450 0.24159	0.89189 0.28153	0.89189 0.24159
oolite_coriolis_dock_diffuse.png	1.0 1.0	0.89189 0.29339	0.86450 0.29339	0.86450 0.33333
oolite_coriolis_dock_diffuse.png	1.0 1.0	0.82588 0.29339	0.79849 0.33333	0.82588 0.33333
oolite_coriolis_dock_diffuse.png	1.0 1.0	0.00003 0.37183	0.68936 0.37183	0.00003 0.35372
oolite_coriolis_dock_diffuse.png	1.0 1.0	0.48977 0.96836	0.00003 0.91443	0.00003 0.96836
oolite_coriolis_dock_diffuse.png	1.0 1.0	0.51394 0.96836	0.51394 0.91443	0.50801 0.96522
oolite_coriolis_dock_diffuse.png	1.0 1.0	0.58474 0.96836	0.58474 0.91443	0.51394 0.96836
oolite_coriolis_dock_diffuse.png	1.0 1.0	0.60891 0.96836	0.60299 0.96522	0.59067 0.96522
oolite_coriolis_dock_diffuse.png	1.0 1.0	0.60891 0.96836	0.68936 0.91443	0.60891 0.91443
oolite_coriolis_dock_diffuse.png	1.0 1.0	0.49569 0.96522	0.50801 0.91757	0.49569 0.91757
oolite_coriolis_dock_diffuse.png	1.0 1.0	0.49569 0.96522	0.48977 0.91443	0.48977 0.96836
oolite_coriolis_dock_diffuse.png	1.0 1.0	0.59067 0.96522	0.60299 0.91757	0.59067 0.91757
oolite_coriolis_dock_diffuse.png	1.0 1.0	0.60299 0.96522	0.60891 0.91443	0.60299 0.91757
oolite_coriolis_dock_diffuse.png	1.0 1.0	0.50801 0.91757	0.51394 0.91443	0.48977 0.91443
oolite_coriolis_dock_diffuse.png	1.0 1.0	0.12970 0.91443	0.00003 0.86050	0.00003 0.91443
oolite_coriolis_dock_diffuse.png	1.0 1.0	0.37157 0.91443	0.37157 0.86050	0.36619 0.91138
oolite_coriolis_dock_diffuse.png	1.0 1.0	0.84346 0.85210	0.68936 0.82890	0.73010 0.85210
oolite_coriolis_dock_diffuse.png	1.0 1.0	0.13508 0.91138	0.12970 0.86050	0.12970 0.91443
oolite_coriolis_dock_diffuse.png	1.0 1.0	0.36619 0.91138	0.13508 0.86296	0.13508 0.91138
oolite_coriolis_dock_diffuse.png	1.0 1.0	0.00003 0.43733	0.68936 0.43733	0.68936 0.37183
oolite_coriolis_dock_diffuse.png	1.0 1.0	0.12970 0.43733	0.13508 0.44038	0.28288 0.43733
oolite_coriolis_dock_diffuse.png	1.0 1.0	0.28288 0.43733	0.28288 0.47968	0.56391 0.43733
oolite_coriolis_dock_diffuse.png	1.0 1.0	0.56391 0.43733	0.56391 0.47968	0.56707 0.44038
oolite_coriolis_dock_diffuse.png	1.0 1.0	0.59866 0.43733	0.68936 0.47968	0.68936 0.43733
oolite_coriolis_dock_diffuse.png	1.0 1.0	0.13508 0.44038	0.13508 0.47723	0.27751 0.44038
oolite_coriolis_dock_diffuse.png	1.0 1.0	0.56707 0.44038	0.56707 0.47723	0.59591 0.44038
oolite_coriolis_dock_diffuse.png	1.0 1.0	0.59591 0.44038	0.59866 0.47968	0.59866 0.43733
oolite_coriolis_dock_diffuse.png	1.0 1.0	0.13508 0.47723	0.12970 0.47968	0.27751 0.47723
oolite_coriolis_dock_diffuse.png	1.0 1.0	0.27751 0.47723	0.28288 0.47968	0.27751 0.44038
oolite_coriolis_dock_diffuse.png	1.0 1.0	0.36619 0.86296	0.12970 0.86050	0.13508 0.86296
oolite_coriolis_dock_diffuse.png	1.0 1.0	0.00003 0.47968	0.68936 0.51129	0.68936 0.47968
oolite_coriolis_dock_diffuse.png	1.0 1.0	0.56391 0.47968	0.59866 0.47968	0.56707 0.47723
oolite_coriolis_dock_diffuse.png	1.0 1.0	0.89199 0.14561	0.89199 0.13851	0.86460 0.14561
oolite_coriolis_dock_diffuse.png	1.0 1.0	0.89199 0.18558	0.89710 0.14587	0.89199 0.14561
oolite_coriolis_dock_diffuse.png	1.0 1.0	0.82598 0.14561	0.79859 0.18555	0.82598 0.18555
oolite_coriolis_dock_diffuse.png	1.0 1.0	0.82598 0.14561	0.82598 0.13851	0.79859 0.14561
oolite_coriolis_dock_diffuse.png	1.0 1.0	0.79859 0.14561	0.79338 0.14587	0.79859 0.18558
oolite_coriolis_dock_diffuse.png	1.0 1.0	0.79859 0.42931	0.82598 0.43641	0.82598 0.42931
oolite_coriolis_dock_diffuse.png	1.0 1.0	0.79859 0.42931	0.79338 0.43612	0.79859 0.43641
oolite_coriolis_dock_diffuse.png	1.0 1.0	0.79859 0.38933	0.79338 0.42904	0.79859 0.42931
oolite_coriolis_dock_diffuse.png	1.0 1.0	0.82598 0.42931	0.83316 0.42830	0.82598 0.38929
oolite_coriolis_dock_diffuse.png	1.0 1.0	0.86460 0.42931	0.89199 0.43641	0.89199 0.42931
oolite_coriolis_dock_diffuse.png	1.0 1.0	0.86460 0.42931	0.85733 0.43597	0.86460 0.43641
oolite_coriolis_dock_diffuse.png	1.0 1.0	0.86460 0.38928	0.85733 0.42831	0.86460 0.42931
oolite_coriolis_dock_diffuse.png	1.0 1.0	0.89199 0.42931	0.89710 0.42904	0.89199 0.38933
oolite_coriolis_dock_diffuse.png	1.0 1.0	0.89710 0.14594	0.94767 0.18564	0.90173 0.13970
oolite_coriolis_dock_diffuse.png	1.0 1.0	0.79338 0.14594	0.74281 0.18564	0.79338 0.18564
oolite_coriolis_dock_diffuse.png	1.0 1.0	0.79338 0.42898	0.74281 0.38927	0.78875 0.43522
oolite_coriolis_dock_diffuse.png	1.0 1.0	0.89199 0.13851	0.86460 0.10419	0.86460 0.13851
oolite_coriolis_dock_diffuse.png	1.0 1.0	0.86460 0.13851	0.85733 0.13894	0.86460 0.14561
oolite_coriolis_dock_diffuse.png	1.0 1.0	0.82598 0.13851	0.79859 0.10430	0.79859 0.13851
oolite_coriolis_dock_diffuse.png	1.0 1.0	0.79859 0.13851	0.79338 0.13879	0.79859 0.14561
oolite_coriolis_dock_diffuse.png	1.0 1.0	0.79859 0.43641	0.79859 0.47061	0.82598 0.43641
oolite_coriolis_dock_diffuse.png	1.0 1.0	0.86460 0.43641	0.86460 0.47072	0.89199 0.43641
oolite_coriolis_dock_diffuse.png	1.0 1.0	0.89199 0.43641	0.89710 0.46945	0.89710 0.43683
oolite_coriolis_dock_diffuse.png	1.0 1.0	0.85733 0.14660	0.85733 0.18564	0.86460 0.18564
oolite_coriolis_dock_diffuse.png	1.0 1.0	0.85733 0.14554	0.85733 0.13894	0.83316 0.14554
oolite_coriolis_dock_diffuse.png	1.0 1.0	0.83316 0.14658	0.83316 0.18560	0.85733 0.18560
oolite_coriolis_dock_diffuse.png	1.0 1.0	0.83316 0.14554	0.83316 0.13894	0.82598 0.14561
oolite_coriolis_dock_diffuse.png	1.0 1.0	0.83316 0.42938	0.83316 0.43714	0.85733 0.43597
oolite_coriolis_dock_diffuse.png	1.0 1.0	0.85733 0.42835	0.85733 0.38932	0.83316 0.42833
oolite_coriolis_dock_diffuse.png	1.0 1.0	0.85733 0.13779	0.85733 0.10593	0.83316 0.13777
oolite_coriolis_dock_diffuse.png	1.0 1.0	0.83316 0.13777	0.83316 0.10602	0.82598 0.13851
oolite_coriolis_dock_diffuse.png	1.0 1.0	0.00003 0.51129	0.68936 0.59838	0.68936 0.51129
oolite_coriolis_dock_diffuse.png	1.0 1.0	0.89710 0.10547	0.89199 0.10421	0.89199 0.13851
oolite_coriolis_dock_diffuse.png	1.0 1.0	0.00003 0.59838	0.00944 0.60362	0.45018 0.59838
oolite_coriolis_dock_diffuse.png	1.0 1.0	0.20898 0.59838	0.22700 0.74181	0.22700 0.59838
oolite_coriolis_dock_diffuse.png	1.0 1.0	0.20898 0.59838	0.20083 0.60362	0.20898 0.74181
oolite_coriolis_dock_diffuse.png	1.0 1.0	0.22700 0.59838	0.23583 0.73657	0.23583 0.60362
oolite_coriolis_dock_diffuse.png	1.0 1.0	0.45018 0.59838	0.44077 0.73657	0.45018 0.74181
oolite_coriolis_dock_diffuse.png	1.0 1.0	0.68936 0.59838	0.68936 0.74181	0.95681 0.48793
oolite_coriolis_dock_diffuse.png	1.0 1.0	0.00003 0.74181	0.00944 0.73657	0.00003 0.59838
oolite_coriolis_dock_diffuse.png	1.0 1.0	0.32454 0.74181	0.34256 0.74181	0.32454 0.59838
oolite_coriolis_dock_diffuse.png	1.0 1.0	0.34256 0.74181	0.35139 0.73657	0.34256 0.59838
oolite_coriolis_dock_diffuse.png	1.0 1.0	0.68936 0.74181	0.00003 0.82890	0.68936 0.82890
oolite_coriolis_dock_diffuse.png	1.0 1.0	0.00944 0.60362	0.00944 0.73657	0.44077 0.60362
oolite_coriolis_dock_diffuse.png	1.0 1.0	0.31638 0.60362	0.31638 0.73657	0.32454 0.74181
oolite_coriolis_dock_diffuse.png	1.0 1.0	0.33053 0.34363	0.68936 0.25510	0.33052 0.25510
oolite_coriolis_dock_diffuse.png	1.0 1.0	0.99711 0.51129	0.95681 0.48793	0.99711 0.59838
oolite_coriolis_dock_diffuse.png	1.0 1.0	0.00003 0.25510	0.32649 0.26665	0.33052 0.25510
oolite_coriolis_dock_diffuse.png	1.0 1.0	0.99711 0.59838	0.68936 0.74181	0.99711 0.74181
oolite_coriolis_dock_diffuse.png	1.0 1.0	0.33052 0.01909	0.68936 0.10767	0.68936 0.01909
oolite_coriolis_dock_diffuse.png	1.0 1.0	0.33052 0.01909	0.68936 0.00906	0.32650 0.00906
oolite_coriolis_dock_diffuse.png	1.0 1.0	0.83315 0.20191	0.82588 0.23449	0.83315 0.23377
oolite_coriolis_dock_diffuse.png	1.0 1.0	0.85732 0.33999	0.86450 0.33333	0.85732 0.33340
oolite_coriolis_dock_diffuse.png	1.0 1.0	0.79338 0.23406	0.79849 0.23449	0.79338 0.20144
oolite_coriolis_dock_diffuse.png	1.0 1.0	0.90173 0.23567	0.89710 0.24191	0.94767 0.28162
oolite_coriolis_dock_diffuse.png	1.0 1.0	0.85732 0.24259	0.86450 0.28160	0.86450 0.24159
oolite_coriolis_dock_diffuse.png	1.0 1.0	0.89189 0.23449	0.89189 0.24159	0.89710 0.23477
oolite_coriolis_dock_diffuse.png	1.0 1.0	0.89189 0.34043	0.86450 0.34043	0.89189 0.37463
oolite_coriolis_dock_diffuse.png	1.0 1.0	0.82588 0.34043	0.79849 0.34043	0.82588 0.37474
oolite_coriolis_dock_diffuse.png	1.0 1.0	0.79849 0.34043	0.79849 0.33333	0.79338 0.34015
oolite_coriolis_dock_diffuse.png	1.0 1.0	0.79338 0.24185	0.79849 0.28156	0.79849 0.24159
oolite_coriolis_dock_diffuse.png	1.0 1.0	0.89710 0.33306	0.89189 0.29335	0.89189 0.33333
oolite_coriolis_dock_diffuse.png	1.0 1.0	0.79849 0.24159	0.82588 0.24159	0.79849 0.23449
oolite_coriolis_dock_diffuse.png	1.0 1.0	0.82588 0.24159	0.82588 0.28162	0.83315 0.24258
oolite_coriolis_dock_diffuse.png	1.0 1.0	0.86450 0.24159	0.89189 0.24159	0.86450 0.23449
oolite_coriolis_dock_diffuse.png	1.0 1.0	0.79849 0.33333	0.79849 0.29335	0.79338 0.33306
oolite_coriolis_dock_diffuse.png	1.0 1.0	0.51394 0.96836	0.50801 0.96522	0.49569 0.96522
oolite_coriolis_dock_diffuse.png	1.0 1.0	0.60891 0.96836	0.68936 0.96836	0.68936 0.91443
oolite_coriolis_dock_diffuse.png	1.0 1.0	0.59067 0.96522	0.58474 0.91443	0.58474 0.96836
oolite_coriolis_dock_diffuse.png	1.0 1.0	0.49569 0.91757	0.48977 0.91443	0.49569 0.96522
oolite_coriolis_dock_diffuse.png	1.0 1.0	0.60299 0.91757	0.58474 0.91443	0.59067 0.91757
oolite_coriolis_dock_diffuse.png	1.0 1.0	0.68936 0.91443	0.68936 0.86050	0.37157 0.86050
oolite_coriolis_dock_diffuse.png	1.0 1.0	0.84346 0.85210	0.95681 0.85210	0.99711 0.82890
oolite_coriolis_dock_diffuse.png	1.0 1.0	0.36619 0.91138	0.36619 0.86296	0.13508 0.86296
oolite_coriolis_dock_diffuse.png	1.0 1.0	0.12970 0.43733	0.12970 0.47968	0.13508 0.44038
oolite_coriolis_dock_diffuse.png	1.0 1.0	0.56391 0.43733	0.56707 0.44038	0.59866 0.43733
oolite_coriolis_dock_diffuse.png	1.0 1.0	0.13508 0.44038	0.27751 0.44038	0.28288 0.43733
oolite_coriolis_dock_diffuse.png	1.0 1.0	0.59591 0.47723	0.59866 0.47968	0.59591 0.44038
oolite_coriolis_dock_diffuse.png	1.0 1.0	0.36619 0.86296	0.37157 0.86050	0.12970 0.86050
oolite_coriolis_dock_diffuse.png	1.0 1.0	0.89199 0.14561	0.89710 0.13879	0.89199 0.13851
oolite_coriolis_dock_diffuse.png	1.0 1.0	0.89199 0.18558	0.89710 0.18558	0.89710 0.14587
oolite_coriolis_dock_diffuse.png	1.0 1.0	0.86460 0.14561	0.86460 0.18555	0.89199 0.14561
oolite_coriolis_dock_diffuse.png	1.0 1.0	0.86460 0.14561	0.85733 0.13894	0.85733 0.14554
oolite_coriolis_dock_diffuse.png	1.0 1.0	0.82598 0.18563	0.83316 0.14661	0.82598 0.14561
oolite_coriolis_dock_diffuse.png	1.0 1.0	0.79859 0.42931	0.82598 0.42931	0.79859 0.38936
oolite_coriolis_dock_diffuse.png	1.0 1.0	0.79859 0.38933	0.79338 0.38933	0.79338 0.42904
oolite_coriolis_dock_diffuse.png	1.0 1.0	0.89199 0.42931	0.89199 0.38936	0.86460 0.38936
oolite_coriolis_dock_diffuse.png	1.0 1.0	0.89199 0.42931	0.89710 0.43612	0.89710 0.42960
oolite_coriolis_dock_diffuse.png	1.0 1.0	0.89710 0.42898	0.94767 0.38927	0.89710 0.38927
oolite_coriolis_dock_diffuse.png	1.0 1.0	0.86460 0.13851	0.85733 0.10593	0.85733 0.13779
oolite_coriolis_dock_diffuse.png	1.0 1.0	0.79859 0.13851	0.79338 0.10547	0.79338 0.13808
oolite_coriolis_dock_diffuse.png	1.0 1.0	0.82598 0.43641	0.83316 0.43597	0.82598 0.42931
oolite_coriolis_dock_diffuse.png	1.0 1.0	0.83316 0.42833	0.85733 0.38932	0.83316 0.38932
oolite_coriolis_dock_diffuse.png	1.0 1.0	0.85733 0.42938	0.85733 0.43597	0.86460 0.42931
oolite_coriolis_dock_diffuse.png	1.0 1.0	0.90173 0.13970	0.94767 0.18564	0.94767 0.11654
oolite_coriolis_dock_diffuse.png	1.0 1.0	0.78875 0.13970	0.74281 0.18564	0.79338 0.14594
oolite_coriolis_dock_diffuse.png	1.0 1.0	0.79338 0.43683	0.79338 0.46945	0.79859 0.43641
oolite_coriolis_dock_diffuse.png	1.0 1.0	0.85733 0.43712	0.85733 0.46898	0.86460 0.43641
oolite_coriolis_dock_diffuse.png	1.0 1.0	0.68936 0.51129	0.68936 0.59838	0.81913 0.48793
oolite_coriolis_dock_diffuse.png	1.0 1.0	0.83316 0.10602	0.82789 0.10440	0.82598 0.13851
oolite_coriolis_dock_diffuse.png	1.0 1.0	0.00003 0.59838	0.68936 0.59838	0.00003 0.51129
oolite_coriolis_dock_diffuse.png	1.0 1.0	0.00003 0.74181	0.00003 0.82890	0.68936 0.74181
oolite_coriolis_dock_diffuse.png	1.0 1.0	0.20898 0.74181	0.22700 0.74181	0.20898 0.59838
oolite_coriolis_dock_diffuse.png	1.0 1.0	0.22700 0.74181	0.23583 0.73657	0.22700 0.59838
oolite_coriolis_dock_diffuse.png	1.0 1.0	0.45018 0.74181	0.68936 0.74181	0.68936 0.59838
oolite_coriolis_dock_diffuse.png	1.0 1.0	0.45018 0.74181	0.44077 0.73657	0.00003 0.74181
oolite_coriolis_dock_diffuse.png	1.0 1.0	0.82789 0.47051	0.83316 0.46889	0.82598 0.43641
oolite_coriolis_dock_diffuse.png	1.0 1.0	0.83316 0.46889	0.85733 0.46898	0.83316 0.43714
oolite_coriolis_dock_diffuse.png	1.0 1.0	0.86460 0.47072	0.89199 0.47070	0.89199 0.43641
oolite_coriolis_dock_diffuse.png	1.0 1.0	0.94767 0.45837	0.94767 0.38927	0.90173 0.43521
oolite_coriolis_dock_diffuse.png	1.0 1.0	0.00944 0.60362	0.44077 0.60362	0.45018 0.59838
oolite_coriolis_dock_diffuse.png	1.0 1.0	0.20083 0.60362	0.20083 0.73657	0.20898 0.74181
oolite_coriolis_dock_diffuse.png	1.0 1.0	0.00944 0.73657	0.44077 0.73657	0.44077 0.60362
oolite_coriolis_dock_diffuse.png	1.0 1.0	0.74281 0.28162	0.79338 0.28162	0.79338 0.24192
oolite_coriolis_dock_diffuse.png	1.0 1.0	0.94767 0.29329	0.90173 0.33924	0.94767 0.36240
oolite_coriolis_dock_diffuse.png	1.0 1.0	0.79338 0.37347	0.79849 0.34043	0.79338 0.34085
oolite_coriolis_dock_diffuse.png	1.0 1.0	0.00003 0.26665	0.00003 0.35372	0.32649 0.26665
oolite_coriolis_dock_diffuse.png	1.0 1.0	0.32649 0.26665	0.00003 0.35372	0.32649 0.35372
oolite_coriolis_dock_diffuse.png	1.0 1.0	0.00003 0.09612	0.00003 0.10767	0.32649 0.09612
oolite_coriolis_dock_diffuse.png	1.0 1.0	0.32649 0.09612	0.00003 0.10767	0.33052 0.10767
oolite_coriolis_dock_diffuse.png	1.0 1.0	0.32649 0.09612	0.00003 0.00906	0.00003 0.09612
oolite_coriolis_dock_diffuse.png	1.0 1.0	0.32650 0.00906	0.00003 0.00906	0.32649 0.09612
oolite_coriolis_dock_diffuse.png	1.0 1.0	0.83315 0.29330	0.82588 0.29330	0.83315 0.33233
oolite_coriolis_dock_diffuse.png	1.0 1.0	0.89189 0.29339	0.86450 0.33333	0.89189 0.33333
oolite_coriolis_dock_diffuse.png	1.0 1.0	0.50801 0.96522	0.50801 0.91757	0.49569 0.96522
oolite_coriolis_dock_diffuse.png	1.0 1.0	0.37157 0.91443	0.13508 0.91138	0.12970 0.91443
oolite_coriolis_dock_diffuse.png	1.0 1.0	0.00003 0.43733	0.00003 0.47968	0.12970 0.43733
oolite_coriolis_dock_diffuse.png	1.0 1.0	0.12970 0.43733	0.00003 0.47968	0.12970 0.47968
oolite_coriolis_dock_diffuse.png	1.0 1.0	0.56707 0.47723	0.59866 0.47968	0.59591 0.47723
oolite_coriolis_dock_diffuse.png	1.0 1.0	0.45018 0.59838	0.45018 0.74181	0.68936 0.59838
oolite_coriolis_dock_diffuse.png	1.0 1.0	0.68936 0.82890	0.00003 0.86050	0.68936 0.86050
oolite_coriolis_dock_diffuse.png	1.0 1.0	0.00003 0.82890	0.00003 0.86050	0.68936 0.82890

END
