// output from Obj2DatTex.py Wavefront text file conversion script
// (c) 2005 By Giles Williams
// 
// original file: "tris.obj"
// 
// model size: 1000.000 x 1000.000 x 995.918
// 
// textures used: ['oolite_coriolis_tris_diffuse.png']
// 
NVERTS 42
NFACES 26

VERTEX
500.00000, -492.92900, 0.00000
500.00000, 0.00000, -492.92900
500.00000, 492.92900, 0.00000
495.91800, -495.91800, 8.16497
495.91800, -495.91800, -8.16497
495.91800, -8.16497, 495.91800
495.91800, -8.16497, -495.91800
495.91800, 8.16497, 495.91800
495.91800, 8.16497, -495.91800
495.91800, 252.04100, 252.04100
495.91800, 495.91800, 8.16497
495.91800, 495.91800, -8.16497
492.92900, -500.00000, 0.00000
492.92900, 0.00000, -500.00000
492.92900, 500.00000, 0.00000
8.16497, -495.91800, 495.91800
8.16497, -495.91800, -495.91800
8.16497, 495.91800, 495.91800
8.16497, 495.91800, -495.91800
-0.00000, -500.00000, -492.92900
-0.00000, -492.92900, -500.00000
-0.00000, 492.92900, -500.00000
-0.00000, 500.00000, -492.92900
-8.16497, -495.91800, 495.91800
-8.16497, -495.91800, -495.91800
-8.16497, 495.91800, 495.91800
-8.16497, 495.91800, -495.91800
-492.92900, -500.00000, 0.00000
-492.92900, 0.00000, -500.00000
-492.92900, 500.00000, 0.00000
-495.91800, -495.91800, 8.16497
-495.91800, -495.91800, -8.16497
-495.91800, -252.04100, -252.04100
-495.91800, -8.16497, 495.91800
-495.91800, -8.16497, -495.91800
-495.91800, 8.16497, 495.91800
-495.91800, 8.16497, -495.91800
-495.91800, 495.91800, 8.16497
-495.91800, 495.91800, -8.16497
-500.00000, -492.92900, 0.00000
-500.00000, 0.00000, -492.92900
-500.00000, 492.92900, 0.00000

FACES
1,0,0,	0.57735,-0.57735,0.57735,	3,	3,15,5
1,0,0,	0.57735,-0.57735,-0.57735,	3,	6,16,4
1,0,0,	0.70396,0.09424,-0.70396,	3,	8,13,1
1,0,0,	0.70396,0.70396,0.09424,	3,	10,14,2
1,0,0,	0.57735,0.57735,-0.57735,	3,	11,18,8
1,0,0,	0.09424,-0.70396,-0.70396,	3,	16,20,19
1,0,0,	0.09424,0.70396,-0.70396,	3,	18,22,21
1,0,0,	-0.57735,-0.57735,-0.57735,	3,	24,32,31
1,0,0,	-0.57735,0.57735,-0.57735,	3,	26,38,36
1,0,0,	-0.57735,-0.57735,0.57735,	3,	30,33,23
1,0,0,	-0.70396,0.09424,-0.70396,	3,	36,40,28
2,0,0,	0.70396,0.70396,-0.09424,	3,	2,14,11
2,0,0,	0.70396,-0.70396,-0.09424,	3,	4,12,0
2,0,0,	0.57735,0.57735,0.57735,	3,	9,17,10
2,0,0,	-0.70396,-0.70396,0.09424,	3,	27,39,30
2,0,0,	-0.57735,0.57735,0.57735,	3,	35,37,25
2,0,0,	-0.70396,0.70396,0.09424,	3,	37,41,29
3,0,0,	0.70396,-0.70396,0.09424,	3,	0,12,3
3,0,0,	0.70396,-0.09424,-0.70396,	3,	1,13,6
3,0,0,	0.57735,0.57735,0.57735,	3,	7,17,9
3,0,0,	-0.09424,-0.70396,-0.70396,	3,	20,24,19
3,0,0,	-0.09424,0.70396,-0.70396,	3,	22,26,21
3,0,0,	-0.57735,-0.57735,-0.57735,	3,	24,34,32
3,0,0,	-0.70396,-0.09424,-0.70396,	3,	28,40,34
3,0,0,	-0.70396,0.70396,-0.09424,	3,	29,41,38
3,0,0,	-0.70396,-0.70396,-0.09424,	3,	31,39,27

TEXTURES
oolite_coriolis_tris_diffuse.png	1.0 1.0	0.50790 0.91734	0.25796 0.05153	0.00803 0.91734
oolite_coriolis_tris_diffuse.png	1.0 1.0	0.99520 0.98497	0.74526 0.11916	0.49532 0.98497
oolite_coriolis_tris_diffuse.png	1.0 1.0	0.28725 0.96079	0.29828 0.97431	0.29828 0.94729
oolite_coriolis_tris_diffuse.png	1.0 1.0	0.28614 0.96079	0.27512 0.94729	0.27512 0.97431
oolite_coriolis_tris_diffuse.png	1.0 1.0	0.50790 0.91734	0.25796 0.05153	0.00803 0.91734
oolite_coriolis_tris_diffuse.png	1.0 1.0	0.16818 0.96079	0.15715 0.94729	0.15715 0.97431
oolite_coriolis_tris_diffuse.png	1.0 1.0	0.19172 0.96079	0.18069 0.94729	0.18069 0.97431
oolite_coriolis_tris_diffuse.png	1.0 1.0	0.99514 0.95741	0.99514 0.09161	0.74520 0.09161
oolite_coriolis_tris_diffuse.png	1.0 1.0	0.50858 0.88154	0.75851 0.01573	0.25864 0.01573
oolite_coriolis_tris_diffuse.png	1.0 1.0	0.75851 0.01573	0.25864 0.01573	0.50858 0.88154
oolite_coriolis_tris_diffuse.png	1.0 1.0	0.19350 0.96079	0.20453 0.97431	0.20453 0.94729
oolite_coriolis_tris_diffuse.png	1.0 1.0	0.27512 0.97431	0.27512 0.94729	0.26409 0.96079
oolite_coriolis_tris_diffuse.png	1.0 1.0	0.31055 0.96079	0.32158 0.97431	0.32158 0.94729
oolite_coriolis_tris_diffuse.png	1.0 1.0	0.00389 0.03430	0.00389 0.90011	0.25383 0.03430
oolite_coriolis_tris_diffuse.png	1.0 1.0	0.22803 0.94729	0.22803 0.97431	0.23906 0.96079
oolite_coriolis_tris_diffuse.png	1.0 1.0	0.49532 0.98497	0.99520 0.98497	0.74526 0.11916
oolite_coriolis_tris_diffuse.png	1.0 1.0	0.26256 0.96079	0.25153 0.94729	0.25153 0.97431
oolite_coriolis_tris_diffuse.png	1.0 1.0	0.32158 0.94729	0.32158 0.97431	0.33260 0.96079
oolite_coriolis_tris_diffuse.png	1.0 1.0	0.29828 0.94729	0.29828 0.97431	0.30931 0.96079
oolite_coriolis_tris_diffuse.png	1.0 1.0	0.74520 0.09161	0.99514 0.95741	0.99514 0.09161
oolite_coriolis_tris_diffuse.png	1.0 1.0	0.15715 0.94729	0.14612 0.96079	0.15715 0.97431
oolite_coriolis_tris_diffuse.png	1.0 1.0	0.18069 0.94729	0.16966 0.96079	0.18069 0.97431
oolite_coriolis_tris_diffuse.png	1.0 1.0	0.00389 0.90011	0.25383 0.03430	0.00389 0.03430
oolite_coriolis_tris_diffuse.png	1.0 1.0	0.20453 0.94729	0.20453 0.97431	0.21556 0.96079
oolite_coriolis_tris_diffuse.png	1.0 1.0	0.25153 0.97431	0.25153 0.94729	0.24050 0.96079
oolite_coriolis_tris_diffuse.png	1.0 1.0	0.21700 0.96079	0.22803 0.97431	0.22803 0.94729

END
