// Converted by Obj2DatTexNorm.py Wavefront OBJ file conversion script
// (c) 2005-2013 By Giles Williams and Jens Ayton
// 
// original file: "Transporter.obj"
// 
// model size: 30.228 x 11.839 x 43.287
// 
// materials used: ['Hull']
// 
NVERTS 897
NFACES 606

VERTEX
-1.06957 5.04862 -18.3496
-1.06957 5.04862 -16.5242
-1.44763 5.04862 -17.4369
-0.346 5.04862 -18.7277
-0.346 5.04862 -16.1461
-0.346 4.23995 -20.5866
-0.25874 4.06543 -18.8959
-0.346 4.23995 -18.8959
-0.25874 4.06543 -20.5866
0.25875 4.06543 -18.8959
0.346 4.23995 -20.5866
0.346 4.23995 -18.8959
0.25875 4.06543 -20.5866
0.346 5.04862 -18.7277
1.06957 5.04862 -18.3496
1.06957 5.04862 -16.5242
0.346 5.04862 -16.1461
1.44763 5.04862 -17.4369
-3.68536 0.66558 -21.6435
-5.19954 -0.96652 -20.0795
-5.19954 -0.96652 -21.6435
-2.46506 1.30761 -20.5866
-8.5553 -1.06799 -20.5866
-2.46506 1.30761 -20.0795
-3.68536 0.66558 -20.0795
-13.1363 -1.42496 -20.5866
-14.7048 -5.5204 -16.1231
-14.7048 -5.5204 -20.5866
-8.5553 -1.06799 -20.0795
-4.18751 -2.69824 -21.6435
-3.05466 -3.89018 -19.6977
-4.18751 -2.69824 -19.6977
-3.05466 -3.89018 -21.6435
-4.18751 -1.24771 -19.6977
-3.08511 -0.05946 -21.6435
-4.18751 -1.24771 -21.6435
-3.08511 -0.05946 -19.6977
3.08511 -0.05946 -19.6977
4.18751 -1.24771 -19.6977
3.08511 -0.05946 -21.6435
4.18751 -2.69824 -21.6435
3.05466 -3.89018 -19.6977
3.05466 -3.89018 -21.6435
4.18751 -2.69824 -19.6977
4.18751 -1.24771 -21.6435
5.19954 -0.96652 -21.6435
5.19954 -2.98215 -20.0795
5.19954 -0.96652 -20.0795
5.19954 -2.98215 -21.6435
8.5553 -1.06799 -20.0795
8.5553 -4.77529 -20.5866
8.5553 -1.06799 -20.5866
13.1363 -1.42496 -20.5866
14.7048 -5.5204 -16.1231
13.1363 -1.42496 -16.1231
-14.2257 -5.91965 -20.5866
14.2257 -5.91965 2.92749
14.2257 -5.91965 -20.5866
-3.64744 -4.61521 -21.6435
3.64744 -4.61521 -20.0795
3.64744 -4.61521 -21.6435
-3.64744 -4.61521 -20.0795
8.5553 -4.77529 -20.0795
14.7048 -5.5204 -20.5866
-2.32711 3.17241 -15.8017
-13.5181 -1.09774 -15.8017
-2.53767 2.56239 -16.1231
-2.18622 3.01518 -13.9711
-1.7863 4.08998 -13.9711
-2.18622 3.01518 -11.7436
-1.7863 4.08998 -11.7436
-1.25397 4.08998 -13.9711
-1.079 4.23995 -11.5686
-1.25397 4.08998 -11.7436
-1.079 4.23995 -14.146
-0.25874 4.06543 -15.9779
-0.346 4.23995 -8.03571
-0.346 4.23995 -15.9779
-0.25874 4.06543 -8.03571
1.26655 4.08998 -13.9711
1.09159 4.23995 -11.5686
1.09159 4.23995 -14.146
1.26655 4.08998 -11.7436
1.79888 4.08998 -11.7436
2.32971 3.17241 -11.5686
1.97385 4.23995 -11.5686
2.19881 3.01518 -11.7436
2.32971 3.17241 -14.146
4.52336 2.14035 -13.9711
2.19881 3.01518 -13.9711
4.87568 2.20552 -14.146
-4.51078 2.14035 -13.9711
-4.86309 2.20552 -11.5686
-4.86309 2.20552 -14.146
-4.51078 2.14035 -11.7436
-13.1363 -1.42496 -16.1231
2.53768 2.56239 -16.1231
13.5181 -1.09774 -15.8017
2.32971 3.17241 -15.8017
-13.1363 -1.42496 -16.1231
13.1363 -1.42496 -16.1231
13.5181 -1.09774 -15.8017
15.1141 -5.19448 -9.90347
13.5181 -1.09774 -9.90347
15.1141 -5.19448 -15.8017
-1.06957 5.04862 -7.48944
-1.06957 5.04862 -5.66401
-1.44763 5.04862 -6.57673
-0.346 5.04862 -5.28596
-0.346 5.04862 -7.8675
0.346 5.04862 -7.8675
0.346 5.04862 -5.28596
1.06957 5.04862 -5.66401
1.06957 5.04862 -7.48944
1.44763 5.04862 -6.57673
2.32971 3.17241 -9.90347
13.5181 -1.09774 -9.90347
2.53768 2.56239 -9.53025
-2.53767 2.56239 -9.53025
-13.1363 -1.42496 -3.64306
-13.1363 -1.42496 -9.53025
-13.1363 -1.42496 -9.53025
-15.1141 -5.19448 -9.90347
-13.5181 -1.09774 -9.90347
13.1363 -1.42496 -9.53025
-14.7048 -5.5204 -9.53025
-2.18622 3.01518 -1.51511
-4.51078 2.14035 -1.51511
-2.31943 3.17241 -1.69008
-4.86309 2.20552 -1.69007
-1.25397 4.08998 -1.51511
-1.25397 4.08998 0.71239
-1.7863 4.08998 -1.51511
-1.079 4.23995 -1.69007
-1.079 4.23995 0.88736
-1.25397 4.08998 -1.51511
0.25875 4.06543 -5.11774
0.346 4.23995 6.94838
0.25875 4.06543 6.86113
0.346 4.23995 -5.11774
1.79888 4.08998 -1.51511
1.26655 4.08998 0.71239
1.26655 4.08998 -1.51511
1.79888 4.08998 0.71239
2.32971 3.17241 -1.69007
4.52336 2.14035 -1.51511
2.19881 3.01518 -1.51511
4.87568 2.20552 -1.69007
-2.53767 2.56239 -3.64306
-13.5181 -1.09774 -3.34573
-15.1141 -5.19448 -3.34573
-13.1363 -1.42496 -3.64306
13.1363 -1.42496 -3.64306
15.1141 -5.19448 -3.34573
13.5181 -1.09774 -3.34573
14.7048 -5.5204 -3.64306
13.5181 -1.09774 -3.34573
15.1141 -5.19448 2.52572
13.5181 -1.09774 2.52572
-14.7048 -5.5204 -3.64306
-2.31802 3.17241 0.88735
-1.7863 4.08998 0.71239
-1.96127 4.23995 0.88736
-2.18622 3.01518 0.71239
-1.7863 4.08998 0.71239
1.79888 4.08998 0.71239
2.32971 3.17241 0.88736
1.97385 4.23995 0.88736
2.19881 3.01518 0.71239
2.32971 3.17241 2.52572
13.5181 -1.09774 2.52572
2.64857 2.66576 2.83118
-2.63599 2.66576 2.83118
-13.5181 -1.09774 2.52572
-2.31713 3.17241 2.52572
-13.1237 -1.42496 2.92749
-13.1237 -1.42496 2.92749
-12.8736 -1.53422 6.94615
-14.7048 -5.5204 2.92749
13.1363 -1.42496 2.92749
-14.2257 -5.91965 2.92749
13.9609 -5.91965 6.94838
14.7048 -5.5204 2.92749
14.7048 -5.5204 2.92749
12.8736 -1.53422 6.94615
13.1363 -1.42496 2.92749
14.44 -5.5204 6.94838
-1.1426 3.80078 8.12615
-1.1426 3.16635 8.12615
-1.30626 3.16635 9.82758
-0.38988 3.18243 8.85455
-0.34724 2.95289 9.01217
-0.41627 3.16635 9.82758
1.09024 4.66779 5.77923
1.55766 4.66779 6.11884
1.20058 4.66779 6.11884
1.66801 4.66779 5.77923
1.37912 4.66779 5.56935
1.30592 5.91965 5.97434
1.37912 5.91965 5.74905
1.45232 5.91965 5.97434
1.1426 3.80078 8.12615
1.30626 3.16635 9.82758
1.1426 3.16635 8.12615
1.26068 5.91965 5.8351
1.49756 5.91965 5.8351
-0.34724 2.56239 11.4473
-0.34852 2.3022 11.3896
-14.44 -5.5204 6.94838
12.8736 -1.53422 6.94615
2.79965 -1.41744 19.4089
2.79965 2.20204 11.3707
-13.9609 -5.91965 6.94838
2.56712 -5.91965 21.0067
-2.78706 2.20204 11.3707
-2.79964 -1.41744 19.4089
-12.8736 -1.53422 6.94615
0.34725 2.56239 11.4473
0.27156 -0.40554 17.6765
0.30322 2.3022 11.3896
0.31035 -0.35256 17.8297
2.53768 -1.62206 19.8842
2.79965 -5.5204 21.2848
2.53768 -5.5204 21.6435
2.53768 -1.16499 19.6086
2.79965 -1.41744 19.4089
-2.53767 -5.5204 21.6435
-2.59501 -5.91965 21.0067
-2.79964 -5.5204 21.2848
-2.59501 -5.91965 21.0067
-0.25874 4.06543 -20.5866
0.25875 4.06543 -18.8959
-0.25874 4.06543 -18.8959
0.25875 4.06543 -20.5866
-2.53767 2.56239 -20.5866
-13.1363 -1.42496 -16.1231
-13.1363 -1.42496 -20.5866
2.53768 2.56239 -20.5866
13.1363 -1.42496 -16.1231
2.53768 2.56239 -16.1231
3.68536 0.66558 -21.6435
5.19954 -0.96652 -20.0795
3.68536 0.66558 -20.0795
5.19954 -0.96652 -21.6435
2.46506 1.30761 -20.0795
8.5553 -1.06799 -20.5866
2.46506 1.30761 -20.5866
-4.18751 -2.69824 -21.6435
-4.18751 -2.69824 -19.6977
-4.18751 -1.24771 -21.6435
-4.18751 -1.24771 -19.6977
-3.08511 -0.05946 -19.6977
3.08511 -0.05946 -21.6435
-3.08511 -0.05946 -21.6435
3.08511 -0.05946 -19.6977
4.18751 -2.69824 -21.6435
4.18751 -1.24771 -21.6435
4.18751 -2.69824 -19.6977
4.18751 -1.24771 -19.6977
8.5553 -1.06799 -20.0795
13.1363 -1.42496 -20.5866
-8.5553 -4.77529 -20.5866
8.5553 -4.77529 -20.5866
-8.5553 -4.77529 -20.0795
8.5553 -4.77529 -20.0795
-5.19954 -2.98215 -20.0795
-3.64744 -4.61521 -20.0795
-5.19954 -2.98215 -21.6435
-3.64744 -4.61521 -21.6435
-3.05466 -3.89018 -21.6435
3.05466 -3.89018 -21.6435
-3.05466 -3.89018 -19.6977
3.05466 -3.89018 -19.6977
3.64744 -4.61521 -20.0795
5.19954 -2.98215 -21.6435
3.64744 -4.61521 -21.6435
5.19954 -2.98215 -20.0795
-2.18622 3.01518 -13.9711
-4.51078 2.14035 -13.9711
-2.32621 3.17241 -14.146
-4.86309 2.20552 -14.146
-1.96127 4.23995 -14.146
-1.079 4.23995 -14.146
-1.7863 4.08998 -13.9711
-2.3248 3.17241 -11.5686
-2.18622 3.01518 -11.7436
-1.7863 4.08998 -11.7436
-1.96127 4.23995 -11.5686
-1.25397 4.08998 -13.9711
0.25875 4.06543 -15.9779
-0.25874 4.06543 -8.03571
-0.25874 4.06543 -15.9779
0.25875 4.06543 -8.03571
1.26655 4.08998 -11.7436
1.79888 4.08998 -11.7436
1.09159 4.23995 -11.5686
1.96127 4.23995 -14.146
2.32971 3.17241 -14.146
1.79888 4.08998 -13.9711
2.19881 3.01518 -13.9711
1.97385 4.23995 -11.5686
-2.53767 2.56239 -16.1231
4.52336 2.14035 -13.9711
4.87568 2.20552 -11.5686
4.52336 2.14035 -11.7436
4.87568 2.20552 -14.146
-13.5181 -1.09774 -15.8017
-15.1141 -5.19448 -15.8017
-13.1363 -1.42496 -16.1231
13.1363 -1.42496 -16.1231
15.1141 -5.19448 -15.8017
13.5181 -1.09774 -15.8017
14.7048 -5.5204 -16.1231
-14.7048 -5.5204 -16.1231
-2.53767 2.56239 -9.53025
-13.5181 -1.09774 -9.90347
-2.3239 3.17241 -9.90347
-13.1363 -1.42496 -9.53025
-13.1363 -1.42496 -9.53025
-14.7048 -5.5204 -3.64306
-14.7048 -5.5204 -9.53025
13.5181 -1.09774 -9.90347
15.1141 -5.19448 -9.90347
13.1363 -1.42496 -9.53025
14.7048 -5.5204 -9.53025
-2.32033 3.17241 -3.34574
-13.5181 -1.09774 -3.34573
-2.53767 2.56239 -3.64306
-1.7863 4.08998 -1.51511
-1.079 4.23995 -1.69007
-1.25397 4.08998 -1.51511
-1.96127 4.23995 -1.69007
-1.7863 4.08998 -1.51511
-2.18622 3.01518 0.71239
-2.18622 3.01518 -1.51511
-1.7863 4.08998 0.71239
-1.079 4.23995 0.88736
-1.25397 4.08998 0.71239
0.25875 4.06543 -5.11774
-0.25874 4.06543 6.86113
-0.25874 4.06543 -5.11774
0.25875 4.06543 6.86113
1.79888 4.08998 -1.51511
2.32971 3.17241 -1.69007
2.19881 3.01518 -1.51511
1.96127 4.23995 -1.69007
-4.51078 2.14035 -1.51511
-4.86309 2.20552 0.88736
-4.86309 2.20552 -1.69007
2.53768 2.56239 -3.64306
13.5181 -1.09774 -3.34573
2.32971 3.17241 -3.34573
4.52336 2.14035 -1.51511
4.87568 2.20552 0.88736
4.52336 2.14035 0.71239
4.87568 2.20552 -1.69007
-13.1363 -1.42496 -3.64306
-13.5181 -1.09774 -3.34573
-15.1141 -5.19448 2.52572
-15.1141 -5.19448 -3.34573
-13.1363 -1.42496 -3.64306
13.1363 -1.42496 -3.64306
-1.7863 4.08998 0.71239
-1.96127 4.23995 0.88736
1.26655 4.08998 0.71239
1.79888 4.08998 0.71239
1.09159 4.23995 0.88736
1.97385 4.23995 0.88736
-4.51078 2.14035 0.71239
-2.63599 2.66576 2.83118
-12.8736 -1.53422 6.94615
-13.1237 -1.42496 2.92749
-2.78706 2.20204 11.3707
-13.5181 -1.09774 2.52572
13.5181 -1.09774 2.52572
15.1141 -5.19448 2.52572
13.1363 -1.42496 2.92749
14.7048 -5.5204 2.92749
13.1363 -1.42496 2.92749
12.8736 -1.53422 6.94615
2.64857 2.66576 2.83118
-1.1426 3.80078 8.12615
1.1426 3.80078 8.12615
-1.1426 3.16635 8.12615
1.1426 3.16635 8.12615
1.37912 4.66772 5.74905
1.37912 5.91965 5.74905
1.26068 4.66772 5.8351
1.49756 5.91965 5.8351
1.49756 4.66772 5.8351
1.45232 4.66772 5.97434
1.09024 4.23721 5.77923
1.20058 4.66779 6.11884
1.20058 4.23721 6.11884
1.37912 4.66779 5.56935
1.09024 4.66779 5.77923
1.37912 4.23721 5.56935
1.55766 4.66779 6.11884
1.55766 4.23721 6.11884
1.30592 4.66772 5.97434
1.30592 5.91965 5.97434
1.45232 5.91965 5.97434
1.26068 5.91965 5.8351
0.38988 3.18243 8.85455
-0.34724 2.95289 9.01217
-0.38988 3.18243 8.85455
0.34724 2.95289 9.01217
1.66801 4.66779 5.77923
1.66801 4.23721 5.77923
2.79965 2.20204 11.3707
14.44 -5.5204 6.94838
2.79965 -1.41744 19.4089
12.8736 -1.53422 6.94615
2.79965 -5.5204 21.2848
-0.34724 2.56239 11.4473
-0.31035 -0.40554 17.6765
-0.34915 -0.35256 17.8297
-0.34852 2.3022 11.3896
2.53768 2.56239 11.4473
2.79965 -1.41744 19.4089
2.53768 -1.16499 19.6086
2.79965 2.20204 11.3707
-2.53767 -1.16499 19.6086
-2.53767 -1.62206 19.8842
-2.79964 -1.41744 19.4089
-2.79964 -5.5204 21.2848
-2.53767 -5.5204 21.6435
2.53768 -5.5204 21.6435
2.79965 -5.5204 21.2848
2.56712 -5.91965 21.0067
-1.96127 4.23995 -20.5866
-2.32971 3.17241 -20.5866
-0.346 4.23995 -20.5866
-1.18852 4.80879 -16.4053
-1.18852 4.23995 -16.4053
-1.61585 4.23995 -17.4369
-0.346 4.80879 -15.9779
-1.61585 4.80879 -17.4369
-1.18852 4.80879 -18.4686
-1.18852 4.23995 -18.4686
-0.346 4.23995 -15.9779
-1.06957 5.04862 -18.3496
-1.44763 5.04862 -17.4369
-1.06957 5.04862 -16.5242
-0.346 4.80879 -18.8959
-0.346 5.04862 -18.7277
0.346 4.80879 -18.8959
0.346 5.04862 -18.7277
-0.346 4.23995 -18.8959
-0.25874 4.06543 -20.5866
-0.25874 4.06543 -18.8959
0.346 4.23995 -18.8959
0.25875 4.06543 -20.5866
2.32971 3.17241 -20.5866
2.53768 2.56239 -20.5866
0.25875 4.06543 -18.8959
0.346 4.23995 -20.5866
1.18852 4.23995 -18.4686
1.96127 4.23995 -20.5866
1.06957 5.04862 -18.3496
1.18852 4.80879 -18.4686
1.18852 4.80879 -16.4053
1.61585 4.23995 -17.4369
1.18852 4.23995 -16.4053
0.346 4.80879 -15.9779
1.06957 5.04862 -16.5242
1.61585 4.80879 -17.4369
0.346 5.04862 -16.1461
1.44763 5.04862 -17.4369
0.346 4.23995 -15.9779
-3.68536 0.66558 -21.6435
3.68536 0.66558 -21.6435
-3.68536 0.66558 -20.0795
-2.46506 1.30761 -20.5866
2.46506 1.30761 -20.5866
-2.53767 2.56239 -20.5866
3.68536 0.66558 -20.0795
-8.5553 -1.06799 -20.5866
8.5553 -1.06799 -20.5866
-13.1363 -1.42496 -20.5866
-8.5553 -4.77529 -20.5866
-5.19954 -0.96652 -20.0795
-5.19954 -2.98215 -20.0795
-5.19954 -0.96652 -21.6435
-4.18751 -1.24771 -19.6977
4.18751 -1.24771 -19.6977
-3.08511 -0.05946 -19.6977
-4.18751 -2.69824 -19.6977
4.18751 -2.69824 -19.6977
3.05466 -3.89018 -19.6977
3.08511 -0.05946 -19.6977
13.1363 -1.42496 -20.5866
8.5553 -4.77529 -20.5866
-14.7048 -5.5204 -20.5866
-14.2257 -5.91965 -20.5866
14.2257 -5.91965 -20.5866
-5.19954 -2.98215 -21.6435
-3.05466 -3.89018 -19.6977
14.7048 -5.5204 -20.5866
-2.32621 3.17241 -14.146
-1.7863 4.08998 -13.9711
-2.18622 3.01518 -13.9711
-1.96127 4.23995 -14.146
-2.3248 3.17241 -11.5686
-4.51078 2.14035 -11.7436
-2.18622 3.01518 -11.7436
-4.86309 2.20552 -11.5686
-1.7863 4.08998 -11.7436
-1.079 4.23995 -11.5686
-1.96127 4.23995 -11.5686
-1.7863 4.08998 -13.9711
-1.25397 4.08998 -11.7436
-1.25397 4.08998 -13.9711
-0.346 5.04862 -16.1461
-0.25874 4.06543 -15.9779
0.25875 4.06543 -15.9779
0.25875 4.06543 -15.9779
0.346 4.23995 -8.03571
0.25875 4.06543 -8.03571
1.26655 4.08998 -13.9711
1.79888 4.08998 -13.9711
1.26655 4.08998 -11.7436
1.79888 4.08998 -11.7436
2.19881 3.01518 -11.7436
2.19881 3.01518 -13.9711
4.52336 2.14035 -11.7436
4.52336 2.14035 -13.9711
2.32971 3.17241 -15.8017
4.87568 2.20552 -14.146
2.32971 3.17241 -14.146
13.5181 -1.09774 -15.8017
4.87568 2.20552 -11.5686
2.32971 3.17241 -9.90347
2.32971 3.17241 -11.5686
13.5181 -1.09774 -9.90347
-13.5181 -1.09774 -15.8017
-15.1141 -5.19448 -9.90347
-15.1141 -5.19448 -15.8017
14.7048 -5.5204 -16.1231
15.1141 -5.19448 -9.90347
15.1141 -5.19448 -15.8017
-1.44763 5.04862 -6.57673
-1.06957 5.04862 -5.66401
-1.61585 4.80879 -6.57673
-1.06957 5.04862 -7.48944
-1.18852 4.80879 -7.60839
-1.18852 4.80879 -5.54507
-1.61585 4.23995 -6.57673
-1.18852 4.23995 -7.60839
-0.346 4.80879 -8.03571
-0.346 5.04862 -7.8675
-1.18852 4.23995 -5.54507
-0.346 4.80879 -5.11774
-0.346 4.23995 -8.03571
0.346 4.80879 -8.03571
0.346 5.04862 -7.8675
-0.25874 4.06543 -8.03571
1.06957 5.04862 -5.66401
1.61585 4.80879 -6.57673
1.18852 4.80879 -5.54507
0.346 4.80879 -5.11774
0.346 5.04862 -5.28596
1.06957 5.04862 -7.48944
1.18852 4.80879 -7.60839
1.18852 4.23995 -7.60839
1.44763 5.04862 -6.57673
1.61585 4.24363 -6.57673
1.18852 4.23995 -5.54507
2.53768 2.56239 -9.53025
13.1363 -1.42496 -3.64306
2.53768 2.56239 -3.64306
-13.5181 -1.09774 -9.90347
13.1363 -1.42496 -9.53025
14.7048 -5.5204 -9.53025
-2.31943 3.17241 -1.69008
-1.7863 4.08998 -1.51511
-2.18622 3.01518 -1.51511
-1.96127 4.23995 -1.69007
-0.25874 4.06543 -5.11774
0.346 4.23995 -5.11774
0.25875 4.06543 -5.11774
-0.346 5.04862 -5.28596
-0.346 4.23995 -5.11774
1.079 4.23995 -1.69007
1.96127 4.23995 -1.69007
1.26655 4.08998 -1.51511
1.79888 4.08998 -1.51511
1.79888 4.08998 -1.51511
2.19881 3.01518 0.71239
1.79888 4.08998 0.71239
2.19881 3.01518 -1.51511
-2.31802 3.17241 0.88735
-4.51078 2.14035 0.71239
-2.18622 3.01518 0.71239
-4.86309 2.20552 0.88736
2.19881 3.01518 0.71239
4.52336 2.14035 0.71239
2.32971 3.17241 0.88736
4.87568 2.20552 0.88736
-13.1237 -1.42496 2.92749
-15.1141 -5.19448 2.52572
-13.5181 -1.09774 2.52572
-14.7048 -5.5204 2.92749
-1.30626 3.16635 9.82758
-0.38988 3.18243 8.85455
-0.41627 3.16635 9.82758
-1.1426 3.16635 8.12615
1.1426 3.16635 8.12615
0.38988 3.18243 8.85455
1.30626 3.16635 9.82758
0.41627 3.16635 9.82758
0.34724 2.95289 9.01217
-0.34852 2.3022 11.3896
-0.34724 2.95289 9.01217
0.30322 2.3022 11.3896
-12.8736 -1.53422 6.94615
-2.79964 -1.41744 19.4089
-14.44 -5.5204 6.94838
-2.79964 -5.5204 21.2848
-0.31035 -0.40554 17.6765
0.31035 -0.35256 17.8297
-0.34915 -0.35256 17.8297
0.27156 -0.40554 17.6765
-2.53767 -5.5204 21.6435
2.56712 -5.91965 21.0067
-2.59501 -5.91965 21.0067
2.53768 -5.5204 21.6435
-1.96127 4.23995 -20.5866
-1.96127 4.23995 -14.146
-2.32971 3.17241 -20.5866
-2.32621 3.17241 -14.146
-2.32971 3.17241 -20.5866
-2.53767 2.56239 -16.1231
-2.53767 2.56239 -20.5866
2.32971 3.17241 -20.5866
1.96127 4.23995 -14.146
1.96127 4.23995 -20.5866
2.32971 3.17241 -14.146
2.32971 3.17241 -20.5866
2.53768 2.56239 -16.1231
2.32971 3.17241 -15.8017
-3.68536 0.66558 -21.6435
3.08511 -0.05946 -21.6435
3.68536 0.66558 -21.6435
-2.46506 1.30761 -20.0795
2.46506 1.30761 -20.0795
-2.46506 1.30761 -20.5866
2.46506 1.30761 -20.5866
2.53768 2.56239 -20.5866
-8.5553 -1.06799 -20.5866
-8.5553 -4.77529 -20.5866
-8.5553 -1.06799 -20.0795
-5.19954 -0.96652 -21.6435
-4.18751 -1.24771 -21.6435
-5.19954 -2.98215 -21.6435
-4.18751 -2.69824 -21.6435
-3.08511 -0.05946 -21.6435
4.18751 -1.24771 -21.6435
4.18751 -2.69824 -21.6435
5.19954 -0.96652 -21.6435
5.19954 -2.98215 -21.6435
-14.7048 -5.5204 -20.5866
-14.2257 -5.91965 -16.1231
-14.2257 -5.91965 -20.5866
-14.7048 -5.5204 -16.1231
-8.5553 -4.77529 -20.0795
-3.64744 -4.61521 -21.6435
-3.05466 -3.89018 -21.6435
3.64744 -4.61521 -21.6435
3.05466 -3.89018 -21.6435
14.2257 -5.91965 -20.5866
14.2257 -5.91965 -16.1231
14.7048 -5.5204 -20.5866
-2.32711 3.17241 -15.8017
-2.18622 3.01518 -13.9711
-4.51078 2.14035 -11.7436
-4.51078 2.14035 -13.9711
-2.3248 3.17241 -11.5686
-1.96127 4.23995 -1.69007
-2.31943 3.17241 -1.69008
-2.18622 3.01518 -11.7436
-1.96127 4.23995 -11.5686
1.09159 4.23995 -14.146
1.96127 4.23995 -14.146
1.26655 4.08998 -13.9711
1.79888 4.08998 -13.9711
2.19881 3.01518 -11.7436
4.52336 2.14035 -11.7436
2.32971 3.17241 -11.5686
4.87568 2.20552 -11.5686
-14.7048 -5.5204 -9.53025
-14.2257 -5.91965 -9.53025
-15.1141 -5.19448 -15.8017
-15.1141 -5.19448 -9.90347
14.7048 -5.5204 -16.1231
14.7048 -5.5204 -9.53025
-2.3239 3.17241 -9.90347
-2.32033 3.17241 -3.34574
-2.53767 2.56239 -9.53025
-14.2257 -5.91965 -3.64306
-14.7048 -5.5204 -3.64306
14.2257 -5.91965 -9.53025
14.2257 -5.91965 -3.64306
-2.53767 2.56239 -3.64306
-2.18622 3.01518 -1.51511
-4.51078 2.14035 0.71239
-4.51078 2.14035 -1.51511
1.079 4.23995 -1.69007
1.26655 4.08998 0.71239
1.09159 4.23995 0.88736
1.26655 4.08998 -1.51511
2.19881 3.01518 -1.51511
4.52336 2.14035 0.71239
2.19881 3.01518 0.71239
2.32971 3.17241 -3.34573
4.87568 2.20552 -1.69007
2.32971 3.17241 -1.69007
13.5181 -1.09774 -3.34573
4.52336 2.14035 -1.51511
4.87568 2.20552 0.88736
13.5181 -1.09774 2.52572
-15.1141 -5.19448 -3.34573
-15.1141 -5.19448 2.52572
-14.7048 -5.5204 2.92749
14.7048 -5.5204 -3.64306
14.7048 -5.5204 2.92749
14.2257 -5.91965 2.92749
-2.18622 3.01518 0.71239
2.32971 3.17241 0.88736
2.32971 3.17241 2.52572
-14.2257 -5.91965 2.92749
-14.44 -5.5204 6.94838
14.44 -5.5204 6.94838
0.41627 3.16635 9.82758
0.34724 2.95289 9.01217
0.38988 3.18243 8.85455
0.34725 2.56239 11.4473
0.30322 2.3022 11.3896
-13.9609 -5.91965 6.94838
-2.79964 -5.5204 21.2848
13.9609 -5.91965 6.94838
2.79965 -5.5204 21.2848
0.30322 2.3022 11.3896
-0.31035 -0.40554 17.6765
-0.34852 2.3022 11.3896
0.27156 -0.40554 17.6765
-2.53767 -1.16499 19.6086
2.53768 -1.62206 19.8842
-2.53767 -1.62206 19.8842
2.53768 -1.16499 19.6086
2.53768 -5.5204 21.6435
-2.53767 -5.5204 21.6435
-2.59501 -5.91965 21.0067
2.56712 -5.91965 21.0067
-2.46506 1.30761 -20.0795
-8.5553 -1.06799 -20.0795
-3.68536 0.66558 -20.0795
2.46506 1.30761 -20.0795
3.68536 0.66558 -20.0795
8.5553 -1.06799 -20.0795
-5.19954 -0.96652 -20.0795
-8.5553 -4.77529 -20.0795
5.19954 -0.96652 -20.0795
5.19954 -2.98215 -20.0795
3.64744 -4.61521 -20.0795
-5.19954 -2.98215 -20.0795
-3.64744 -4.61521 -20.0795
8.5553 -4.77529 -20.0795
-2.32621 3.17241 -14.146
-4.86309 2.20552 -14.146
-2.32711 3.17241 -15.8017
-2.3248 3.17241 -11.5686
-2.3239 3.17241 -9.90347
-4.86309 2.20552 -11.5686
-13.5181 -1.09774 -15.8017
-13.5181 -1.09774 -9.90347
13.1363 -1.42496 -9.53025
14.7048 -5.5204 -3.64306
13.1363 -1.42496 -3.64306
14.7048 -5.5204 -9.53025
-2.31943 3.17241 -1.69008
-4.86309 2.20552 -1.69007
-2.32033 3.17241 -3.34574
-13.5181 -1.09774 -3.34573
-4.86309 2.20552 0.88736
-2.31713 3.17241 2.52572
-2.31802 3.17241 0.88735
-13.5181 -1.09774 2.52572
-1.96127 4.23995 -20.5866
-1.18852 4.23995 -18.4686
-1.61585 4.23995 -17.4369
-0.346 4.23995 -18.8959
-1.96127 4.23995 -14.146
-1.079 4.23995 -14.146
-1.18852 4.23995 -16.4053
-0.346 4.23995 -15.9779
-0.346 4.23995 -20.5866
0.346 4.23995 -18.8959
1.96127 4.23995 -20.5866
1.18852 4.23995 -18.4686
0.346 4.23995 -20.5866
1.61585 4.23995 -17.4369
1.18852 4.23995 -16.4053
1.96127 4.23995 -14.146
1.09159 4.23995 -14.146
0.346 4.23995 -8.03571
0.346 4.23995 -15.9779
-1.96127 4.23995 -11.5686
-1.18852 4.23995 -7.60839
-1.61585 4.23995 -6.57673
-1.079 4.23995 -11.5686
-0.346 4.23995 -8.03571
1.09159 4.23995 -11.5686
1.18852 4.23995 -7.60839
1.61585 4.24363 -6.57673
1.97385 4.23995 -11.5686
1.96127 4.23995 -1.69007
2.32971 3.17241 -11.5686
2.32971 3.17241 -1.69007
-1.96127 4.23995 -1.69007
-1.18852 4.23995 -5.54507
-0.346 4.23995 -5.11774
1.18852 4.23995 -5.54507
0.346 4.23995 -5.11774
2.53768 2.56239 -9.53025
2.32971 3.17241 -3.34573
2.32971 3.17241 -9.90347
2.53768 2.56239 -3.64306
-1.07685 4.23995 -1.70015
-0.346 4.23995 -1.70015
-1.079 4.23995 -1.69007
-1.079 4.23995 0.88736
-0.346 4.23995 6.94838
-0.25874 4.06543 -5.11774
-0.346 4.23995 6.94838
-0.346 4.23995 -5.11774
-0.25874 4.06543 6.86113
1.07685 4.23995 -1.70015
0.346 4.23995 -1.70015
1.079 4.23995 -1.69007
1.09159 4.23995 0.88736
-2.31713 3.17241 2.52572
-2.52509 2.56239 11.4473
-2.63599 2.66576 2.83118
-1.96127 4.23995 6.94838
-2.31802 3.17241 0.88735
-1.96127 4.23995 0.88736
-1.96127 4.23995 0.88736
-1.96127 4.23995 6.94838
0.346 4.23995 6.94838
1.97385 4.23995 0.88736
2.32971 3.17241 0.88736
2.32971 3.17241 2.52572
1.97385 4.23995 0.88736
1.96127 4.23995 6.94838
2.53768 2.56239 11.4473
-2.78706 2.20204 11.3707
2.64857 2.66576 2.83118
2.79965 2.20204 11.3707
-2.10891 3.80065 8.12651
-1.30626 3.16635 9.82758
-2.32221 3.16602 9.82845
-1.1426 3.80078 8.12615
-2.52509 2.56239 11.4473
-0.41627 3.16635 9.82758
-0.34724 2.56239 11.4473
-1.96127 4.23995 6.94838
2.11216 3.80078 8.12615
-2.10891 3.80065 8.12651
1.96127 4.23995 6.94838
1.1426 3.80078 8.12615
2.11216 3.80078 8.12615
1.30626 3.16635 9.82758
1.96127 4.23995 6.94838
0.34725 2.56239 11.4473
0.41627 3.16635 9.82758
2.33015 3.16635 9.82758
2.53768 2.56239 11.4473
-2.52509 2.56239 11.4473
-2.79964 -1.41744 19.4089
-2.78706 2.20204 11.3707
-2.53767 -1.16499 19.6086
-0.34724 2.56239 11.4473
-0.34915 -0.35256 17.8297
-2.53493 -0.35256 17.8297
0.34725 2.56239 11.4473
2.53768 2.56239 11.4473
2.53768 -0.35256 17.8297
-2.53767 -1.16499 19.6086
-2.53493 -0.35256 17.8297
2.53768 -1.16499 19.6086
-2.52509 2.56239 11.4473
0.31035 -0.35256 17.8297
-0.25874 4.06543 6.86113
0.346 4.23995 6.94838
-0.346 4.23995 6.94838
0.25875 4.06543 6.86113

FACES
0 0 0	0 0 0	3	0 1 2
0 0 0	0 0 0	3	3 1 0
0 0 0	0 0 0	3	3 4 1
0 0 0	0 0 0	3	5 6 7
0 0 0	0 0 0	3	8 6 5
0 0 0	0 0 0	3	9 10 11
0 0 0	0 0 0	3	12 10 9
0 0 0	0 0 0	3	13 14 15
0 0 0	0 0 0	3	13 4 3
0 0 0	0 0 0	3	13 16 4
0 0 0	0 0 0	3	15 14 17
0 0 0	0 0 0	3	15 16 13
0 0 0	0 0 0	3	18 19 20
0 0 0	0 0 0	3	21 22 23
0 0 0	0 0 0	3	24 19 18
0 0 0	0 0 0	3	25 26 27
0 0 0	0 0 0	3	22 28 23
0 0 0	0 0 0	3	29 30 31
0 0 0	0 0 0	3	29 32 30
0 0 0	0 0 0	3	33 34 35
0 0 0	0 0 0	3	33 36 34
0 0 0	0 0 0	3	37 38 39
0 0 0	0 0 0	3	40 41 42
0 0 0	0 0 0	3	43 41 40
0 0 0	0 0 0	3	38 44 39
0 0 0	0 0 0	3	45 46 47
0 0 0	0 0 0	3	45 48 46
0 0 0	0 0 0	3	49 50 51
0 0 0	0 0 0	3	52 53 54
0 0 0	0 0 0	3	55 56 57
0 0 0	0 0 0	3	58 59 60
0 0 0	0 0 0	3	61 59 58
0 0 0	0 0 0	3	62 50 49
0 0 0	0 0 0	3	63 53 52
0 0 0	0 0 0	3	64 65 66
0 0 0	0 0 0	3	67 68 69
0 0 0	0 0 0	3	69 68 70
0 0 0	0 0 0	3	71 72 73
0 0 0	0 0 0	3	71 74 72
0 0 0	0 0 0	3	75 76 77
0 0 0	0 0 0	3	75 78 76
0 0 0	0 0 0	3	79 80 81
0 0 0	0 0 0	3	79 82 80
0 0 0	0 0 0	3	83 84 85
0 0 0	0 0 0	3	86 84 83
0 0 0	0 0 0	3	87 88 89
0 0 0	0 0 0	3	87 90 88
0 0 0	0 0 0	3	91 92 93
0 0 0	0 0 0	3	94 92 91
0 0 0	0 0 0	3	66 65 95
0 0 0	0 0 0	3	96 97 98
0 0 0	0 0 0	3	99 26 25
0 0 0	0 0 0	3	100 97 96
0 0 0	0 0 0	3	101 102 103
0 0 0	0 0 0	3	104 102 101
0 0 0	0 0 0	3	105 106 107
0 0 0	0 0 0	3	105 108 106
0 0 0	0 0 0	3	109 108 105
0 0 0	0 0 0	3	110 108 109
0 0 0	0 0 0	3	110 111 108
0 0 0	0 0 0	3	112 113 114
0 0 0	0 0 0	3	112 111 113
0 0 0	0 0 0	3	113 111 110
0 0 0	0 0 0	3	115 116 117
0 0 0	0 0 0	3	118 119 120
0 0 0	0 0 0	3	121 122 123
0 0 0	0 0 0	3	116 124 117
0 0 0	0 0 0	3	125 122 121
0 0 0	0 0 0	3	126 127 128
0 0 0	0 0 0	3	128 127 129
0 0 0	0 0 0	3	130 131 132
0 0 0	0 0 0	3	133 134 135
0 0 0	0 0 0	3	136 137 138
0 0 0	0 0 0	3	139 137 136
0 0 0	0 0 0	3	140 141 142
0 0 0	0 0 0	3	140 143 141
0 0 0	0 0 0	3	144 145 146
0 0 0	0 0 0	3	144 147 145
0 0 0	0 0 0	3	148 119 118
0 0 0	0 0 0	3	149 150 151
0 0 0	0 0 0	3	152 153 154
0 0 0	0 0 0	3	152 155 153
0 0 0	0 0 0	3	156 157 158
0 0 0	0 0 0	3	150 159 151
0 0 0	0 0 0	3	153 157 156
0 0 0	0 0 0	3	155 157 153
0 0 0	0 0 0	3	160 161 162
0 0 0	0 0 0	3	163 161 160
0 0 0	0 0 0	3	131 164 132
0 0 0	0 0 0	3	165 166 167
0 0 0	0 0 0	3	168 166 165
0 0 0	0 0 0	3	169 170 171
0 0 0	0 0 0	3	172 173 174
0 0 0	0 0 0	3	175 173 172
0 0 0	0 0 0	3	176 177 178
0 0 0	0 0 0	3	170 179 171
0 0 0	0 0 0	3	180 56 55
0 0 0	0 0 0	3	180 181 56
0 0 0	0 0 0	3	182 157 155
0 0 0	0 0 0	3	183 184 185
0 0 0	0 0 0	3	183 186 184
0 0 0	0 0 0	3	187 188 189
0 0 0	0 0 0	3	190 191 192
0 0 0	0 0 0	3	193 194 195
0 0 0	0 0 0	3	193 196 194
0 0 0	0 0 0	3	193 197 196
0 0 0	0 0 0	3	198 199 200
0 0 0	0 0 0	3	201 202 203
0 0 0	0 0 0	3	204 199 198
0 0 0	0 0 0	3	199 205 200
0 0 0	0 0 0	3	191 206 192
0 0 0	0 0 0	3	191 207 206
0 0 0	0 0 0	3	177 208 178
0 0 0	0 0 0	3	209 210 211
0 0 0	0 0 0	3	212 181 180
0 0 0	0 0 0	3	212 213 181
0 0 0	0 0 0	3	214 215 216
0 0 0	0 0 0	3	217 218 219
0 0 0	0 0 0	3	217 220 218
0 0 0	0 0 0	3	221 222 223
0 0 0	0 0 0	3	224 225 221
0 0 0	0 0 0	3	225 222 221
0 0 0	0 0 0	3	226 227 228
0 0 0	0 0 0	3	229 213 212
0 0 0	0 0 0	3	230 231 232
0 0 0	0 0 0	3	230 233 231
0 0 0	0 0 0	3	234 235 236
0 0 0	0 0 0	3	237 238 239
0 0 0	0 0 0	3	240 241 242
0 0 0	0 0 0	3	240 243 241
0 0 0	0 0 0	3	244 245 246
0 0 0	0 0 0	3	247 248 249
0 0 0	0 0 0	3	249 248 250
0 0 0	0 0 0	3	251 252 253
0 0 0	0 0 0	3	251 254 252
0 0 0	0 0 0	3	255 256 257
0 0 0	0 0 0	3	257 256 258
0 0 0	0 0 0	3	259 245 244
0 0 0	0 0 0	3	260 238 237
0 0 0	0 0 0	3	261 262 263
0 0 0	0 0 0	3	263 262 264
0 0 0	0 0 0	3	265 266 267
0 0 0	0 0 0	3	267 266 268
0 0 0	0 0 0	3	269 270 271
0 0 0	0 0 0	3	270 272 271
0 0 0	0 0 0	3	273 274 275
0 0 0	0 0 0	3	276 274 273
0 0 0	0 0 0	3	277 278 279
0 0 0	0 0 0	3	279 278 280
0 0 0	0 0 0	3	281 282 283
0 0 0	0 0 0	3	284 285 286
0 0 0	0 0 0	3	286 287 284
0 0 0	0 0 0	3	283 282 288
0 0 0	0 0 0	3	289 290 291
0 0 0	0 0 0	3	289 292 290
0 0 0	0 0 0	3	293 294 295
0 0 0	0 0 0	3	296 297 298
0 0 0	0 0 0	3	298 297 299
0 0 0	0 0 0	3	294 300 295
0 0 0	0 0 0	3	301 235 234
0 0 0	0 0 0	3	302 303 304
0 0 0	0 0 0	3	302 305 303
0 0 0	0 0 0	3	306 307 308
0 0 0	0 0 0	3	309 310 311
0 0 0	0 0 0	3	309 312 310
0 0 0	0 0 0	3	307 313 308
0 0 0	0 0 0	3	314 315 316
0 0 0	0 0 0	3	317 315 314
0 0 0	0 0 0	3	318 319 320
0 0 0	0 0 0	3	321 322 323
0 0 0	0 0 0	3	323 322 324
0 0 0	0 0 0	3	325 326 327
0 0 0	0 0 0	3	328 329 330
0 0 0	0 0 0	3	328 331 329
0 0 0	0 0 0	3	332 333 334
0 0 0	0 0 0	3	332 335 333
0 0 0	0 0 0	3	135 336 337
0 0 0	0 0 0	3	338 339 340
0 0 0	0 0 0	3	338 341 339
0 0 0	0 0 0	3	342 343 344
0 0 0	0 0 0	3	345 343 342
0 0 0	0 0 0	3	346 347 348
0 0 0	0 0 0	3	349 350 351
0 0 0	0 0 0	3	352 353 354
0 0 0	0 0 0	3	355 353 352
0 0 0	0 0 0	3	326 356 327
0 0 0	0 0 0	3	357 358 359
0 0 0	0 0 0	3	360 319 318
0 0 0	0 0 0	3	361 350 349
0 0 0	0 0 0	3	337 336 362
0 0 0	0 0 0	3	362 336 363
0 0 0	0 0 0	3	364 365 366
0 0 0	0 0 0	3	365 367 366
0 0 0	0 0 0	3	368 347 346
0 0 0	0 0 0	3	369 370 371
0 0 0	0 0 0	3	369 372 370
0 0 0	0 0 0	3	373 358 357
0 0 0	0 0 0	3	374 375 376
0 0 0	0 0 0	3	376 375 377
0 0 0	0 0 0	3	378 379 380
0 0 0	0 0 0	3	381 382 383
0 0 0	0 0 0	3	383 382 384
0 0 0	0 0 0	3	385 386 387
0 0 0	0 0 0	3	385 388 386
0 0 0	0 0 0	3	389 388 385
0 0 0	0 0 0	3	390 388 389
0 0 0	0 0 0	3	391 392 393
0 0 0	0 0 0	3	391 394 395
0 0 0	0 0 0	3	391 396 394
0 0 0	0 0 0	3	395 392 391
0 0 0	0 0 0	3	393 397 398
0 0 0	0 0 0	3	392 397 393
0 0 0	0 0 0	3	399 387 400
0 0 0	0 0 0	3	399 401 390
0 0 0	0 0 0	3	400 387 402
0 0 0	0 0 0	3	400 401 399
0 0 0	0 0 0	3	403 404 405
0 0 0	0 0 0	3	403 406 404
0 0 0	0 0 0	3	387 386 402
0 0 0	0 0 0	3	401 388 390
0 0 0	0 0 0	3	398 407 408
0 0 0	0 0 0	3	397 407 398
0 0 0	0 0 0	3	407 396 408
0 0 0	0 0 0	3	394 396 407
0 0 0	0 0 0	3	379 409 380
0 0 0	0 0 0	3	410 411 412
0 0 0	0 0 0	3	410 413 411
0 0 0	0 0 0	3	414 415 416
0 0 0	0 0 0	3	417 415 414
0 0 0	0 0 0	3	418 419 420
0 0 0	0 0 0	3	421 419 418
0 0 0	0 0 0	3	422 423 424
0 0 0	0 0 0	3	423 425 424
0 0 0	0 0 0	3	423 426 425
0 0 0	0 0 0	3	427 428 429
0 0 0	0 0 0	3	430 431 432
0 0 0	0 0 0	3	433 434 435
0 0 0	0 0 0	3	433 436 434
0 0 0	0 0 0	3	435 437 433
0 0 0	0 0 0	3	435 438 437
0 0 0	0 0 0	3	435 439 438
0 0 0	0 0 0	3	434 436 440
0 0 0	0 0 0	3	437 441 442
0 0 0	0 0 0	3	437 438 441
0 0 0	0 0 0	3	437 443 433
0 0 0	0 0 0	3	442 443 437
0 0 0	0 0 0	3	441 444 445
0 0 0	0 0 0	3	445 446 447
0 0 0	0 0 0	3	438 444 441
0 0 0	0 0 0	3	439 444 438
0 0 0	0 0 0	3	439 448 444
0 0 0	0 0 0	3	443 436 433
0 0 0	0 0 0	3	432 431 449
0 0 0	0 0 0	3	444 446 445
0 0 0	0 0 0	3	448 446 444
0 0 0	0 0 0	3	450 451 448
0 0 0	0 0 0	3	431 452 449
0 0 0	0 0 0	3	431 453 452
0 0 0	0 0 0	3	431 454 453
0 0 0	0 0 0	3	455 451 450
0 0 0	0 0 0	3	452 453 456
0 0 0	0 0 0	3	451 446 448
0 0 0	0 0 0	3	451 457 446
0 0 0	0 0 0	3	456 453 458
0 0 0	0 0 0	3	446 459 447
0 0 0	0 0 0	3	446 460 459
0 0 0	0 0 0	3	446 457 460
0 0 0	0 0 0	3	461 462 463
0 0 0	0 0 0	3	461 464 465
0 0 0	0 0 0	3	465 466 461
0 0 0	0 0 0	3	465 464 467
0 0 0	0 0 0	3	468 466 465
0 0 0	0 0 0	3	459 466 468
0 0 0	0 0 0	3	459 460 466
0 0 0	0 0 0	3	466 462 461
0 0 0	0 0 0	3	460 462 466
0 0 0	0 0 0	3	457 462 460
0 0 0	0 0 0	3	463 464 461
0 0 0	0 0 0	3	463 469 464
0 0 0	0 0 0	3	470 471 472
0 0 0	0 0 0	3	473 474 475
0 0 0	0 0 0	3	472 471 476
0 0 0	0 0 0	3	475 454 431
0 0 0	0 0 0	3	475 477 473
0 0 0	0 0 0	3	474 454 475
0 0 0	0 0 0	3	474 478 454
0 0 0	0 0 0	3	479 477 475
0 0 0	0 0 0	3	479 480 477
0 0 0	0 0 0	3	481 482 483
0 0 0	0 0 0	3	484 485 486
0 0 0	0 0 0	3	487 488 484
0 0 0	0 0 0	3	487 489 488
0 0 0	0 0 0	3	486 485 490
0 0 0	0 0 0	3	488 485 484
0 0 0	0 0 0	3	478 491 454
0 0 0	0 0 0	3	478 492 491
0 0 0	0 0 0	3	493 480 479
0 0 0	0 0 0	3	494 480 493
0 0 0	0 0 0	3	494 492 480
0 0 0	0 0 0	3	494 495 492
0 0 0	0 0 0	3	482 496 483
0 0 0	0 0 0	3	497 489 487
0 0 0	0 0 0	3	492 498 491
0 0 0	0 0 0	3	495 498 492
0 0 0	0 0 0	3	499 500 501
0 0 0	0 0 0	3	502 500 499
0 0 0	0 0 0	3	503 504 505
0 0 0	0 0 0	3	503 506 504
0 0 0	0 0 0	3	507 508 509
0 0 0	0 0 0	3	510 511 507
0 0 0	0 0 0	3	510 512 511
0 0 0	0 0 0	3	511 508 507
0 0 0	0 0 0	3	513 436 443
0 0 0	0 0 0	3	513 467 436
0 0 0	0 0 0	3	440 469 514
0 0 0	0 0 0	3	514 469 515
0 0 0	0 0 0	3	436 464 440
0 0 0	0 0 0	3	467 464 436
0 0 0	0 0 0	3	464 469 440
0 0 0	0 0 0	3	516 517 518
0 0 0	0 0 0	3	519 520 521
0 0 0	0 0 0	3	520 522 521
0 0 0	0 0 0	3	520 523 522
0 0 0	0 0 0	3	524 523 520
0 0 0	0 0 0	3	524 525 523
0 0 0	0 0 0	3	524 526 525
0 0 0	0 0 0	3	527 528 529
0 0 0	0 0 0	3	527 530 528
0 0 0	0 0 0	3	531 532 533
0 0 0	0 0 0	3	531 534 532
0 0 0	0 0 0	3	528 530 531
0 0 0	0 0 0	3	535 536 537
0 0 0	0 0 0	3	530 534 531
0 0 0	0 0 0	3	538 539 540
0 0 0	0 0 0	3	541 542 543
0 0 0	0 0 0	3	543 544 541
0 0 0	0 0 0	3	543 545 544
0 0 0	0 0 0	3	543 546 547
0 0 0	0 0 0	3	543 542 546
0 0 0	0 0 0	3	547 545 543
0 0 0	0 0 0	3	547 548 545
0 0 0	0 0 0	3	544 549 550
0 0 0	0 0 0	3	545 549 544
0 0 0	0 0 0	3	546 551 547
0 0 0	0 0 0	3	546 552 551
0 0 0	0 0 0	3	542 552 546
0 0 0	0 0 0	3	548 549 545
0 0 0	0 0 0	3	548 553 549
0 0 0	0 0 0	3	550 554 555
0 0 0	0 0 0	3	549 554 550
0 0 0	0 0 0	3	549 517 554
0 0 0	0 0 0	3	553 517 549
0 0 0	0 0 0	3	556 517 553
0 0 0	0 0 0	3	518 517 556
0 0 0	0 0 0	3	557 558 559
0 0 0	0 0 0	3	557 560 561
0 0 0	0 0 0	3	554 562 555
0 0 0	0 0 0	3	554 563 562
0 0 0	0 0 0	3	554 564 563
0 0 0	0 0 0	3	517 564 554
0 0 0	0 0 0	3	565 558 557
0 0 0	0 0 0	3	562 558 565
0 0 0	0 0 0	3	563 558 562
0 0 0	0 0 0	3	563 566 558
0 0 0	0 0 0	3	564 566 563
0 0 0	0 0 0	3	559 566 567
0 0 0	0 0 0	3	559 560 557
0 0 0	0 0 0	3	558 566 559
0 0 0	0 0 0	3	567 560 559
0 0 0	0 0 0	3	568 569 570
0 0 0	0 0 0	3	571 536 535
0 0 0	0 0 0	3	572 569 568
0 0 0	0 0 0	3	573 539 538
0 0 0	0 0 0	3	574 575 576
0 0 0	0 0 0	3	574 577 575
0 0 0	0 0 0	3	578 579 580
0 0 0	0 0 0	3	581 552 542
0 0 0	0 0 0	3	581 561 552
0 0 0	0 0 0	3	552 582 551
0 0 0	0 0 0	3	552 560 582
0 0 0	0 0 0	3	582 579 578
0 0 0	0 0 0	3	582 560 579
0 0 0	0 0 0	3	561 560 552
0 0 0	0 0 0	3	579 560 567
0 0 0	0 0 0	3	583 584 585
0 0 0	0 0 0	3	585 584 586
0 0 0	0 0 0	3	587 588 589
0 0 0	0 0 0	3	590 588 587
0 0 0	0 0 0	3	591 592 593
0 0 0	0 0 0	3	591 594 592
0 0 0	0 0 0	3	595 596 597
0 0 0	0 0 0	3	596 598 597
0 0 0	0 0 0	3	599 600 601
0 0 0	0 0 0	3	599 602 600
0 0 0	0 0 0	3	603 604 605
0 0 0	0 0 0	3	603 606 604
0 0 0	0 0 0	3	604 607 608
0 0 0	0 0 0	3	606 607 604
0 0 0	0 0 0	3	608 609 610
0 0 0	0 0 0	3	607 609 608
0 0 0	0 0 0	3	611 612 613
0 0 0	0 0 0	3	611 614 612
0 0 0	0 0 0	3	615 616 617
0 0 0	0 0 0	3	616 618 617
0 0 0	0 0 0	3	619 620 621
0 0 0	0 0 0	3	622 620 619
0 0 0	0 0 0	3	623 624 625
0 0 0	0 0 0	3	623 626 624
0 0 0	0 0 0	3	627 628 629
0 0 0	0 0 0	3	629 628 630
0 0 0	0 0 0	3	631 632 633
0 0 0	0 0 0	3	634 635 636
0 0 0	0 0 0	3	634 637 635
0 0 0	0 0 0	3	638 639 640
0 0 0	0 0 0	3	641 642 643
0 0 0	0 0 0	3	644 645 646
0 0 0	0 0 0	3	646 645 647
0 0 0	0 0 0	3	648 639 638
0 0 0	0 0 0	3	649 650 651
0 0 0	0 0 0	3	652 653 641
0 0 0	0 0 0	3	652 654 655
0 0 0	0 0 0	3	655 653 652
0 0 0	0 0 0	3	653 656 641
0 0 0	0 0 0	3	656 642 641
0 0 0	0 0 0	3	642 657 643
0 0 0	0 0 0	3	658 659 657
0 0 0	0 0 0	3	658 660 659
0 0 0	0 0 0	3	657 659 643
0 0 0	0 0 0	3	661 662 663
0 0 0	0 0 0	3	661 664 662
0 0 0	0 0 0	3	650 665 651
0 0 0	0 0 0	3	654 666 655
0 0 0	0 0 0	3	666 667 655
0 0 0	0 0 0	3	666 668 667
0 0 0	0 0 0	3	667 668 669
0 0 0	0 0 0	3	669 668 658
0 0 0	0 0 0	3	668 660 658
0 0 0	0 0 0	3	670 671 672
0 0 0	0 0 0	3	673 632 631
0 0 0	0 0 0	3	674 675 676
0 0 0	0 0 0	3	677 678 679
0 0 0	0 0 0	3	680 675 674
0 0 0	0 0 0	3	681 678 677
0 0 0	0 0 0	3	682 683 684
0 0 0	0 0 0	3	683 685 684
0 0 0	0 0 0	3	686 687 688
0 0 0	0 0 0	3	687 689 688
0 0 0	0 0 0	3	662 690 691
0 0 0	0 0 0	3	692 693 664
0 0 0	0 0 0	3	664 690 662
0 0 0	0 0 0	3	664 693 690
0 0 0	0 0 0	3	671 694 672
0 0 0	0 0 0	3	671 695 694
0 0 0	0 0 0	3	696 697 698
0 0 0	0 0 0	3	690 699 691
0 0 0	0 0 0	3	690 700 699
0 0 0	0 0 0	3	701 695 671
0 0 0	0 0 0	3	701 702 695
0 0 0	0 0 0	3	697 703 698
0 0 0	0 0 0	3	704 705 706
0 0 0	0 0 0	3	707 708 709
0 0 0	0 0 0	3	710 708 707
0 0 0	0 0 0	3	711 712 713
0 0 0	0 0 0	3	714 715 716
0 0 0	0 0 0	3	714 717 715
0 0 0	0 0 0	3	718 712 711
0 0 0	0 0 0	3	717 719 715
0 0 0	0 0 0	3	717 720 719
0 0 0	0 0 0	3	721 722 700
0 0 0	0 0 0	3	700 723 699
0 0 0	0 0 0	3	702 724 695
0 0 0	0 0 0	3	702 725 724
0 0 0	0 0 0	3	702 726 725
0 0 0	0 0 0	3	727 705 704
0 0 0	0 0 0	3	728 719 729
0 0 0	0 0 0	3	719 720 729
0 0 0	0 0 0	3	722 723 700
0 0 0	0 0 0	3	723 730 699
0 0 0	0 0 0	3	723 731 730
0 0 0	0 0 0	3	726 732 725
0 0 0	0 0 0	3	733 734 735
0 0 0	0 0 0	3	733 736 734
0 0 0	0 0 0	3	734 736 737
0 0 0	0 0 0	3	731 738 730
0 0 0	0 0 0	3	731 739 738
0 0 0	0 0 0	3	740 732 726
0 0 0	0 0 0	3	740 741 732
0 0 0	0 0 0	3	742 743 744
0 0 0	0 0 0	3	742 745 743
0 0 0	0 0 0	3	746 747 748
0 0 0	0 0 0	3	746 749 747
0 0 0	0 0 0	3	748 750 751
0 0 0	0 0 0	3	747 750 748
0 0 0	0 0 0	3	739 752 738
0 0 0	0 0 0	3	753 741 740
0 0 0	0 0 0	3	754 755 756
0 0 0	0 0 0	3	756 757 754
0 0 0	0 0 0	3	758 757 756
0 0 0	0 0 0	3	758 759 757
0 0 0	0 0 0	3	755 760 756
0 0 0	0 0 0	3	755 761 760
0 0 0	0 0 0	3	762 759 758
0 0 0	0 0 0	3	762 763 759
0 0 0	0 0 0	3	759 763 764
0 0 0	0 0 0	3	761 765 760
0 0 0	0 0 0	3	761 766 765
0 0 0	0 0 0	3	761 767 766
0 0 0	0 0 0	3	766 767 764
0 0 0	0 0 0	3	764 767 759
0 0 0	0 0 0	3	768 769 770
0 0 0	0 0 0	3	771 772 773
0 0 0	0 0 0	3	769 774 770
0 0 0	0 0 0	3	773 774 769
0 0 0	0 0 0	3	773 775 774
0 0 0	0 0 0	3	772 775 773
0 0 0	0 0 0	3	776 777 778
0 0 0	0 0 0	3	779 777 776
0 0 0	0 0 0	3	780 781 782
0 0 0	0 0 0	3	781 783 782
0 0 0	0 0 0	3	781 784 783
0 0 0	0 0 0	3	785 784 786
0 0 0	0 0 0	3	785 787 784
0 0 0	0 0 0	3	784 787 783
0 0 0	0 0 0	3	788 789 790
0 0 0	0 0 0	3	788 791 789
0 0 0	0 0 0	3	790 792 788
0 0 0	0 0 0	3	790 793 792
0 0 0	0 0 0	3	794 793 790
0 0 0	0 0 0	3	794 795 793
0 0 0	0 0 0	3	796 791 788
0 0 0	0 0 0	3	797 798 799
0 0 0	0 0 0	3	800 798 797
0 0 0	0 0 0	3	799 798 801
0 0 0	0 0 0	3	802 803 804
0 0 0	0 0 0	3	802 805 806
0 0 0	0 0 0	3	801 803 802
0 0 0	0 0 0	3	798 803 801
0 0 0	0 0 0	3	807 808 809
0 0 0	0 0 0	3	810 808 807
0 0 0	0 0 0	3	793 795 810
0 0 0	0 0 0	3	795 808 810
0 0 0	0 0 0	3	795 811 808
0 0 0	0 0 0	3	806 805 516
0 0 0	0 0 0	3	804 805 802
0 0 0	0 0 0	3	812 805 804
0 0 0	0 0 0	3	812 813 805
0 0 0	0 0 0	3	812 814 813
0 0 0	0 0 0	3	815 814 812
0 0 0	0 0 0	3	815 816 814
0 0 0	0 0 0	3	817 816 815
0 0 0	0 0 0	3	817 818 816
0 0 0	0 0 0	3	809 819 807
0 0 0	0 0 0	3	820 819 809
0 0 0	0 0 0	3	820 821 819
0 0 0	0 0 0	3	822 816 823
0 0 0	0 0 0	3	814 816 822
0 0 0	0 0 0	3	824 825 826
0 0 0	0 0 0	3	824 827 825
0 0 0	0 0 0	3	828 829 830
0 0 0	0 0 0	3	828 821 829
0 0 0	0 0 0	3	829 831 830
0 0 0	0 0 0	3	829 832 831
0 0 0	0 0 0	3	819 821 830
0 0 0	0 0 0	3	833 834 835
0 0 0	0 0 0	3	833 836 834
0 0 0	0 0 0	3	823 837 838
0 0 0	0 0 0	3	823 816 839
0 0 0	0 0 0	3	839 840 838
0 0 0	0 0 0	3	838 837 839
0 0 0	0 0 0	3	841 842 843
0 0 0	0 0 0	3	841 844 842
0 0 0	0 0 0	3	845 846 841
0 0 0	0 0 0	3	846 844 841
0 0 0	0 0 0	3	847 832 848
0 0 0	0 0 0	3	831 832 847
0 0 0	0 0 0	3	840 849 838
0 0 0	0 0 0	3	850 851 852
0 0 0	0 0 0	3	853 849 840
0 0 0	0 0 0	3	852 854 850
0 0 0	0 0 0	3	852 855 854
0 0 0	0 0 0	3	843 842 856
0 0 0	0 0 0	3	857 855 852
0 0 0	0 0 0	3	857 858 855
0 0 0	0 0 0	3	859 860 861
0 0 0	0 0 0	3	862 860 859
0 0 0	0 0 0	3	860 863 861
0 0 0	0 0 0	3	864 865 860
0 0 0	0 0 0	3	866 867 868
0 0 0	0 0 0	3	866 869 867
0 0 0	0 0 0	3	870 871 872
0 0 0	0 0 0	3	873 849 853
0 0 0	0 0 0	3	872 874 875
0 0 0	0 0 0	3	872 871 876
0 0 0	0 0 0	3	872 877 874
0 0 0	0 0 0	3	876 877 872
0 0 0	0 0 0	3	878 879 880
0 0 0	0 0 0	3	878 881 879
0 0 0	0 0 0	3	882 883 884
0 0 0	0 0 0	3	865 863 860
0 0 0	0 0 0	3	885 886 887
0 0 0	0 0 0	3	888 889 890
0 0 0	0 0 0	3	884 891 882
0 0 0	0 0 0	3	887 892 885
0 0 0	0 0 0	3	890 889 887
0 0 0	0 0 0	3	893 894 895
0 0 0	0 0 0	3	896 894 893

TEXTURES
0	1.0 1.0	0.49634 0.69421	0.49634 0.75148	0.5082 0.72285
0	1.0 1.0	0.47384 0.68259	0.49634 0.75148	0.49634 0.69421
0	1.0 1.0	0.47384 0.68259	0.47384 0.76358	0.49634 0.75148
0	1.0 1.0	0.95414 0.00225	0.95296 0.03045	0.95414 0.03045
0	1.0 1.0	0.95296 0.00225	0.95296 0.03045	0.95414 0.00225
0	1.0 1.0	0.9454 0.03048	0.94391 0.00229	0.94391 0.03048
0	1.0 1.0	0.9454 0.00229	0.94391 0.00229	0.9454 0.03048
0	1.0 1.0	0.45219 0.68257	0.4297 0.6942	0.4297 0.75147
0	1.0 1.0	0.45219 0.68257	0.47384 0.76358	0.47384 0.68259
0	1.0 1.0	0.45219 0.68257	0.45219 0.76357	0.47384 0.76358
0	1.0 1.0	0.4297 0.75147	0.4297 0.6942	0.41783 0.72284
0	1.0 1.0	0.4297 0.75147	0.45219 0.76357	0.45219 0.68257
0	1.0 1.0	0.21995 0.99945	0.18465 0.97461	0.18465 0.99945
0	1.0 1.0	0.99073 0.56494	0.99073 0.66878	0.99878 0.56494
0	1.0 1.0	0.21995 0.97461	0.18465 0.97461	0.21995 0.99945
0	1.0 1.0	0.48322 0.00089	0.55407 0.07324	0.55407 0.00086
0	1.0 1.0	0.99073 0.66878	0.99878 0.66878	0.99878 0.56494
0	1.0 1.0	0.14769 0.97228	0.17393 0.94137	0.14769 0.94137
0	1.0 1.0	0.14769 0.97228	0.17393 0.97228	0.17393 0.94137
0	1.0 1.0	0.1246 0.94137	0.09886 0.97228	0.1246 0.97228
0	1.0 1.0	0.1246 0.94137	0.09886 0.94137	0.09886 0.97228
0	1.0 1.0	0.34609 0.94135	0.32036 0.94135	0.34609 0.97226
0	1.0 1.0	0.29726 0.97226	0.27102 0.94135	0.27102 0.97226
0	1.0 1.0	0.29726 0.94135	0.27102 0.94135	0.29726 0.97226
0	1.0 1.0	0.32036 0.94135	0.32036 0.97226	0.34609 0.97226
0	1.0 1.0	0.37232 0.99943	0.40433 0.97459	0.37232 0.97459
0	1.0 1.0	0.37232 0.99943	0.40433 0.99943	0.40433 0.97459
0	1.0 1.0	0.99856 0.38434	0.9905 0.32546	0.9905 0.38434
0	1.0 1.0	0.09543 0.00098	0.02457 0.07332	0.09564 0.07332
0	1.0 1.0	0.96795 0.99915	0.51633 0.62565	0.51633 0.99914
0	1.0 1.0	0.11681 0.99945	0.00094 0.97461	0.00094 0.99945
0	1.0 1.0	0.11681 0.97461	0.00094 0.97461	0.11681 0.99945
0	1.0 1.0	0.99856 0.32546	0.9905 0.32546	0.99856 0.38434
0	1.0 1.0	0.02457 0.00094	0.02457 0.07332	0.09543 0.00098
0	1.0 1.0	0.29317 0.08193	0.48719 0.08193	0.29954 0.07324
0	1.0 1.0	0.75272 0.17705	0.75272 0.14695	0.6944 0.17705
0	1.0 1.0	0.6944 0.17705	0.75272 0.14695	0.6944 0.14695
0	1.0 1.0	0.75272 0.13289	0.68988 0.12715	0.6944 0.13289
0	1.0 1.0	0.75272 0.13289	0.75752 0.12715	0.68988 0.12715
0	1.0 1.0	0.95296 0.07912	0.95414 0.21157	0.95414 0.07912
0	1.0 1.0	0.95296 0.07912	0.95296 0.21157	0.95414 0.21157
0	1.0 1.0	0.05472 0.64471	0.11755 0.63898	0.04991 0.63898
0	1.0 1.0	0.05472 0.64471	0.11303 0.64471	0.11755 0.63898
0	1.0 1.0	0.11303 0.65878	0.11906 0.68645	0.11906 0.65681
0	1.0 1.0	0.11303 0.68888	0.11906 0.68645	0.11303 0.65878
0	1.0 1.0	0.04867 0.69056	0.05472 0.7534	0.05472 0.68888
0	1.0 1.0	0.04867 0.69056	0.04867 0.76173	0.05472 0.7534
0	1.0 1.0	0.75272 0.24158	0.68969 0.25098	0.75733 0.25098
0	1.0 1.0	0.6944 0.24158	0.68969 0.25098	0.75272 0.24158
0	1.0 1.0	0.29954 0.07324	0.48719 0.08193	0.483 0.07324
0	1.0 1.0	0.2791 0.07332	0.09145 0.08202	0.28547 0.08202
0	1.0 1.0	0.483 0.07324	0.55407 0.07324	0.48322 0.00089
0	1.0 1.0	0.09564 0.07332	0.09145 0.08202	0.2791 0.07332
0	1.0 1.0	0.09145 0.08202	0.02028 0.17753	0.09145 0.17758
0	1.0 1.0	0.02032 0.08202	0.02028 0.17753	0.09145 0.08202
0	1.0 1.0	0.65787 0.3249	0.65787 0.38218	0.66972 0.35345
0	1.0 1.0	0.65787 0.3249	0.63522 0.3941	0.65787 0.38218
0	1.0 1.0	0.63522 0.3131	0.63522 0.3941	0.65787 0.3249
0	1.0 1.0	0.61352 0.31309	0.63522 0.3941	0.63522 0.3131
0	1.0 1.0	0.61352 0.31309	0.61352 0.39409	0.63522 0.3941
0	1.0 1.0	0.59088 0.38217	0.59088 0.32489	0.57903 0.35344
0	1.0 1.0	0.59088 0.38217	0.61352 0.39409	0.59088 0.32489
0	1.0 1.0	0.59088 0.32489	0.61352 0.39409	0.61352 0.31309
0	1.0 1.0	0.28547 0.17758	0.09145 0.17758	0.27888 0.18708
0	1.0 1.0	0.29976 0.187	0.48323 0.28238	0.48323 0.1869
0	1.0 1.0	0.49027 0.1869	0.55837 0.17745	0.48754 0.17749
0	1.0 1.0	0.09145 0.17758	0.09542 0.18699	0.27888 0.18708
0	1.0 1.0	0.56131 0.1869	0.55837 0.17745	0.49027 0.1869
0	1.0 1.0	0.75272 0.05187	0.75272 0.1164	0.75876 0.05355
0	1.0 1.0	0.75876 0.05355	0.75272 0.1164	0.75876 0.12472
0	1.0 1.0	0.75272 0.0077	0.6944 0.0077	0.75272 0.02177
0	1.0 1.0	0.75752 0.00197	0.68988 0.00197	0.75272 0.0077
0	1.0 1.0	0.82573 0.00207	0.82395 0.20332	0.82573 0.20332
0	1.0 1.0	0.82395 0.00207	0.82395 0.20332	0.82573 0.00207
0	1.0 1.0	0.91746 0.37384	0.97577 0.35977	0.91746 0.35977
0	1.0 1.0	0.91746 0.37384	0.97577 0.37384	0.97577 0.35977
0	1.0 1.0	0.91141 0.40562	0.91746 0.46846	0.91746 0.40394
0	1.0 1.0	0.91141 0.40562	0.91141 0.47678	0.91746 0.46846
0	1.0 1.0	0.29976 0.28238	0.48323 0.28238	0.29976 0.187
0	1.0 1.0	0.48711 0.29088	0.55834 0.29088	0.48964 0.28238
0	1.0 1.0	0.08901 0.28246	0.0203 0.29096	0.09154 0.29096
0	1.0 1.0	0.08901 0.28246	0.01788 0.28246	0.0203 0.29096
0	1.0 1.0	0.09154 0.29096	0.0203 0.38609	0.09154 0.38609
0	1.0 1.0	0.55834 0.29088	0.56077 0.28238	0.48964 0.28238
0	1.0 1.0	0.0203 0.29096	0.0203 0.38609	0.09154 0.29096
0	1.0 1.0	0.0118 0.28625	0.02028 0.38619	0.02028 0.29107
0	1.0 1.0	0.68837 0.04944	0.6944 0.02177	0.68837 0.01981
0	1.0 1.0	0.6944 0.05187	0.6944 0.02177	0.68837 0.04944
0	1.0 1.0	0.6944 0.0077	0.6944 0.02177	0.75272 0.02177
0	1.0 1.0	0.97577 0.37384	0.9818 0.40151	0.9818 0.37187
0	1.0 1.0	0.97577 0.40394	0.9818 0.40151	0.97577 0.37384
0	1.0 1.0	0.28556 0.38614	0.09154 0.38609	0.27891 0.3958
0	1.0 1.0	0.29964 0.3958	0.48711 0.38601	0.29309 0.38606
0	1.0 1.0	0.48344 0.39561	0.48711 0.38601	0.29964 0.3958
0	1.0 1.0	0.48344 0.39561	0.47936 0.46082	0.5545 0.39815
0	1.0 1.0	0.09154 0.38609	0.09521 0.39569	0.27891 0.3958
0	1.0 1.0	0.96795 0.62566	0.51633 0.62565	0.96795 0.99915
0	1.0 1.0	0.96795 0.62566	0.52033 0.5619	0.51633 0.62565
0	1.0 1.0	0.0118 0.3927	0.02028 0.38619	0.0118 0.28625
0	1.0 1.0	0.02415 0.39823	0.0991 0.46069	0.09521 0.39569
0	1.0 1.0	0.02415 0.39823	0.02795 0.46335	0.0991 0.46069
0	1.0 1.0	0.87455 0.24842	0.85889 0.24979	0.86294 0.29195
0	1.0 1.0	0.88846 0.01361	0.88326 0.01861	0.89246 0.03802
0	1.0 1.0	0.09309 0.61079	0.06725 0.63053	0.08699 0.63053
0	1.0 1.0	0.09309 0.61079	0.06115 0.61079	0.06725 0.63053
0	1.0 1.0	0.09309 0.61079	0.07712 0.59859	0.06115 0.61079
0	1.0 1.0	0.06812 0.58569	0.06407 0.57259	0.06002 0.58569
0	1.0 1.0	0.78823 0.24843	0.79808 0.29195	0.80214 0.24979
0	1.0 1.0	0.07062 0.57759	0.06407 0.57259	0.06812 0.58569
0	1.0 1.0	0.06407 0.57259	0.05752 0.57759	0.06002 0.58569
0	1.0 1.0	0.88326 0.01861	0.88319 0.08122	0.89246 0.03802
0	1.0 1.0	0.89246 0.03802	0.88319 0.08122	0.88523 0.08126
0	1.0 1.0	0.47936 0.46082	0.5507 0.46326	0.5545 0.39815
0	1.0 1.0	0.0991 0.46069	0.2505 0.6744	0.27435 0.53241
0	1.0 1.0	0.96395 0.56191	0.52033 0.5619	0.96795 0.62566
0	1.0 1.0	0.96272 0.56174	0.7009 0.3391	0.52044 0.56174
0	1.0 1.0	0.30398 0.53255	0.32806 0.67412	0.47936 0.46082
0	1.0 1.0	0.62661 0.00038	0.62653 0.12469	0.62661 0.00038
0	1.0 1.0	0.62661 0.00038	0.62653 0.12469	0.62653 0.12469
0	1.0 1.0	0.5871 0.1688	0.57886 0.24191	0.5871 0.24458
0	1.0 1.0	0.5871 0.15954	0.57886 0.16188	0.5871 0.1688
0	1.0 1.0	0.57886 0.16188	0.57886 0.24191	0.5871 0.1688
0	1.0 1.0	0.67691 0.24467	0.68521 0.24693	0.68505 0.24129
0	1.0 1.0	0.78267 0.3391	0.7009 0.3391	0.96272 0.56174
0	1.0 1.0	0.95296 0.00225	0.9454 0.03048	0.95296 0.03045
0	1.0 1.0	0.95296 0.00225	0.9454 0.00229	0.9454 0.03048
0	1.0 1.0	0.29954 0.00078	0.483 0.07324	0.48322 0.00089
0	1.0 1.0	0.2791 0.00087	0.09564 0.07332	0.2791 0.07332
0	1.0 1.0	0.33702 0.99943	0.37232 0.97459	0.33702 0.97459
0	1.0 1.0	0.33702 0.99943	0.37232 0.99943	0.37232 0.97459
0	1.0 1.0	0.99856 0.48819	0.9905 0.38434	0.9905 0.48819
0	1.0 1.0	0.14769 0.97228	0.14769 0.94137	0.1246 0.97228
0	1.0 1.0	0.1246 0.97228	0.14769 0.94137	0.1246 0.94137
0	1.0 1.0	0.09886 0.94137	0.00085 0.97228	0.09886 0.97228
0	1.0 1.0	0.09886 0.94137	0.00085 0.94137	0.00085 0.97228
0	1.0 1.0	0.29726 0.97226	0.32036 0.97226	0.29726 0.94135
0	1.0 1.0	0.29726 0.94135	0.32036 0.97226	0.32036 0.94135
0	1.0 1.0	0.99856 0.38434	0.9905 0.38434	0.99856 0.48819
0	1.0 1.0	0.09543 0.00098	0.09564 0.07332	0.2791 0.00087
0	1.0 1.0	0.99073 0.72765	0.99073 0.99943	0.99878 0.72765
0	1.0 1.0	0.99878 0.72765	0.99073 0.99943	0.99878 0.99943
0	1.0 1.0	0.15263 0.97461	0.11681 0.97461	0.15263 0.99945
0	1.0 1.0	0.15263 0.99945	0.11681 0.97461	0.11681 0.99945
0	1.0 1.0	0.17393 0.97228	0.27102 0.97226	0.17393 0.94137
0	1.0 1.0	0.27102 0.97226	0.27102 0.94135	0.17393 0.94137
0	1.0 1.0	0.44016 0.97459	0.40433 0.99943	0.44016 0.99943
0	1.0 1.0	0.40433 0.97459	0.40433 0.99943	0.44016 0.97459
0	1.0 1.0	0.75272 0.17705	0.75272 0.24158	0.75876 0.17873
0	1.0 1.0	0.75876 0.17873	0.75272 0.24158	0.75876 0.2499
0	1.0 1.0	0.75876 0.15145	0.75876 0.12829	0.75272 0.14695
0	1.0 1.0	0.68837 0.17462	0.6944 0.17705	0.6944 0.14695
0	1.0 1.0	0.6944 0.14695	0.68837 0.14499	0.68837 0.17462
0	1.0 1.0	0.75272 0.14695	0.75876 0.12829	0.75272 0.13289
0	1.0 1.0	0.9454 0.07915	0.95296 0.21157	0.95296 0.07912
0	1.0 1.0	0.9454 0.07915	0.9454 0.21161	0.95296 0.21157
0	1.0 1.0	0.11303 0.64471	0.11303 0.65878	0.11906 0.64044
0	1.0 1.0	0.05472 0.68888	0.05472 0.65878	0.04867 0.68622
0	1.0 1.0	0.04867 0.68622	0.05472 0.65878	0.04867 0.65613
0	1.0 1.0	0.11303 0.65878	0.11906 0.6636	0.11906 0.64044
0	1.0 1.0	0.29954 0.07324	0.483 0.07324	0.29954 0.00078
0	1.0 1.0	0.05472 0.7534	0.11774 0.76281	0.11303 0.7534
0	1.0 1.0	0.05472 0.7534	0.0501 0.76281	0.11774 0.76281
0	1.0 1.0	0.48715 0.08193	0.55838 0.08193	0.48984 0.07324
0	1.0 1.0	0.0888 0.07332	0.02027 0.08202	0.0915 0.08202
0	1.0 1.0	0.0888 0.07332	0.01775 0.07332	0.02027 0.08202
0	1.0 1.0	0.55838 0.08193	0.5609 0.07324	0.48984 0.07324
0	1.0 1.0	0.29976 0.187	0.48719 0.17749	0.29317 0.17749
0	1.0 1.0	0.48323 0.1869	0.48719 0.17749	0.29976 0.187
0	1.0 1.0	0.48323 0.1869	0.55419 0.28238	0.55419 0.1869
0	1.0 1.0	0.09111 0.17758	0.02028 0.17753	0.08838 0.18699
0	1.0 1.0	0.08838 0.18699	0.02028 0.17753	0.01733 0.18699
0	1.0 1.0	0.29311 0.2909	0.48711 0.29088	0.29976 0.28238
0	1.0 1.0	0.75272 0.02177	0.75876 0.00311	0.75272 0.0077
0	1.0 1.0	0.75272 0.02177	0.75876 0.02627	0.75876 0.00311
0	1.0 1.0	0.75272 0.02177	0.6944 0.05187	0.75272 0.05187
0	1.0 1.0	0.75272 0.02177	0.6944 0.02177	0.6944 0.05187
0	1.0 1.0	0.75272 0.0077	0.68988 0.00197	0.6944 0.0077
0	1.0 1.0	0.82573 0.00207	0.83411 0.20332	0.83411 0.00204
0	1.0 1.0	0.82573 0.00207	0.82573 0.20332	0.83411 0.20332
0	1.0 1.0	0.91141 0.40128	0.91746 0.37384	0.91141 0.37119
0	1.0 1.0	0.91746 0.40394	0.91746 0.37384	0.91141 0.40128
0	1.0 1.0	0.75272 0.1164	0.68969 0.1258	0.75733 0.1258
0	1.0 1.0	0.27888 0.28246	0.09154 0.29096	0.28554 0.29098
0	1.0 1.0	0.91746 0.46846	0.98048 0.47787	0.97577 0.46846
0	1.0 1.0	0.91284 0.47787	0.98048 0.47787	0.91746 0.46846
0	1.0 1.0	0.48711 0.29088	0.48323 0.28238	0.29976 0.28238
0	1.0 1.0	0.48711 0.29088	0.55834 0.38601	0.55834 0.29088
0	1.0 1.0	0.48323 0.28238	0.55419 0.28238	0.48323 0.1869
0	1.0 1.0	0.09542 0.28246	0.09154 0.29096	0.27888 0.28246
0	1.0 1.0	0.6944 0.0077	0.68837 0.00343	0.6944 0.02177
0	1.0 1.0	0.6944 0.02177	0.68837 0.00343	0.68837 0.02659
0	1.0 1.0	0.97577 0.35977	0.97577 0.37384	0.9818 0.3555
0	1.0 1.0	0.97577 0.37384	0.9818 0.37866	0.9818 0.3555
0	1.0 1.0	0.6944 0.1164	0.68969 0.1258	0.75272 0.1164
0	1.0 1.0	0.29964 0.3958	0.47936 0.46082	0.48344 0.39561
0	1.0 1.0	0.29964 0.3958	0.30398 0.53255	0.47936 0.46082
0	1.0 1.0	0.48711 0.38601	0.55834 0.38601	0.48711 0.29088
0	1.0 1.0	0.09154 0.38609	0.0203 0.38609	0.08932 0.39595
0	1.0 1.0	0.08932 0.39595	0.0203 0.38609	0.01827 0.39709
0	1.0 1.0	0.09521 0.39569	0.0991 0.46069	0.27891 0.3958
0	1.0 1.0	0.85884 0.23408	0.80219 0.23408	0.85889 0.24979
0	1.0 1.0	0.85889 0.24979	0.80219 0.23408	0.80214 0.24979
0	1.0 1.0	0.03721 0.61162	0.03721 0.54236	0.02874 0.61162
0	1.0 1.0	0.03721 0.61162	0.04523 0.54236	0.03721 0.54236
0	1.0 1.0	0.04523 0.61162	0.04523 0.54236	0.03721 0.61162
0	1.0 1.0	0.01339 0.61162	0.00533 0.54236	0.00533 0.61162
0	1.0 1.0	0.00556 0.67469	0.02939 0.65668	0.00556 0.65668
0	1.0 1.0	0.00556 0.67469	0.02939 0.69468	0.02939 0.67469
0	1.0 1.0	0.00556 0.67469	0.00556 0.69468	0.02939 0.69468
0	1.0 1.0	0.02939 0.67469	0.02939 0.65668	0.00556 0.67469
0	1.0 1.0	0.00556 0.65668	0.02939 0.63961	0.00556 0.63961
0	1.0 1.0	0.02939 0.65668	0.02939 0.63961	0.00556 0.65668
0	1.0 1.0	0.02068 0.61162	0.02874 0.61162	0.02068 0.54236
0	1.0 1.0	0.02068 0.61162	0.01339 0.54236	0.01339 0.61162
0	1.0 1.0	0.02068 0.54236	0.02874 0.61162	0.02874 0.54236
0	1.0 1.0	0.02068 0.54236	0.01339 0.54236	0.02068 0.61162
0	1.0 1.0	0.86457 0.01153	0.88326 0.01861	0.88435 0.01153
0	1.0 1.0	0.86457 0.01153	0.86565 0.01861	0.88326 0.01861
0	1.0 1.0	0.02874 0.61162	0.03721 0.54236	0.02874 0.54236
0	1.0 1.0	0.01339 0.54236	0.00533 0.54236	0.01339 0.61162
0	1.0 1.0	0.00556 0.63961	0.02939 0.6216	0.00556 0.6216
0	1.0 1.0	0.02939 0.63961	0.02939 0.6216	0.00556 0.63961
0	1.0 1.0	0.02939 0.71468	0.00556 0.69468	0.00556 0.71468
0	1.0 1.0	0.02939 0.69468	0.00556 0.69468	0.02939 0.71468
0	1.0 1.0	0.0991 0.46069	0.27435 0.53241	0.27891 0.3958
0	1.0 1.0	0.03262 0.48747	0.2505 0.6744	0.0991 0.46069
0	1.0 1.0	0.03262 0.48747	0.20705 0.73359	0.2505 0.6744
0	1.0 1.0	0.63831 0.00038	0.63821 0.12465	0.63821 0.12465
0	1.0 1.0	0.63831 0.00038	0.63821 0.12465	0.63831 0.00038
0	1.0 1.0	0.5871 0.00038	0.57886 0.15807	0.5871 0.15954
0	1.0 1.0	0.57886 0.00169	0.57886 0.15807	0.5871 0.00038
0	1.0 1.0	0.67691 0.15908	0.67691 0.1688	0.68505 0.16127
0	1.0 1.0	0.67691 0.1688	0.68505 0.24129	0.68505 0.16127
0	1.0 1.0	0.67691 0.1688	0.67691 0.24467	0.68505 0.24129
0	1.0 1.0	0.5871 0.24458	0.57886 0.24191	0.57864 0.24785
0	1.0 1.0	0.24874 0.6986	0.24284 0.7157	0.27461 0.6986
0	1.0 1.0	0.89615 0.33074	0.89615 0.34654	0.92726 0.34654
0	1.0 1.0	0.89615 0.33074	0.86989 0.33073	0.89615 0.34654
0	1.0 1.0	0.92726 0.34654	0.92726 0.33074	0.89615 0.33074
0	1.0 1.0	0.92726 0.34654	0.95839 0.33074	0.92726 0.33074
0	1.0 1.0	0.92726 0.34654	0.95839 0.34654	0.95839 0.33074
0	1.0 1.0	0.89615 0.34654	0.86989 0.33073	0.86988 0.34655
0	1.0 1.0	0.92726 0.33074	0.95664 0.32294	0.9291 0.32294
0	1.0 1.0	0.92726 0.33074	0.95839 0.33074	0.95664 0.32294
0	1.0 1.0	0.92726 0.33074	0.8978 0.32294	0.89615 0.33074
0	1.0 1.0	0.92534 0.32294	0.8978 0.32294	0.92726 0.33074
0	1.0 1.0	0.9595 0.32294	0.9844 0.33074	0.98225 0.32294
0	1.0 1.0	0.58525 0.28373	0.60454 0.2915	0.60454 0.28373
0	1.0 1.0	0.95839 0.33074	0.9844 0.33074	0.9595 0.32294
0	1.0 1.0	0.95839 0.34654	0.9844 0.33074	0.95839 0.33074
0	1.0 1.0	0.95839 0.34654	0.9844 0.34651	0.9844 0.33074
0	1.0 1.0	0.89462 0.32294	0.86989 0.33073	0.89615 0.33074
0	1.0 1.0	0.27461 0.6986	0.24284 0.7157	0.27601 0.7014
0	1.0 1.0	0.58525 0.29153	0.60454 0.2915	0.58525 0.28373
0	1.0 1.0	0.58524 0.30715	0.60454 0.2915	0.58525 0.29153
0	1.0 1.0	0.58766 0.31221	0.60455 0.30715	0.58524 0.30715
0	1.0 1.0	0.24284 0.7157	0.28429 0.7014	0.27601 0.7014
0	1.0 1.0	0.24284 0.7157	0.31746 0.7157	0.28429 0.7014
0	1.0 1.0	0.24284 0.7157	0.32058 0.72565	0.31746 0.7157
0	1.0 1.0	0.60213 0.31221	0.60455 0.30715	0.58766 0.31221
0	1.0 1.0	0.28429 0.7014	0.31746 0.7157	0.28569 0.6986
0	1.0 1.0	0.60455 0.30715	0.60454 0.2915	0.58524 0.30715
0	1.0 1.0	0.57295 0.27842	0.59898 0.27846	0.57295 0.26261
0	1.0 1.0	0.28569 0.6986	0.31746 0.7157	0.31156 0.6986
0	1.0 1.0	0.57295 0.26261	0.59787 0.25481	0.57512 0.25481
0	1.0 1.0	0.57295 0.26261	0.59898 0.26261	0.59787 0.25481
0	1.0 1.0	0.57295 0.26261	0.59898 0.27846	0.59898 0.26261
0	1.0 1.0	0.66122 0.26261	0.63011 0.27846	0.66122 0.27846
0	1.0 1.0	0.66122 0.26261	0.68748 0.26261	0.66275 0.25481
0	1.0 1.0	0.65956 0.25481	0.63011 0.26261	0.66122 0.26261
0	1.0 1.0	0.66275 0.25481	0.68748 0.26261	0.6855 0.25481
0	1.0 1.0	0.63202 0.25481	0.63011 0.26261	0.65956 0.25481
0	1.0 1.0	0.60073 0.25481	0.63011 0.26261	0.62827 0.25481
0	1.0 1.0	0.60073 0.25481	0.59898 0.26261	0.63011 0.26261
0	1.0 1.0	0.63011 0.26261	0.63011 0.27846	0.66122 0.26261
0	1.0 1.0	0.59898 0.26261	0.63011 0.27846	0.63011 0.26261
0	1.0 1.0	0.59898 0.27846	0.63011 0.27846	0.59898 0.26261
0	1.0 1.0	0.66122 0.27846	0.68748 0.26261	0.66122 0.26261
0	1.0 1.0	0.66122 0.27846	0.68748 0.27842	0.68748 0.26261
0	1.0 1.0	0.21995 0.99945	0.33702 0.99943	0.21995 0.97461
0	1.0 1.0	0.24078 0.74558	0.31942 0.74543	0.23963 0.72565
0	1.0 1.0	0.21995 0.97461	0.33702 0.99943	0.33702 0.97459
0	1.0 1.0	0.23963 0.72565	0.32058 0.72565	0.24284 0.7157
0	1.0 1.0	0.23963 0.72565	0.14408 0.7833	0.24078 0.74558
0	1.0 1.0	0.31942 0.74543	0.32058 0.72565	0.23963 0.72565
0	1.0 1.0	0.31942 0.74543	0.41612 0.78315	0.32058 0.72565
0	1.0 1.0	0.07132 0.78897	0.14408 0.7833	0.23963 0.72565
0	1.0 1.0	0.07132 0.78897	0.14409 0.84216	0.14408 0.7833
0	1.0 1.0	0.18465 0.97461	0.15263 0.97461	0.18465 0.99945
0	1.0 1.0	0.05166 0.8859	0.2187 0.88593	0.07361 0.86223
0	1.0 1.0	0.05166 0.91484	0.2187 0.91486	0.05166 0.8859
0	1.0 1.0	0.05166 0.91484	0.19613 0.93868	0.2187 0.91486
0	1.0 1.0	0.07361 0.86223	0.2187 0.88593	0.19674 0.86225
0	1.0 1.0	0.2187 0.91486	0.2187 0.88593	0.05166 0.8859
0	1.0 1.0	0.41612 0.78315	0.48888 0.78882	0.32058 0.72565
0	1.0 1.0	0.41612 0.78315	0.41611 0.84201	0.48888 0.78882
0	1.0 1.0	0.04642 0.85399	0.14409 0.84216	0.07132 0.78897
0	1.0 1.0	0.05415 0.86015	0.14409 0.84216	0.04642 0.85399
0	1.0 1.0	0.05415 0.86015	0.41611 0.84201	0.14409 0.84216
0	1.0 1.0	0.05415 0.86015	0.50606 0.86	0.41611 0.84201
0	1.0 1.0	0.15263 0.97461	0.15263 0.99945	0.18465 0.99945
0	1.0 1.0	0.07422 0.93866	0.19613 0.93868	0.05166 0.91484
0	1.0 1.0	0.41611 0.84201	0.51379 0.85384	0.48888 0.78882
0	1.0 1.0	0.50606 0.86	0.51379 0.85384	0.41611 0.84201
0	1.0 1.0	0.75272 0.14695	0.75876 0.17439	0.75876 0.1443
0	1.0 1.0	0.75272 0.17705	0.75876 0.17439	0.75272 0.14695
0	1.0 1.0	0.68837 0.17863	0.6944 0.24158	0.6944 0.17705
0	1.0 1.0	0.68837 0.17863	0.68837 0.24979	0.6944 0.24158
0	1.0 1.0	0.6944 0.14695	0.68837 0.12862	0.68837 0.15177
0	1.0 1.0	0.75272 0.14695	0.6944 0.13289	0.6944 0.14695
0	1.0 1.0	0.75272 0.14695	0.75272 0.13289	0.6944 0.13289
0	1.0 1.0	0.6944 0.13289	0.68837 0.12862	0.6944 0.14695
0	1.0 1.0	0.87187 0.32294	0.86989 0.33073	0.89462 0.32294
0	1.0 1.0	0.86989 0.32294	0.85073 0.32294	0.86989 0.33073
0	1.0 1.0	0.86988 0.34655	0.85073 0.34654	0.86746 0.3516
0	1.0 1.0	0.86746 0.3516	0.85073 0.34654	0.85311 0.3516
0	1.0 1.0	0.86989 0.33073	0.85073 0.33073	0.86988 0.34655
0	1.0 1.0	0.85073 0.32294	0.85073 0.33073	0.86989 0.33073
0	1.0 1.0	0.85073 0.33073	0.85073 0.34654	0.86988 0.34655
0	1.0 1.0	0.9454 0.07915	0.94391 0.21161	0.9454 0.21161
0	1.0 1.0	0.05472 0.64471	0.05472 0.65878	0.11303 0.64471
0	1.0 1.0	0.05472 0.65878	0.11303 0.65878	0.11303 0.64471
0	1.0 1.0	0.05472 0.65878	0.11303 0.68888	0.11303 0.65878
0	1.0 1.0	0.05472 0.68888	0.11303 0.68888	0.05472 0.65878
0	1.0 1.0	0.05472 0.68888	0.11303 0.7534	0.11303 0.68888
0	1.0 1.0	0.05472 0.68888	0.05472 0.7534	0.11303 0.7534
0	1.0 1.0	0.28547 0.08202	0.24154 0.10884	0.28547 0.10884
0	1.0 1.0	0.28547 0.08202	0.09145 0.08202	0.24154 0.10884
0	1.0 1.0	0.24154 0.1506	0.28547 0.17758	0.28547 0.1506
0	1.0 1.0	0.24154 0.1506	0.09145 0.17758	0.28547 0.17758
0	1.0 1.0	0.24154 0.10884	0.09145 0.08202	0.24154 0.1506
0	1.0 1.0	0.48719 0.08193	0.55837 0.17745	0.55833 0.08193
0	1.0 1.0	0.09145 0.08202	0.09145 0.17758	0.24154 0.1506
0	1.0 1.0	0.0118 0.07676	0.02028 0.17753	0.02028 0.08197
0	1.0 1.0	0.83568 0.29594	0.80814 0.29594	0.83744 0.30385
0	1.0 1.0	0.83744 0.30385	0.86689 0.29594	0.83928 0.29594
0	1.0 1.0	0.83744 0.30385	0.86866 0.30385	0.86689 0.29594
0	1.0 1.0	0.83744 0.30385	0.80639 0.30385	0.83744 0.3196
0	1.0 1.0	0.83744 0.30385	0.80814 0.29594	0.80639 0.30385
0	1.0 1.0	0.83744 0.3196	0.86866 0.30385	0.83744 0.30385
0	1.0 1.0	0.83744 0.3196	0.86866 0.3196	0.86866 0.30385
0	1.0 1.0	0.87012 0.29594	0.89499 0.30385	0.89295 0.29594
0	1.0 1.0	0.86866 0.30385	0.89499 0.30385	0.87012 0.29594
0	1.0 1.0	0.80639 0.30385	0.80639 0.3196	0.83744 0.3196
0	1.0 1.0	0.80639 0.30385	0.78005 0.30385	0.80639 0.3196
0	1.0 1.0	0.80493 0.29594	0.78005 0.30385	0.80639 0.30385
0	1.0 1.0	0.86866 0.3196	0.89499 0.30385	0.86866 0.30385
0	1.0 1.0	0.86866 0.3196	0.89499 0.3196	0.89499 0.30385
0	1.0 1.0	0.62188 0.28213	0.64117 0.29004	0.64117 0.28213
0	1.0 1.0	0.62188 0.29004	0.64117 0.29004	0.62188 0.28213
0	1.0 1.0	0.62188 0.29004	0.64117 0.30578	0.64117 0.29004
0	1.0 1.0	0.62188 0.30578	0.64117 0.30578	0.62188 0.29004
0	1.0 1.0	0.62429 0.31084	0.64117 0.30579	0.62188 0.30578
0	1.0 1.0	0.63875 0.31084	0.64117 0.30579	0.62429 0.31084
0	1.0 1.0	0.72802 0.28213	0.69873 0.29004	0.72978 0.29004
0	1.0 1.0	0.73123 0.28213	0.75611 0.29004	0.75399 0.28213
0	1.0 1.0	0.64117 0.29004	0.66605 0.28213	0.64322 0.28213
0	1.0 1.0	0.64117 0.29004	0.66751 0.29004	0.66605 0.28213
0	1.0 1.0	0.64117 0.29004	0.66751 0.30578	0.66751 0.29004
0	1.0 1.0	0.64117 0.30578	0.66751 0.30578	0.64117 0.29004
0	1.0 1.0	0.70049 0.28213	0.69873 0.29004	0.72802 0.28213
0	1.0 1.0	0.66927 0.28213	0.69873 0.29004	0.69689 0.28213
0	1.0 1.0	0.66751 0.29004	0.69873 0.29004	0.66927 0.28213
0	1.0 1.0	0.66751 0.29004	0.69873 0.30578	0.69873 0.29004
0	1.0 1.0	0.66751 0.30578	0.69873 0.30578	0.66751 0.29004
0	1.0 1.0	0.72978 0.29004	0.69873 0.30578	0.72978 0.30578
0	1.0 1.0	0.72978 0.29004	0.75611 0.29004	0.73123 0.28213
0	1.0 1.0	0.69873 0.29004	0.69873 0.30578	0.72978 0.29004
0	1.0 1.0	0.72978 0.30578	0.75611 0.29004	0.72978 0.29004
0	1.0 1.0	0.27888 0.18708	0.09542 0.28246	0.27888 0.28246
0	1.0 1.0	0.48719 0.17749	0.55837 0.17745	0.48719 0.08193
0	1.0 1.0	0.09542 0.18699	0.09542 0.28246	0.27888 0.18708
0	1.0 1.0	0.0118 0.18358	0.02028 0.17753	0.0118 0.07676
0	1.0 1.0	0.75272 0.02177	0.75876 0.04921	0.75876 0.01912
0	1.0 1.0	0.75272 0.02177	0.75272 0.05187	0.75876 0.04921
0	1.0 1.0	0.77762 0.32464	0.76089 0.3196	0.76328 0.32464
0	1.0 1.0	0.78217 0.29594	0.78005 0.30385	0.80493 0.29594
0	1.0 1.0	0.78005 0.29594	0.76089 0.29594	0.78005 0.30385
0	1.0 1.0	0.78005 0.30385	0.78004 0.31959	0.80639 0.3196
0	1.0 1.0	0.78005 0.30385	0.76089 0.30385	0.78004 0.31959
0	1.0 1.0	0.78004 0.31959	0.76089 0.3196	0.77762 0.32464
0	1.0 1.0	0.78004 0.31959	0.76089 0.30385	0.76089 0.3196
0	1.0 1.0	0.76089 0.29594	0.76089 0.30385	0.78005 0.30385
0	1.0 1.0	0.75607 0.30578	0.75611 0.29004	0.72978 0.30578
0	1.0 1.0	0.91141 0.35518	0.91141 0.37833	0.91746 0.35977
0	1.0 1.0	0.91746 0.35977	0.91141 0.37833	0.91746 0.37384
0	1.0 1.0	0.91746 0.37384	0.97577 0.40394	0.97577 0.37384
0	1.0 1.0	0.91746 0.40394	0.97577 0.40394	0.91746 0.37384
0	1.0 1.0	0.68837 0.05345	0.6944 0.1164	0.6944 0.05187
0	1.0 1.0	0.68837 0.05345	0.68837 0.12461	0.6944 0.1164
0	1.0 1.0	0.97577 0.40394	0.97577 0.46846	0.9818 0.40552
0	1.0 1.0	0.97577 0.46846	0.9818 0.47668	0.9818 0.40552
0	1.0 1.0	0.48933 0.39587	0.55834 0.38601	0.48711 0.38601
0	1.0 1.0	0.48933 0.39587	0.56038 0.397	0.55834 0.38601
0	1.0 1.0	0.86294 0.29195	0.84023 0.26784	0.84089 0.29195
0	1.0 1.0	0.86294 0.29195	0.85889 0.24979	0.84023 0.26784
0	1.0 1.0	0.84023 0.26784	0.80214 0.24979	0.82079 0.26784
0	1.0 1.0	0.85889 0.24979	0.80214 0.24979	0.84023 0.26784
0	1.0 1.0	0.82079 0.26784	0.79808 0.29195	0.82013 0.29195
0	1.0 1.0	0.80214 0.24979	0.79808 0.29195	0.82079 0.26784
0	1.0 1.0	0.86565 0.01861	0.88319 0.08122	0.88326 0.01861
0	1.0 1.0	0.86565 0.01861	0.86571 0.08113	0.88319 0.08122
0	1.0 1.0	0.47936 0.46082	0.32806 0.67412	0.5459 0.48755
0	1.0 1.0	0.32806 0.67412	0.37146 0.73354	0.5459 0.48755
0	1.0 1.0	0.63821 0.12465	0.62653 0.12469	0.63821 0.12465
0	1.0 1.0	0.62653 0.12469	0.62653 0.12469	0.63821 0.12465
0	1.0 1.0	0.78176 0.32719	0.7009 0.3391	0.78267 0.3391
0	1.0 1.0	0.78176 0.32719	0.70137 0.32719	0.7009 0.3391
0	1.0 1.0	0.98101 0.00225	0.98101 0.10967	0.99984 0.00225
0	1.0 1.0	0.99984 0.00225	0.98101 0.10967	0.99984 0.10967
0	1.0 1.0	0.28926 0.00078	0.29954 0.07324	0.29954 0.00078
0	1.0 1.0	0.89821 0.00229	0.91704 0.1097	0.91704 0.00229
0	1.0 1.0	0.89821 0.00229	0.89821 0.1097	0.91704 0.1097
0	1.0 1.0	0.28939 0.00087	0.2791 0.07332	0.28939 0.07839
0	1.0 1.0	0.3634 0.86524	0.47746 0.87746	0.48756 0.86526
0	1.0 1.0	0.99878 0.56494	0.99878 0.48812	0.99073 0.56494
0	1.0 1.0	0.99073 0.56494	0.99878 0.48812	0.99073 0.48812
0	1.0 1.0	0.2791 0.00087	0.2791 0.07332	0.28939 0.00087
0	1.0 1.0	0.99073 0.66878	0.99073 0.72765	0.99878 0.66878
0	1.0 1.0	0.33794 0.89274	0.35498 0.89748	0.3634 0.86524
0	1.0 1.0	0.33794 0.89274	0.33794 0.92663	0.35498 0.92185
0	1.0 1.0	0.35498 0.92185	0.35498 0.89748	0.33794 0.89274
0	1.0 1.0	0.35498 0.89748	0.3735 0.87745	0.3634 0.86524
0	1.0 1.0	0.3735 0.87745	0.47746 0.87746	0.3634 0.86524
0	1.0 1.0	0.47746 0.87746	0.49598 0.8975	0.48756 0.86526
0	1.0 1.0	0.49598 0.92187	0.51302 0.89276	0.49598 0.8975
0	1.0 1.0	0.49598 0.92187	0.51302 0.92665	0.51302 0.89276
0	1.0 1.0	0.49598 0.8975	0.51302 0.89276	0.48756 0.86526
0	1.0 1.0	0.55404 0.00086	0.56415 0.07317	0.56415 0.00086
0	1.0 1.0	0.55404 0.00086	0.55404 0.07317	0.56415 0.07317
0	1.0 1.0	0.99073 0.72765	0.99878 0.72765	0.99878 0.66878
0	1.0 1.0	0.33794 0.92663	0.36425 0.95413	0.35498 0.92185
0	1.0 1.0	0.36425 0.95413	0.37423 0.94193	0.35498 0.92185
0	1.0 1.0	0.36425 0.95413	0.48671 0.95415	0.37423 0.94193
0	1.0 1.0	0.37423 0.94193	0.48671 0.95415	0.47673 0.94194
0	1.0 1.0	0.47673 0.94194	0.48671 0.95415	0.49598 0.92187
0	1.0 1.0	0.48671 0.95415	0.51302 0.92665	0.49598 0.92187
0	1.0 1.0	0.0145 0.00094	0.0145 0.07325	0.0246 0.00094
0	1.0 1.0	0.28926 0.0783	0.29954 0.07324	0.28926 0.00078
0	1.0 1.0	0.75272 0.17705	0.6944 0.24158	0.75272 0.24158
0	1.0 1.0	1 0.15265	0.98145 0.31763	1 0.31744
0	1.0 1.0	0.6944 0.17705	0.6944 0.24158	0.75272 0.17705
0	1.0 1.0	0.98145 0.15265	0.98145 0.31763	1 0.15265
0	1.0 1.0	0.04867 0.64012	0.04867 0.66328	0.05472 0.64471
0	1.0 1.0	0.04867 0.66328	0.05472 0.65878	0.05472 0.64471
0	1.0 1.0	0.11303 0.68888	0.11303 0.7534	0.11906 0.69046
0	1.0 1.0	0.11303 0.7534	0.11906 0.76162	0.11906 0.69046
0	1.0 1.0	0.57688 0.07656	0.56678 0.18337	0.57688 0.18337
0	1.0 1.0	0.55837 0.08189	0.55837 0.17745	0.56685 0.07668
0	1.0 1.0	0.56678 0.07656	0.56678 0.18337	0.57688 0.07656
0	1.0 1.0	0.56685 0.07668	0.55837 0.17745	0.56685 0.18349
0	1.0 1.0	0.0145 0.07325	0.0246 0.07325	0.0246 0.00094
0	1.0 1.0	0.00177 0.07664	0.01187 0.18346	0.01187 0.07664
0	1.0 1.0	0.28935 0.18105	0.28935 0.2873	0.29979 0.1871
0	1.0 1.0	0.55433 0.18698	0.56444 0.28236	0.56444 0.18698
0	1.0 1.0	0.55433 0.18698	0.55433 0.28236	0.56444 0.28236
0	1.0 1.0	0.00177 0.18346	0.01187 0.18346	0.00177 0.07664
0	1.0 1.0	0.01421 0.18706	0.01421 0.28244	0.02432 0.18706
0	1.0 1.0	0.28935 0.2873	0.29979 0.28248	0.29979 0.1871
0	1.0 1.0	0.75272 0.05187	0.6944 0.1164	0.75272 0.1164
0	1.0 1.0	0.91265 0.35404	0.97577 0.35977	0.98029 0.35404
0	1.0 1.0	0.91746 0.35977	0.97577 0.35977	0.91265 0.35404
0	1.0 1.0	0.91746 0.40394	0.97577 0.46846	0.97577 0.40394
0	1.0 1.0	0.28554 0.29098	0.24163 0.31772	0.28556 0.31772
0	1.0 1.0	0.28554 0.29098	0.09154 0.29096	0.24163 0.31772
0	1.0 1.0	0.91746 0.46846	0.97577 0.46846	0.91746 0.40394
0	1.0 1.0	0.09154 0.29096	0.24163 0.35947	0.24163 0.31772
0	1.0 1.0	0.09154 0.29096	0.09154 0.38609	0.24163 0.35947
0	1.0 1.0	0.55837 0.29098	0.55837 0.38611	0.56685 0.28616
0	1.0 1.0	0.56688 0.28614	0.56688 0.39259	0.57698 0.28614
0	1.0 1.0	0.01421 0.28244	0.02432 0.28244	0.02432 0.18706
0	1.0 1.0	0.00166 0.28622	0.01177 0.39268	0.01177 0.28622
0	1.0 1.0	0.00166 0.28622	0.00166 0.39268	0.01177 0.39268
0	1.0 1.0	0.6944 0.05187	0.6944 0.1164	0.75272 0.05187
0	1.0 1.0	0.28556 0.35947	0.24163 0.35947	0.28556 0.38614
0	1.0 1.0	0.24163 0.35947	0.09154 0.38609	0.28556 0.38614
0	1.0 1.0	0.55837 0.38611	0.56685 0.39262	0.56685 0.28616
0	1.0 1.0	0.56688 0.39259	0.57698 0.39259	0.57698 0.28614
0	1.0 1.0	0.5545 0.39815	0.5507 0.46326	0.56454 0.3992
0	1.0 1.0	0.0141 0.39929	0.02795 0.46335	0.02415 0.39823
0	1.0 1.0	0.85646 0.03802	0.86565 0.01861	0.86046 0.01361
0	1.0 1.0	0.85646 0.03802	0.86571 0.08113	0.86565 0.01861
0	1.0 1.0	0.85646 0.03802	0.86336 0.08135	0.86571 0.08113
0	1.0 1.0	0.5507 0.46326	0.56101 0.46439	0.56454 0.3992
0	1.0 1.0	0.5459 0.48755	0.37146 0.73354	0.55025 0.49675
0	1.0 1.0	0.01764 0.46447	0.02795 0.46335	0.0141 0.39929
0	1.0 1.0	0.0282 0.49665	0.20705 0.73359	0.03262 0.48747
0	1.0 1.0	0.62661 0.00038	0.63821 0.12465	0.63827 0.00038
0	1.0 1.0	0.62661 0.00038	0.62653 0.12469	0.63821 0.12465
0	1.0 1.0	0.67691 0.15908	0.5871 0.1688	0.67691 0.1688
0	1.0 1.0	0.67691 0.15908	0.5871 0.15954	0.5871 0.1688
0	1.0 1.0	0.67691 0.1688	0.5871 0.24458	0.67691 0.24467
0	1.0 1.0	0.5871 0.1688	0.5871 0.24458	0.67691 0.1688
0	1.0 1.0	0.37146 0.73354	0.37919 0.73735	0.55025 0.49675
0	1.0 1.0	0.19927 0.73771	0.20705 0.73359	0.0282 0.49665
0	1.0 1.0	0.24227 0.74667	0.14844 0.78327	0.22347 0.75656
0	1.0 1.0	0.22347 0.75656	0.31815 0.74663	0.24227 0.74667
0	1.0 1.0	0.33695 0.75652	0.31815 0.74663	0.22347 0.75656
0	1.0 1.0	0.33695 0.75652	0.41198 0.78323	0.31815 0.74663
0	1.0 1.0	0.14844 0.78327	0.20014 0.7817	0.22347 0.75656
0	1.0 1.0	0.14844 0.78327	0.14844 0.84039	0.20014 0.7817
0	1.0 1.0	0.36028 0.78167	0.41198 0.78323	0.33695 0.75652
0	1.0 1.0	0.36028 0.78167	0.36028 0.81272	0.41198 0.78323
0	1.0 1.0	0.41198 0.78323	0.36028 0.81272	0.33637 0.83788
0	1.0 1.0	0.14844 0.84039	0.20014 0.81276	0.20014 0.7817
0	1.0 1.0	0.14844 0.84039	0.22405 0.83792	0.20014 0.81276
0	1.0 1.0	0.14844 0.84039	0.41198 0.84035	0.22405 0.83792
0	1.0 1.0	0.22405 0.83792	0.41198 0.84035	0.33637 0.83788
0	1.0 1.0	0.33637 0.83788	0.41198 0.84035	0.41198 0.78323
0	1.0 1.0	0.29317 0.10876	0.3371 0.10876	0.29317 0.08193
0	1.0 1.0	0.29317 0.15051	0.29317 0.17749	0.3371 0.15051
0	1.0 1.0	0.3371 0.10876	0.48719 0.08193	0.29317 0.08193
0	1.0 1.0	0.3371 0.15051	0.48719 0.08193	0.3371 0.10876
0	1.0 1.0	0.3371 0.15051	0.48719 0.17749	0.48719 0.08193
0	1.0 1.0	0.29317 0.17749	0.48719 0.17749	0.3371 0.15051
0	1.0 1.0	0.09542 0.18699	0.02445 0.28246	0.09542 0.28246
0	1.0 1.0	0.02445 0.18699	0.02445 0.28246	0.09542 0.18699
0	1.0 1.0	0.29309 0.31763	0.33702 0.31763	0.29311 0.2909
0	1.0 1.0	0.33702 0.31763	0.48711 0.29088	0.29311 0.2909
0	1.0 1.0	0.33702 0.31763	0.33702 0.35939	0.48711 0.29088
0	1.0 1.0	0.29309 0.38606	0.33702 0.35939	0.29309 0.35939
0	1.0 1.0	0.29309 0.38606	0.48711 0.38601	0.33702 0.35939
0	1.0 1.0	0.33702 0.35939	0.48711 0.38601	0.48711 0.29088
0	1.0 1.0	0.98101 0.00225	0.96819 0.03758	0.97532 0.05478
0	1.0 1.0	0.98101 0.00225	0.95414 0.03045	0.96819 0.03758
0	1.0 1.0	0.97532 0.05478	0.98101 0.10967	0.98101 0.00225
0	1.0 1.0	0.97532 0.05478	0.96637 0.10967	0.98101 0.10967
0	1.0 1.0	0.96819 0.07199	0.96637 0.10967	0.97532 0.05478
0	1.0 1.0	0.96819 0.07199	0.95414 0.07912	0.96637 0.10967
0	1.0 1.0	0.95414 0.00225	0.95414 0.03045	0.98101 0.00225
0	1.0 1.0	0.94391 0.03048	0.91704 0.00229	0.92986 0.03761
0	1.0 1.0	0.94391 0.00229	0.91704 0.00229	0.94391 0.03048
0	1.0 1.0	0.92986 0.03761	0.91704 0.00229	0.92273 0.05482
0	1.0 1.0	0.92986 0.07202	0.91704 0.1097	0.93169 0.1097
0	1.0 1.0	0.92986 0.07202	0.94391 0.21161	0.94391 0.07915
0	1.0 1.0	0.92273 0.05482	0.91704 0.1097	0.92986 0.07202
0	1.0 1.0	0.91704 0.00229	0.91704 0.1097	0.92273 0.05482
0	1.0 1.0	0.98145 0.15265	0.96819 0.2187	0.97532 0.23591
0	1.0 1.0	0.96637 0.15265	0.96819 0.2187	0.98145 0.15265
0	1.0 1.0	0.96637 0.10967	0.95414 0.07912	0.96637 0.15265
0	1.0 1.0	0.95414 0.07912	0.96819 0.2187	0.96637 0.15265
0	1.0 1.0	0.95414 0.07912	0.95414 0.21157	0.96819 0.2187
0	1.0 1.0	0.94391 0.07915	0.94391 0.21161	0.9454 0.07915
0	1.0 1.0	0.93169 0.1097	0.94391 0.21161	0.92986 0.07202
0	1.0 1.0	0.93169 0.15269	0.94391 0.21161	0.93169 0.1097
0	1.0 1.0	0.93169 0.15269	0.92986 0.21873	0.94391 0.21161
0	1.0 1.0	0.93169 0.15269	0.92273 0.23594	0.92986 0.21873
0	1.0 1.0	0.9166 0.15269	0.92273 0.23594	0.93169 0.15269
0	1.0 1.0	0.9166 0.15269	0.9166 0.31744	0.92273 0.23594
0	1.0 1.0	0.89867 0.15269	0.9166 0.31744	0.9166 0.15269
0	1.0 1.0	0.89867 0.15269	0.89867 0.31744	0.9166 0.31744
0	1.0 1.0	0.97532 0.23591	0.98145 0.31763	0.98145 0.15265
0	1.0 1.0	0.96821 0.2531	0.98145 0.31763	0.97532 0.23591
0	1.0 1.0	0.96821 0.2531	0.95414 0.26023	0.98145 0.31763
0	1.0 1.0	0.92986 0.25315	0.9166 0.31744	0.94398 0.26025
0	1.0 1.0	0.92273 0.23594	0.9166 0.31744	0.92986 0.25315
0	1.0 1.0	0.27886 0.18718	0.2893 0.28738	0.2893 0.18114
0	1.0 1.0	0.27886 0.18718	0.27886 0.28256	0.2893 0.28738
0	1.0 1.0	0.84765 0.05905	0.83543 0.05905	0.84765 0.05905
0	1.0 1.0	0.96639 0.31763	0.95414 0.26023	0.95419 0.31763
0	1.0 1.0	0.83543 0.05905	0.84765 0.10219	0.84765 0.05905
0	1.0 1.0	0.83543 0.05905	0.83543 0.20332	0.84765 0.10219
0	1.0 1.0	0.98145 0.31763	0.95414 0.26023	0.96639 0.31763
0	1.0 1.0	0.83411 0.00204	0.83543 0.20332	0.83543 0.00204
0	1.0 1.0	0.83411 0.00204	0.83411 0.20332	0.83543 0.20332
0	1.0 1.0	0.94398 0.26025	0.93169 0.31744	0.94398 0.31744
0	1.0 1.0	0.94398 0.26025	0.9166 0.31744	0.93169 0.31744
0	1.0 1.0	0.81172 0.05905	0.81172 0.10222	0.82395 0.05905
0	1.0 1.0	0.82395 0.05905	0.81172 0.05905	0.81172 0.05905
0	1.0 1.0	0.88118 0.12928	0.89193 0.27807	0.89268 0.13598
0	1.0 1.0	0.88118 0.12928	0.86234 0.20332	0.89193 0.27807
0	1.0 1.0	0.88116 0.1022	0.86233 0.1022	0.88118 0.12928
0	1.0 1.0	0.86233 0.1022	0.86234 0.20332	0.88118 0.12928
0	1.0 1.0	0.86233 0.1022	0.83543 0.20332	0.86234 0.20332
0	1.0 1.0	0.84765 0.10219	0.83543 0.20332	0.86233 0.1022
0	1.0 1.0	0.81172 0.10222	0.82395 0.20332	0.82395 0.05905
0	1.0 1.0	0.79705 0.10224	0.77821 0.10224	0.77821 0.12928
0	1.0 1.0	0.79705 0.10224	0.82395 0.20332	0.81172 0.10222
0	1.0 1.0	0.77821 0.12928	0.79705 0.20332	0.79705 0.10224
0	1.0 1.0	0.77821 0.12928	0.76746 0.27807	0.79705 0.20332
0	1.0 1.0	0.89268 0.13598	0.89193 0.27807	0.89909 0.2768
0	1.0 1.0	0.76714 0.13598	0.76746 0.27807	0.77821 0.12928
0	1.0 1.0	0.76714 0.13598	0.76073 0.2768	0.76746 0.27807
0	1.0 1.0	0.3095 0.88303	0.29669 0.91187	0.31326 0.91187
0	1.0 1.0	0.2941 0.88303	0.29669 0.91187	0.3095 0.88303
0	1.0 1.0	0.29669 0.91187	0.31656 0.93945	0.31326 0.91187
0	1.0 1.0	0.28286 0.91187	0.28177 0.93945	0.29669 0.91187
0	1.0 1.0	0.30708 0.86307	0.24245 0.88304	0.30948 0.88304
0	1.0 1.0	0.30708 0.86307	0.24485 0.86307	0.24245 0.88304
0	1.0 1.0	0.25783 0.88303	0.24243 0.88303	0.25523 0.91187
0	1.0 1.0	0.79705 0.20332	0.82395 0.20332	0.79705 0.10224
0	1.0 1.0	0.25523 0.91187	0.27016 0.93946	0.26906 0.91187
0	1.0 1.0	0.25523 0.91187	0.24243 0.88303	0.23866 0.91187
0	1.0 1.0	0.25523 0.91187	0.23537 0.93946	0.27016 0.93946
0	1.0 1.0	0.23866 0.91187	0.23537 0.93946	0.25523 0.91187
0	1.0 1.0	0.67691 0.00038	0.68505 0.15775	0.68505 0.00137
0	1.0 1.0	0.67691 0.00038	0.67691 0.15908	0.68505 0.15775
0	1.0 1.0	0.63831 0.00038	0.63821 0.12465	0.67691 0.12449
0	1.0 1.0	0.28177 0.93945	0.31656 0.93945	0.29669 0.91187
0	1.0 1.0	0.62595 0.00038	0.5871 0.00038	0.5871 0.12485
0	1.0 1.0	0.67691 0.15908	0.67691 0.12449	0.5871 0.15954
0	1.0 1.0	0.67691 0.12449	0.67691 0.00038	0.63831 0.00038
0	1.0 1.0	0.5871 0.12485	0.62653 0.12469	0.62595 0.00038
0	1.0 1.0	0.5871 0.15954	0.67691 0.12449	0.5871 0.12485
0	1.0 1.0	0.83411 0.20332	0.82427 0.20625	0.83553 0.20625
0	1.0 1.0	0.82573 0.20332	0.82427 0.20625	0.83411 0.20332

NAMES 1
Hull

NORMALS
0 1 0
0 1 0
0 1 0
0 1 0
0 1 0
0.89443 0.44721 0
0.89443 0.44721 0
0.89443 0.44721 0
0.89443 0.44721 0
-0.89445 0.44717 0
-0.89445 0.44717 0
-0.89445 0.44717 0
-0.89445 0.44717 0
0 1 0
0 1 0
0 1 0
0 1 0
0 1 0
-0.73309 0.68013 0
-0.73309 0.68013 0
-0.73309 0.68013 0
0.3634 -0.93163 0
0.3634 -0.93163 0
0.3634 -0.93163 0
-0.73309 0.68013 0
-0.93385 0.35765 0
-0.93385 0.35765 0
-0.93385 0.35765 0
0.3634 -0.93163 0
0.72485 0.68891 0
0.72485 0.68891 0
0.72485 0.68891 0
0.72485 0.68891 0
0.73309 -0.68013 0
0.73309 -0.68013 0
0.73309 -0.68013 0
0.73309 -0.68013 0
-0.73309 -0.68013 0
-0.73309 -0.68013 0
-0.73309 -0.68013 0
-0.72485 0.68891 0
-0.72485 0.68891 0
-0.72485 0.68891 0
-0.72485 0.68891 0
-0.73309 -0.68013 0
1 0 0
1 0 0
1 0 0
1 0 0
-1 0 0
-1 0 0
-1 0 0
0.93385 0.35765 0
0.93385 0.35765 0
0.93385 0.35765 0
0 -1 0
0 -1 0
0 -1 0
0 -1 0
0 -1 0
0 -1 0
0 -1 0
-1 0 0
0.93385 0.35765 0
-0.19417 0.50888 -0.83865
-0.2009 0.53039 -0.82361
-0.2009 0.53039 -0.82361
-0.93722 0.34873 0
-0.93722 0.34873 0
-0.93722 0.34873 0
-0.93722 0.34873 0
-0.65078 0.75927 0
-0.65078 0.75927 0
-0.65078 0.75927 0
-0.65078 0.75927 0
0.89443 0.44721 0
0.89443 0.44721 0
0.89443 0.44721 0
0.89443 0.44721 0
0.6508 0.75925 0
0.6508 0.75925 0
0.6508 0.75925 0
0.6508 0.75925 0
0.63045 0.22292 -0.74353
0.63045 0.22292 -0.74353
0.60153 0.20052 -0.77327
0.65797 0.24483 -0.71213
0.23979 0.63423 0.73502
0.23979 0.63423 0.73502
0.23635 0.62801 0.74145
0.2432 0.64039 0.72853
0.18189 0.98332 0
0.18189 0.98332 0
0.18189 0.98332 0
0.18189 0.98332 0
-0.20748 0.5515 -0.80796
0.2008 0.53006 -0.82384
0.2008 0.53006 -0.82384
0.19397 0.50822 -0.8391
-0.93385 0.35765 0
0.20748 0.5515 -0.80796
0.93179 0.363 0
0.93179 0.363 0
0.93179 0.363 0
0.93179 0.363 0
0 1 0
0 1 0
0 1 0
0 1 0
0 1 0
0 1 0
0 1 0
0 1 0
0 1 0
0 1 0
0.21446 0.5619 0.79892
0.2211 0.58363 0.78134
0.2211 0.58363 0.78134
-0.35212 0.93596 0
-0.35212 0.93596 0
-0.35212 0.93596 0
-0.56779 0.21936 0.79341
-0.56779 0.21936 0.79341
-0.57603 0.22441 0.78602
0.22756 0.60487 0.76311
-0.55947 0.21427 0.80067
-0.23585 0.62669 0.74272
-0.23963 0.63352 0.73568
-0.23963 0.63352 0.73568
-0.24338 0.64027 0.72857
0 1 0
0 1 0
0 1 0
-0.65078 0.75927 0
-0.65078 0.75927 0
-0.65078 0.75927 0
-0.89445 0.44717 0
-0.89445 0.44717 0
-0.89445 0.44717 0
-0.89445 0.44717 0
0 1 0
0 1 0
0 1 0
0 1 0
0.23983 0.63435 0.73491
0.23983 0.63435 0.73491
0.23639 0.62813 0.74133
0.24325 0.64051 0.72841
-0.35212 0.93596 0
-0.49474 0.19274 -0.8474
-0.48648 0.18795 -0.85324
-0.48648 0.18795 -0.85324
0.48648 0.18795 -0.85324
0.82873 -0.01423 -0.55947
0.49474 0.19274 -0.8474
0.72733 -0.58281 -0.36239
0.93179 0.363 0
0.96551 -0.26038 0
0.93179 0.363 0
-0.47816 0.18313 -0.85897
-0.62943 0.2228 -0.74443
-0.62943 0.2228 -0.74443
-0.60121 0.20092 -0.77342
-0.65632 0.24421 -0.71387
0 1 0
0.63039 0.2229 -0.74358
0.63039 0.2229 -0.74358
0.60147 0.2005 -0.77332
0.65791 0.24481 -0.71219
0.23083 0.6048 0.76219
0.23481 0.6172 0.75095
0.23481 0.6172 0.75095
-0.23397 0.61542 0.75267
-0.23397 0.61542 0.75267
-0.23053 0.60471 0.76235
-0.23735 0.62599 0.74283
-0.93075 0.35933 0.06769
-0.92987 0.36221 0.06444
-0.92987 0.36221 0.06444
0.23872 0.62943 0.73948
0 -1 0
0 -1 0
0.62292 -0.78228 0
0.93026 0.36093 0.06589
0.93026 0.36093 0.06589
0.93152 0.35676 0.07059
0.92896 0.36508 0.06118
0.99541 0 0.09575
0.99541 0 0.09575
0.99541 0 0.09575
0.97885 0.20236 0.02989
0.99104 0.13201 0.02031
0.97943 0.19945 0.0307
0 1 0
0 1 0
0 1 0
0 1 0
0 1 0
0 1 0
0 1 0
0 1 0
-0.99541 0 0.09575
-0.99541 0 0.09575
-0.99541 0 0.09575
0 1 0
0 1 0
0.99522 0.0964 0.01546
0.99999 -0.00475 -0.00076
-0.92896 0.36508 0.06118
0.46031 0.80948 0.3645
0.46031 0.80948 0.3645
0.46031 0.80948 0.3645
0 -1 0
0 -1 0
-0.45973 0.81002 0.36402
-0.45973 0.81002 0.36402
-0.45973 0.81002 0.36402
-0.96834 0.22972 0.09768
-0.96834 0.22972 0.09768
-0.98628 0.15336 0.06108
-0.94315 0.30436 0.13355
0.77857 0.28243 0.56041
0.7894 0.25386 0.55893
0.78039 0.25721 0.56994
0.75472 0.33876 0.56182
0.77745 0.29497 0.55549
-0.62301 -0.63626 0.45501
-0.62301 -0.63626 0.45501
-0.62301 -0.63626 0.45501
0 -1 0
0 1 0
0 1 0
0 1 0
0 1 0
-0.35212 0.93596 0
-0.35212 0.93596 0
-0.35212 0.93596 0
0.35212 0.93596 0
0.35212 0.93596 0
0.35212 0.93596 0
0.73309 0.68013 0
0.73309 0.68013 0
0.73309 0.68013 0
0.73309 0.68013 0
-0.3634 -0.93163 0
-0.3634 -0.93163 0
-0.3634 -0.93163 0
1 0 0
1 0 0
1 0 0
1 0 0
0 -1 0
0 -1 0
0 -1 0
0 -1 0
-1 0 0
-1 0 0
-1 0 0
-1 0 0
-0.3634 -0.93163 0
0.35212 0.93596 0
0 1 0
0 1 0
0 1 0
0 1 0
-0.72485 -0.68891 0
-0.72485 -0.68891 0
-0.72485 -0.68891 0
-0.72485 -0.68891 0
0 1 0
0 1 0
0 1 0
0 1 0
0.72485 -0.68891 0
0.72485 -0.68891 0
0.72485 -0.68891 0
0.72485 -0.68891 0
-0.23421 0.62232 0.7469
-0.23898 0.63094 0.73811
-0.23898 0.63094 0.73811
-0.24371 0.63944 0.72919
0 0.75914 0.65093
0 0.75914 0.65093
0 0.75914 0.65093
-0.62238 0.22212 -0.75054
-0.64459 0.23984 -0.72593
-0.62238 0.22212 -0.75054
-0.59929 0.20408 -0.77408
0 0.75914 0.65093
0 1 0
0 1 0
0 1 0
0 1 0
0 0.75932 -0.65072
0 0.75932 -0.65072
0 0.75932 -0.65072
0.618 0.21329 0.75669
0.63825 0.22916 0.73493
0.63825 0.22916 0.73493
0.65778 0.24476 0.71233
0 0.75932 -0.65072
-0.35212 0.93596 0
-0.18189 0.98332 0
-0.18189 0.98332 0
-0.18189 0.98332 0
-0.18189 0.98332 0
-0.52252 0.20356 -0.82797
-0.51421 0.19866 -0.83434
-0.51421 0.19866 -0.83434
0.51421 0.19866 -0.83434
0.51421 0.19866 -0.83434
0.52252 0.20356 -0.82797
0.50582 0.19372 -0.84061
-0.50582 0.19372 -0.84061
-0.22132 0.58436 0.78073
-0.22132 0.58436 0.78073
-0.21491 0.56339 0.79775
-0.22756 0.60487 0.76311
-0.93385 0.35765 0
-0.93385 0.35765 0
-0.93385 0.35765 0
0.57603 0.22441 0.78602
0.56779 0.21936 0.79341
0.56779 0.21936 0.79341
0.55947 0.21427 0.80067
-0.18414 0.48287 -0.85611
-0.1906 0.50333 -0.84281
-0.1906 0.50333 -0.84281
0 0.75925 0.6508
0 0.75925 0.6508
0 0.75925 0.6508
0 0.75925 0.6508
-0.93722 0.34873 0
-0.93722 0.34873 0
-0.93722 0.34873 0
-0.93722 0.34873 0
-0.24077 0.84271 -0.48153
-0.3665 0.85519 -0.3665
0 1 0
0 1 0
0 1 0
0 1 0
0.63837 0.2292 0.73481
0.63837 0.2292 0.73481
0.6579 0.2448 0.71221
0.61812 0.21333 0.75658
0.18189 0.98332 0
0.18189 0.98332 0
0.18189 0.98332 0
0.19023 0.50217 -0.84358
0.19023 0.50217 -0.84358
0.1834 0.48052 -0.85759
-0.18189 0.98332 0
-0.18189 0.98332 0
-0.18189 0.98332 0
-0.18189 0.98332 0
-0.19694 0.52347 -0.82897
-0.93179 0.363 0
-0.93179 0.363 0
-0.93179 0.363 0
-0.93385 0.35765 0
0.19694 0.52347 -0.82897
0 0.75927 -0.65078
0 0.75927 -0.65078
0 0.75927 -0.65078
0 0.75927 -0.65078
0 0.75927 -0.65078
0 0.75927 -0.65078
0.18189 0.98332 0
-0.36328 0.93055 0.04598
-0.36328 0.93055 0.04598
-0.36259 0.93072 0.04787
-0.36396 0.93037 0.04408
-0.93179 0.363 0
0.60209 0.23456 0.7632
0.59399 0.22948 0.77105
0.59399 0.22948 0.77105
0.5858 0.22435 0.77878
0.36256 0.93067 0.049
0.36346 0.93045 0.04654
0.36346 0.93045 0.04654
0 0 1
0 0 1
0 0 1
0 0 1
0.23537 0 -0.97191
-0.23537 0 -0.97191
-0.95105 0 -0.30903
0.95105 0 -0.30903
0.95105 0 -0.30903
0.7617 0 0.64793
-0.95105 0 -0.30903
-0.7617 0 0.64793
-0.38085 0 0.92464
-0.23538 0 -0.9719
-0.95105 0 -0.30903
0.23536 0 -0.97191
0.38084 0 0.92464
0.76169 0 0.64794
-0.38085 0 0.92464
-0.7617 0 0.64793
0.38085 0 0.92464
-0.95105 0 -0.30903
0 0.56607 0.82436
0 0.56607 0.82436
0 0.56607 0.82436
0 0.56607 0.82436
0.95105 0 -0.30902
0.95105 0 -0.30902
0.36436 0.93022 0.04407
0.74546 0.285 0.60255
0.74546 0.285 0.60255
0.7449 0.29305 0.59937
0.74597 0.27692 0.60568
0.98661 0.14943 0.06535
0.98661 0.14943 0.06535
0.94484 0.29782 0.1363
0.99997 -0.00326 -0.00748
0.78798 0.5607 0.25436
0.78798 0.5607 0.25436
0.76644 0.58426 0.26684
0.80859 0.53649 0.24157
-0.75472 0.33876 0.56182
-0.77857 0.28243 0.56041
-0.77745 0.29497 0.55549
-0.7894 0.25386 0.55893
-0.78039 0.25721 0.56994
0.6059 -0.66112 0.44251
0.6059 -0.66112 0.44251
0.6059 -0.66112 0.44251
0 0 -1
0 0 -1
0 0 -1
-0.76197 0.24246 0.60051
-0.64504 0 0.76415
-1 0 0.00002
-0.25603 0.34109 0.90449
-0.91547 0.40238 0.00001
-0.76195 0.24253 -0.6005
-0.645 0 -0.76418
-0.11547 0 0.99331
-0.60598 0.56684 -0.55811
-0.81869 0.57424 0
-0.60602 0.56676 0.55815
-0.29818 0.29508 -0.90775
-0.13353 0.56905 -0.81139
0.22452 0.29919 -0.9274
0.20076 0.5625 -0.80205
-0.11545 0 -0.99331
0 0 -1
0 0 -1
0.11545 0 -0.99331
0 0 -1
0 0 -1
0 0 -1
0 0 -1
0 0 -1
0.645 0 -0.76418
0 0 -1
0.60598 0.56684 -0.55811
0.76195 0.24253 -0.6005
0.76197 0.24246 0.60051
1 0 0.00002
0.64504 0 0.76415
0.2562 0.25346 0.9328
0.60602 0.56676 0.55815
0.91547 0.40238 0.00001
0.13353 0.56905 0.81139
0.81869 0.57424 0
0.11547 0 0.99331
0 1 0
0 1 0
0 1 0
0 0 -1
0 0 -1
0 0 -1
0 1 0
0 0 -1
0 0 -1
0 0 -1
0 0 -1
-1 0 0
-1 0 0
-1 0 0
0 0 -1
0 0 -1
0 0 -1
0 0 -1
0 0 -1
0 0 -1
0 0 -1
0 0 -1
0 0 -1
0 0 -1
0 0 -1
0 0 -1
-1 0 0
0 0 -1
0 0 -1
-0.62072 0.22191 0.75197
-0.62072 0.22191 0.75197
-0.64197 0.23887 0.72857
-0.59868 0.20466 0.7744
-0.23918 0.63164 -0.73744
-0.23918 0.63164 -0.73744
-0.23461 0.6234 -0.74588
-0.24371 0.63979 -0.72889
0 0.88841 -0.45906
0 0.75932 -0.65072
0 0.75932 -0.65072
0 1 0
0 0.9733 -0.22953
0 1 0
-0.20076 0.5625 0.80205
0 0 1
0 0 1
-0.89445 0.44717 0
-0.08964 0.09067 -0.99184
-0.63247 0.3162 -0.70711
0 1 0
0.57064 0.8212 0
0 1 0
0.57064 0.8212 0
0.80632 0.59148 0
0.59448 0.80411 0
0.35223 0.93592 0
0.35223 0.93592 0
0.3558 0.93456 -0.00135
0.35621 0.93441 -0.0009
0.35503 0.93485 0
0.35687 0.93415 -0.0009
0.35641 0.93433 0.00067
0.3558 0.93456 0.00135
0.35503 0.93485 0
0.3568 0.93418 0.00135
-0.93179 0.363 0
-0.93179 0.363 0
-0.93179 0.363 0
0.62292 -0.78228 0
0.62292 -0.78228 0
0.62292 -0.78228 0
-0.81869 0.57424 0
-0.60598 0.56681 0.55813
-0.91547 0.40238 0
-0.60598 0.56681 -0.55813
-0.76196 0.24249 -0.60051
-0.76196 0.24249 0.60051
-1 0 0
-0.64501 0 -0.76417
-0.25616 0.25348 -0.93281
-0.13351 0.56908 -0.81137
-0.64501 0 0.76417
-0.256 0.34112 0.90449
-0.15454 0 -0.98799
0.25599 0.34112 -0.90449
0.20073 0.56253 -0.80204
0 0 -1
0.60598 0.56681 0.55813
0.91547 0.40238 0
0.76196 0.24249 0.60051
0.25616 0.25349 0.93281
0.13351 0.5691 0.81136
0.60598 0.56681 -0.55813
0.76196 0.24249 -0.60051
0.64501 0 -0.76417
0.81869 0.57424 0
1 0 0
0.64501 0 0.76417
0.35212 0.93596 0
0.35212 0.93596 0
0.35212 0.93596 0
-0.93179 0.363 0
0.35212 0.93596 0
0.62292 -0.78228 0
-0.62794 0.22264 0.74574
-0.62794 0.22264 0.74574
-0.65386 0.24329 0.71643
-0.60078 0.20156 0.77359
0 0 1
0.11545 0 0.99331
0 0 1
-0.20072 0.56255 0.80203
-0.11545 0 0.99331
0 0.75925 0.6508
0 0.75925 0.6508
0 0.75925 0.6508
0 0.75925 0.6508
0.93722 0.34874 0
0.93722 0.34874 0
0.93722 0.34874 0
0.93722 0.34874 0
-0.23976 0.63403 -0.7352
-0.23976 0.63403 -0.7352
-0.23618 0.62756 -0.74188
-0.24331 0.64044 -0.72845
0.2364 0.62815 -0.74132
0.23984 0.63437 -0.73489
0.23984 0.63437 -0.73489
0.24325 0.64053 -0.72839
-0.58921 0.22851 0.77499
-0.58921 0.22851 0.77499
-0.59349 0.23121 0.77091
-0.5849 0.22581 0.77904
-0.00977 0.99993 0.00732
-0.00489 0.99996 -0.00738
0 0.99986 0.01652
-0.00977 0.99988 -0.01198
0.00651 0.99986 -0.01534
0.00651 0.99998 -0.00248
0.00977 0.99993 0.00732
0 0.99986 0.01652
0 0.96453 0.26399
0 0.96453 0.26399
0 0.96453 0.26399
0 0.96453 0.26399
-0.7449 0.29305 0.59937
-0.74546 0.285 0.60255
-0.74546 0.285 0.60255
-0.74597 0.27692 0.60568
0 0.94508 -0.32683
0 0.94508 -0.32683
0 0.94508 -0.32683
0 0.94508 -0.32683
0 -0.84725 0.53119
0 -0.84725 0.53119
0 -0.84725 0.53119
0 -0.84725 0.53119
-0.94528 0.32625 0
-0.94576 0.32486 0.00026
-0.94576 0.32486 0.00026
-0.94624 0.32347 0.00051
-0.94594 0.32436 0.00026
-0.94594 0.32436 0.00026
-0.94651 0.32267 0
0.94528 0.32625 0
0.94528 0.32625 0
0.94528 0.32625 0
0.94528 0.32625 0
0.94651 0.32269 0
0.94651 0.32269 0
0.94651 0.32269 0
0 0 -1
0 0 -1
0 0 -1
0 -1 0
0 -1 0
0 -1 0
0 -1 0
0.94651 0.32269 0
1 0 0
1 0 0
1 0 0
0 0 -1
0 0 -1
0 0 -1
0 0 -1
0 0 -1
0 0 -1
0 0 -1
0 0 -1
0 0 -1
-0.64018 -0.76822 0
-0.64018 -0.76822 0
-0.64018 -0.76822 0
-0.63159 -0.7753 0
1 0 0
0 0 -1
0 0 -1
0 0 -1
0 0 -1
0.64018 -0.76822 0
0.64018 -0.76822 0
0.64018 -0.76822 0
-0.94536 0.32604 0.00051
-0.35222 0.93592 0
-0.35222 0.93592 0
-0.35222 0.93592 0
-0.94734 0.32022 0.00026
-0.94734 0.32022 0.00026
-0.94807 0.31808 0.00052
-0.35222 0.93592 0
-0.94662 0.32235 0
0 0.75914 0.65093
0 0.75914 0.65093
0 0.75914 0.65093
0 0.75914 0.65093
0.23642 0.6282 -0.74126
0.23986 0.63442 -0.73483
0.23986 0.63442 -0.73483
0.24328 0.64058 -0.72833
-0.63676 -0.77106 0
-0.64018 -0.76822 0
-0.62292 -0.78228 0
-0.62292 -0.78228 0
0.64018 -0.76822 0
0.64018 -0.76822 0
-0.94363 0.33099 0.00051
-0.94282 0.33331 0.00026
-0.94282 0.33331 0.00026
-0.64018 -0.76822 0
-0.63159 -0.7753 0
0.64018 -0.76822 0
0.64018 -0.76822 0
-0.942 0.33562 0
-0.35222 0.93592 0
-0.35222 0.93592 0
-0.35222 0.93592 0
0.63682 0.77101 -0.00159
0.63682 0.77101 -0.00159
0.64897 0.76081 -0.00317
0.62452 0.78101 0
0.35223 0.93592 0
0.35223 0.93592 0
0.35223 0.93592 0
0.3558 0.93456 -0.00135
0.35621 0.93441 -0.0009
0.35503 0.93485 0
0.35687 0.93415 -0.0009
0.35223 0.93592 0
0.35641 0.93433 0.00068
0.3568 0.93418 0.00137
-0.62292 -0.78228 0
-0.62292 -0.78228 0
-0.63586 -0.77173 0.01053
0.64018 -0.76822 0
0.64012 -0.76815 0.01404
0.63993 -0.76792 0.02809
-0.35222 0.93592 0
0.35503 0.93485 0
0.3558 0.93456 0.00137
-0.63993 -0.76792 0.02809
-0.62904 -0.75485 0.18574
0.62904 -0.75485 0.18574
-0.97943 0.19944 0.03071
-0.98198 0.18673 0.02909
-0.97885 0.20236 0.02989
-0.98345 0.1789 0.02869
-0.98658 0.16122 0.02586
-0.61528 -0.71305 0.33612
-0.58246 -0.66186 0.47189
0.60909 -0.72042 0.33166
0.57407 -0.67349 0.46568
0 0.91844 0.39557
0 0.91844 0.39557
0 0.91844 0.39557
0 0.91844 0.39557
0 0.51637 0.85637
0 0.48211 0.87611
0 0.44705 0.89451
0 0.51637 0.85637
0 0.41135 0.91148
0 0.41135 0.91148
-0.59647 -0.64162 0.48224
0.58003 -0.66527 0.47009
0 0 -1
0 0 -1
0 0 -1
0 0 -1
0 0 -1
0 0 -1
0 0 -1
0 0 -1
0 0 -1
0 0 -1
0 0 -1
0 0 -1
0 0 -1
0 0 -1
-0.35614 0.93443 0.00019
-0.3564 0.93433 -0.00008
-0.35632 0.93436 -0.00012
-0.35597 0.9345 0.00019
-0.35619 0.93441 0.00058
-0.35638 0.93434 0.00029
-0.35655 0.93428 -0.00014
-0.35649 0.9343 0.00048
0.93385 0.35765 0
0.93385 0.35765 0
0.93385 0.35765 0
0.93385 0.35765 0
-0.35531 0.93475 0.00019
-0.35607 0.93446 -0.00046
-0.35581 0.93456 -0.00068
-0.35648 0.9343 -0.00052
-0.35613 0.93444 0.00058
-0.35568 0.93461 0.00115
-0.35514 0.93481 0.00019
-0.3564 0.93433 0.00106
0 1 0
0 1 0
0 1 0
0 1 0
0 1 0
0 1 0
0 1 0
0 1 0
0 1 0
0 1 0
0 1 0
0 1 0
0 1 0
0 1 0
0 1 0
0 1 0
0 1 0
-0.19718 0.98037 0
-0.52575 0.85064 0
0 1 0
0 1 0
0 1 0
0 1 0
0 1 0
-0.00229 1 -0.00013
-0.00458 0.99999 0.00011
-0.00112 1 0.00017
0.3826 0.92391 0.00019
0.37854 0.92558 0.00048
0.947 0.32125 0.0006
0.94528 0.32625 0
0 1 0
0 1 0
0 1 0
-0.0029 1 0.00058
0 1 0
0.94651 0.32269 0
0.94651 0.32269 0
0.94651 0.32269 0
0.94651 0.32269 0
0 1 0
0 1 0
0 1 0
0 1 0
0 1 0
0.89443 0.44721 0
0.89443 0.44721 0
0.89443 0.44721 0
0.89443 0.44721 0
0 1 0
0 1 0
0 1 0
0 1 0
-0.92706 0.37488 0.00439
-0.87429 0.48526 0.01156
-0.82629 0.56297 0.01739
-0.94844 0.31695 -0.00019
-0.94844 0.31695 0.00052
-0.94856 0.31659 0.00026
0 1 0
0 1 0
0 1 0
0.94823 0.3176 0.00098
0.94868 0.31624 0
0.92608 0.37729 0.0049
0 1 0
0.94667 0.32221 0.00109
0.87297 0.48764 0.01175
-0.81048 0.5855 0.01746
0.82629 0.56297 0.01739
0.81048 0.5855 0.01746
0 0.93698 0.34938
0 0.93698 0.34938
-0.00001 0.93698 0.34938
0 0.93698 0.34938
0 0.93698 0.34938
0 0.93698 0.34938
0 0.93698 0.34938
0 0.93698 0.34938
0 0.93698 0.34938
0 0.93698 0.34938
0 0.93698 0.34938
0 0.93698 0.34938
0 0.93698 0.34938
0 0.93698 0.34938
0 1 0
0 0.93698 0.34938
0 0.93698 0.34938
0 0.93698 0.34938
0 0.93698 0.34938
-0.78798 0.56116 0.25334
-0.78798 0.56116 0.25334
-0.80871 0.53681 0.24045
-0.76631 0.58485 0.26593
0 0.90962 0.41544
0 0.90962 0.41544
0 0.90962 0.41544
0 0.90962 0.41544
0 0.90962 0.41544
0 0.90962 0.41544
0 0.90963 0.41543
0 0.90963 0.41543
0 0.90963 0.41543
0 0.90962 0.41544
0 0.90962 0.41544
0 0.44717 -0.89445
0 0.44717 -0.89445
0 0.44717 -0.89445
0 0.44717 -0.89445

END
