// Converted by Obj2DatTexNorm.py Wavefront OBJ file conversion script
// (c) 2005-2013 By Giles Williams and Jens Ayton
// 
// original file: "missile_reducedpoly.obj"
// 
// model size: 3.180 x 2.917 x 20.895
// 
// materials used: ['Hull']
// 
NVERTS 219
NFACES 190

VERTEX
-1.49998 1.29599 -9.88429
-0.82455 0.55217 -10.0103
-0.60831 0.92671 -10.0103
-1.59019 1.13974 -9.88429
-0.31421 0.87004 -9.87154
0.31421 0.87004 -9.87154
-0.39873 1.01644 -10.4474
-0.79746 0.32581 -10.4474
-0.31421 -0.21842 -9.87154
-0.62842 0.32581 -9.87154
-0.39873 -0.36482 -10.4474
1.49998 1.29599 -9.88429
0.82455 0.55217 -10.0103
1.59019 1.13974 -9.88429
0.60831 0.92671 -10.0103
0.62842 0.32581 -9.87154
0.31421 -0.21842 -9.87154
0.79746 0.32581 -10.4474
0.39873 1.01643 -10.4474
-0.21624 -0.50145 -10.0103
-0.09021 -1.4583 -5.90629
-0.09021 -1.4583 -9.88429
-0.21624 -0.50145 -4.49552
0.09022 -1.4583 -9.88429
0.09022 -1.4583 -5.90629
0.21624 -0.50145 -10.0103
0.39873 -0.36482 -10.4474
-1.49998 1.29599 -5.90629
-0.60831 0.92671 -4.49552
-1.59019 1.13974 -5.90629
1.59019 1.13974 -5.90629
0.60831 0.92671 -4.49552
1.49998 1.29599 -5.90629
0.21624 -0.50145 -4.49552
-0.82455 0.55217 -4.49552
0.82455 0.55217 -4.49552
-0.20292 1.15307 5.72592
0.09609 1.4583 5.83275
-0.09609 1.4583 5.83275
0.20292 1.15307 5.72592
-0.81789 0.08791 5.72592
-1.02881 -0.15722 5.83275
-0.93272 -0.32365 5.83275
-0.61497 -0.26355 5.72592
1.02881 -0.15722 5.83275
0.81789 0.08791 6.76633
0.81789 0.08791 5.72592
1.02881 -0.15722 6.6595
0.93272 -0.32365 5.83275
0.61497 -0.26355 6.76633
0.93272 -0.32365 6.6595
0.61497 -0.26355 5.72592
-0.09609 1.4583 6.6595
0.09609 1.4583 6.6595
-0.20292 1.15307 6.76633
-0.81789 0.08791 6.76633
-0.61497 -0.26355 6.76633
-0.93272 -0.32365 6.6595
0.20292 1.15307 6.76633
-1.02881 -0.15722 6.6595
-1.49998 1.29599 -9.88429
-1.59019 1.13974 -5.90629
-1.59019 1.13974 -9.88429
-0.31421 0.87004 -9.87154
-0.79746 0.32581 -10.4474
-0.62842 0.32581 -9.87154
-0.39873 1.01644 -10.4474
1.49998 1.29599 -9.88429
1.49998 1.29599 -5.90629
0.60831 0.92671 -10.0103
0.62842 0.32581 -9.87154
0.79746 0.32581 -10.4474
0.31421 0.87004 -9.87154
0.82455 0.55217 -10.0103
1.59019 1.13974 -5.90629
1.59019 1.13974 -9.88429
0.82455 0.55217 -4.49552
0.39873 1.01643 -10.4474
-0.09021 -1.4583 -9.88429
0.21624 -0.50145 -10.0103
-0.21624 -0.50145 -10.0103
-0.39873 -0.36482 -10.4474
0.31421 -0.21842 -9.87154
-0.31421 -0.21842 -9.87154
0.39873 -0.36482 -10.4474
0.09022 -1.4583 -9.88429
-1.49998 1.29599 -5.90629
0.60831 0.92671 -4.49552
-0.09021 -1.4583 -5.90629
-0.21624 -0.50145 -4.49552
0.09022 -1.4583 -5.90629
0.21624 -0.50145 -4.49552
-0.09609 1.4583 5.83275
-0.09609 1.4583 6.6595
-0.20292 1.15307 5.72592
0.20292 1.15307 5.72592
0.09609 1.4583 6.6595
0.09609 1.4583 5.83275
0.20292 1.15307 6.76633
0.81789 0.08791 5.72592
0.93272 -0.32365 5.83275
1.02881 -0.15722 5.83275
0.61497 -0.26355 5.72592
-0.93272 -0.32365 5.83275
-0.93272 -0.32365 6.6595
-0.61497 -0.26355 5.72592
-1.02881 -0.15722 5.83275
-1.02881 -0.15722 6.6595
0.93272 -0.32365 6.6595
-0.20292 1.15307 6.76633
-0.61497 -0.26355 6.76633
1.02881 -0.15722 6.6595
-1.59019 1.13974 -9.88429
-1.59019 1.13974 -5.90629
-0.82455 0.55217 -10.0103
-0.62842 0.32581 -9.87154
0.31421 0.87004 -9.87154
-0.31421 0.87004 -9.87154
-0.31421 -0.21842 -9.87154
-0.60831 0.92671 -10.0103
-1.49998 1.29599 -5.90629
-1.49998 1.29599 -9.88429
-0.60831 0.92671 -4.49552
-0.39873 1.01644 -10.4474
-0.95524 0.32581 -10.2717
-0.79746 0.32581 -10.4474
0.39873 1.01643 -10.4474
-0.47762 1.15307 -10.2717
0.47762 1.15307 -10.2717
-0.39873 -0.36482 -10.4474
-0.47762 -0.50145 -10.2717
1.59019 1.13974 -9.88429
1.49998 1.29599 -5.90629
1.49998 1.29599 -9.88429
0.62842 0.32581 -9.87154
0.79746 0.32581 -10.4474
0.39873 -0.36482 -10.4474
0.95524 0.32581 -10.2717
-0.09021 -1.4583 -9.88429
0.09022 -1.4583 -5.90629
0.09022 -1.4583 -9.88429
0.31421 -0.21842 -9.87154
0.47762 -0.50145 -10.2717
-0.82455 0.55217 -4.49552
1.59019 1.13974 -5.90629
-0.09021 -1.4583 -5.90629
-0.81789 0.08791 5.72592
-0.81789 0.08791 6.76633
-1.02881 -0.15722 5.83275
0.09609 1.4583 5.83275
-0.09609 1.4583 6.6595
-0.09609 1.4583 5.83275
0.09609 1.4583 6.6595
-1.02881 -0.15722 6.6595
0.81789 0.08791 6.76633
1.02881 -0.15722 6.6595
0.93272 -0.32365 6.6595
0.61497 -0.26355 6.76633
-0.82455 0.55217 -10.0103
-0.47762 1.15307 -10.2717
-0.60831 0.92671 -10.0103
-0.95524 0.32581 -10.2717
-0.95524 0.32581 -4.23413
-0.60831 0.92671 -4.49552
-0.47762 1.15307 -4.23413
-0.47762 -0.50145 -10.2717
0.82455 0.55217 -10.0103
0.47762 1.15307 -10.2717
0.95524 0.32581 -10.2717
0.60831 0.92671 -10.0103
0.60831 0.92671 -4.49552
0.82455 0.55217 -4.49552
0.95524 0.32581 -4.23413
0.47762 1.15307 -4.23413
-0.21624 -0.50145 -10.0103
0.21624 -0.50145 -10.0103
-0.21624 -0.50145 -4.49552
-0.47762 -0.50145 -4.23413
0.47762 -0.50145 -10.2717
0.21624 -0.50145 -4.49552
0.47762 -0.50145 -4.23413
-0.82455 0.55217 -4.49552
-0.47762 -0.50145 5.45121
-0.95524 0.32581 5.45121
-0.47762 1.15307 5.45121
0.47762 1.15307 5.45121
0.95524 0.32581 5.45121
0.47762 -0.50145 5.45121
-0.20292 1.15307 5.72592
-0.47762 1.15307 7.04104
0.20292 1.15307 5.72592
-0.95524 0.32581 7.04104
-0.81789 0.08791 5.72592
-0.81789 0.08791 6.76633
0.20292 1.15307 6.76633
0.47762 1.15307 7.04104
0.95524 0.32581 7.04104
0.81789 0.08791 5.72592
0.61497 -0.26355 5.72592
0.81789 0.08791 6.76633
-0.61497 -0.26355 5.72592
-0.61497 -0.26355 6.76633
0.47762 -0.50145 7.04104
0.61497 -0.26355 6.76633
-0.20292 1.15307 6.76633
-0.47762 -0.50145 7.04104
-0.95524 0.32581 8.77478
-0.47762 1.15307 8.77478
0.47762 1.15307 8.77478
0.95524 0.32581 8.77478
0.47762 -0.50145 8.77478
-0.29518 0.83709 9.98508
-0.47762 -0.50145 8.77478
-0.59037 0.32581 9.98508
-0.29518 -0.18547 9.98508
0.29519 0.83709 9.98508
0.29519 -0.18547 9.98508
0.59037 0.32581 9.98508
0 0.32581 10.4474

FACES
0 0 0	0 0 0	3	0 1 2
0 0 0	0 0 0	3	3 1 0
0 0 0	0 0 0	3	4 5 6
0 0 0	0 0 0	3	7 8 9
0 0 0	0 0 0	3	7 10 8
0 0 0	0 0 0	3	11 12 13
0 0 0	0 0 0	3	11 14 12
0 0 0	0 0 0	3	15 16 17
0 0 0	0 0 0	3	5 18 6
0 0 0	0 0 0	3	19 20 21
0 0 0	0 0 0	3	19 22 20
0 0 0	0 0 0	3	23 24 25
0 0 0	0 0 0	3	16 26 17
0 0 0	0 0 0	3	27 28 29
0 0 0	0 0 0	3	30 31 32
0 0 0	0 0 0	3	24 33 25
0 0 0	0 0 0	3	28 34 29
0 0 0	0 0 0	3	35 31 30
0 0 0	0 0 0	3	36 37 38
0 0 0	0 0 0	3	36 39 37
0 0 0	0 0 0	3	40 41 42
0 0 0	0 0 0	3	42 43 40
0 0 0	0 0 0	3	44 45 46
0 0 0	0 0 0	3	44 47 45
0 0 0	0 0 0	3	48 49 50
0 0 0	0 0 0	3	51 49 48
0 0 0	0 0 0	3	52 53 54
0 0 0	0 0 0	3	55 56 57
0 0 0	0 0 0	3	53 58 54
0 0 0	0 0 0	3	57 59 55
0 0 0	0 0 0	3	60 61 62
0 0 0	0 0 0	3	63 64 65
0 0 0	0 0 0	3	66 64 63
0 0 0	0 0 0	3	67 68 69
0 0 0	0 0 0	3	70 71 72
0 0 0	0 0 0	3	73 74 75
0 0 0	0 0 0	3	73 76 74
0 0 0	0 0 0	3	71 77 72
0 0 0	0 0 0	3	78 79 80
0 0 0	0 0 0	3	81 82 83
0 0 0	0 0 0	3	81 84 82
0 0 0	0 0 0	3	85 79 78
0 0 0	0 0 0	3	86 61 60
0 0 0	0 0 0	3	68 87 69
0 0 0	0 0 0	3	88 89 90
0 0 0	0 0 0	3	89 91 90
0 0 0	0 0 0	3	92 93 94
0 0 0	0 0 0	3	95 96 97
0 0 0	0 0 0	3	95 98 96
0 0 0	0 0 0	3	99 100 101
0 0 0	0 0 0	3	99 102 100
0 0 0	0 0 0	3	103 104 105
0 0 0	0 0 0	3	106 104 103
0 0 0	0 0 0	3	106 107 104
0 0 0	0 0 0	3	100 108 101
0 0 0	0 0 0	3	93 109 94
0 0 0	0 0 0	3	104 110 105
0 0 0	0 0 0	3	108 111 101
0 0 0	0 0 0	3	112 113 114
0 0 0	0 0 0	3	115 116 117
0 0 0	0 0 0	3	115 118 116
0 0 0	0 0 0	3	119 120 121
0 0 0	0 0 0	3	119 122 120
0 0 0	0 0 0	3	123 124 125
0 0 0	0 0 0	3	123 126 127
0 0 0	0 0 0	3	127 124 123
0 0 0	0 0 0	3	127 126 128
0 0 0	0 0 0	3	124 129 125
0 0 0	0 0 0	3	124 130 129
0 0 0	0 0 0	3	131 132 133
0 0 0	0 0 0	3	116 118 134
0 0 0	0 0 0	3	135 136 137
0 0 0	0 0 0	3	137 126 135
0 0 0	0 0 0	3	128 126 137
0 0 0	0 0 0	3	138 139 140
0 0 0	0 0 0	3	118 141 134
0 0 0	0 0 0	3	130 136 129
0 0 0	0 0 0	3	130 142 136
0 0 0	0 0 0	3	136 142 137
0 0 0	0 0 0	3	113 143 114
0 0 0	0 0 0	3	144 132 131
0 0 0	0 0 0	3	145 139 138
0 0 0	0 0 0	3	146 147 148
0 0 0	0 0 0	3	149 150 151
0 0 0	0 0 0	3	149 152 150
0 0 0	0 0 0	3	147 153 148
0 0 0	0 0 0	3	154 155 156
0 0 0	0 0 0	3	156 157 154
0 0 0	0 0 0	3	158 159 160
0 0 0	0 0 0	3	158 161 159
0 0 0	0 0 0	3	158 162 161
0 0 0	0 0 0	3	159 163 160
0 0 0	0 0 0	3	159 164 163
0 0 0	0 0 0	3	161 162 165
0 0 0	0 0 0	3	166 167 168
0 0 0	0 0 0	3	169 167 166
0 0 0	0 0 0	3	169 170 167
0 0 0	0 0 0	3	168 171 166
0 0 0	0 0 0	3	168 172 171
0 0 0	0 0 0	3	167 164 159
0 0 0	0 0 0	3	167 173 164
0 0 0	0 0 0	3	174 175 165
0 0 0	0 0 0	3	165 176 174
0 0 0	0 0 0	3	165 177 176
0 0 0	0 0 0	3	175 178 165
0 0 0	0 0 0	3	175 179 178
0 0 0	0 0 0	3	178 172 168
0 0 0	0 0 0	3	178 180 172
0 0 0	0 0 0	3	163 164 181
0 0 0	0 0 0	3	181 162 158
0 0 0	0 0 0	3	181 164 162
0 0 0	0 0 0	3	162 177 165
0 0 0	0 0 0	3	162 182 177
0 0 0	0 0 0	3	164 183 162
0 0 0	0 0 0	3	171 173 170
0 0 0	0 0 0	3	171 172 173
0 0 0	0 0 0	3	170 173 167
0 0 0	0 0 0	3	173 184 164
0 0 0	0 0 0	3	173 185 184
0 0 0	0 0 0	3	173 186 185
0 0 0	0 0 0	3	172 186 173
0 0 0	0 0 0	3	172 187 186
0 0 0	0 0 0	3	177 179 176
0 0 0	0 0 0	3	177 180 179
0 0 0	0 0 0	3	177 187 180
0 0 0	0 0 0	3	179 180 178
0 0 0	0 0 0	3	180 187 172
0 0 0	0 0 0	3	188 189 184
0 0 0	0 0 0	3	184 183 164
0 0 0	0 0 0	3	184 190 188
0 0 0	0 0 0	3	184 185 190
0 0 0	0 0 0	3	184 191 183
0 0 0	0 0 0	3	192 182 183
0 0 0	0 0 0	3	192 191 193
0 0 0	0 0 0	3	183 182 162
0 0 0	0 0 0	3	183 191 192
0 0 0	0 0 0	3	185 194 190
0 0 0	0 0 0	3	185 195 194
0 0 0	0 0 0	3	185 196 195
0 0 0	0 0 0	3	186 187 197
0 0 0	0 0 0	3	186 196 185
0 0 0	0 0 0	3	197 187 198
0 0 0	0 0 0	3	197 199 186
0 0 0	0 0 0	3	200 182 192
0 0 0	0 0 0	3	200 201 182
0 0 0	0 0 0	3	182 187 177
0 0 0	0 0 0	3	182 202 187
0 0 0	0 0 0	3	187 203 198
0 0 0	0 0 0	3	187 202 203
0 0 0	0 0 0	3	204 189 188
0 0 0	0 0 0	3	204 194 189
0 0 0	0 0 0	3	193 205 201
0 0 0	0 0 0	3	189 191 184
0 0 0	0 0 0	3	189 206 191
0 0 0	0 0 0	3	191 205 193
0 0 0	0 0 0	3	191 206 205
0 0 0	0 0 0	3	194 195 189
0 0 0	0 0 0	3	199 196 186
0 0 0	0 0 0	3	199 202 196
0 0 0	0 0 0	3	195 207 189
0 0 0	0 0 0	3	195 208 207
0 0 0	0 0 0	3	196 208 195
0 0 0	0 0 0	3	196 209 208
0 0 0	0 0 0	3	201 205 182
0 0 0	0 0 0	3	205 202 182
0 0 0	0 0 0	3	205 210 202
0 0 0	0 0 0	3	203 202 199
0 0 0	0 0 0	3	202 209 196
0 0 0	0 0 0	3	202 210 209
0 0 0	0 0 0	3	207 206 189
0 0 0	0 0 0	3	207 211 206
0 0 0	0 0 0	3	206 212 205
0 0 0	0 0 0	3	206 211 213
0 0 0	0 0 0	3	206 214 212
0 0 0	0 0 0	3	208 211 207
0 0 0	0 0 0	3	208 215 211
0 0 0	0 0 0	3	209 215 208
0 0 0	0 0 0	3	209 216 217
0 0 0	0 0 0	3	212 210 205
0 0 0	0 0 0	3	212 216 210
0 0 0	0 0 0	3	210 216 209
0 0 0	0 0 0	3	213 214 206
0 0 0	0 0 0	3	211 218 213
0 0 0	0 0 0	3	211 215 218
0 0 0	0 0 0	3	218 215 217
0 0 0	0 0 0	3	218 214 213
0 0 0	0 0 0	3	218 216 214
0 0 0	0 0 0	3	217 215 209
0 0 0	0 0 0	3	217 216 218
0 0 0	0 0 0	3	214 216 212

TEXTURES
0	1.0 1.0	0.63901 0.32285	0.68412 0.3515	0.68412 0.31107
0	1.0 1.0	0.63901 0.33972	0.68412 0.3515	0.63901 0.32285
0	1.0 1.0	0.79783 0.00258	0.72267 0.00258	0.80794 0.1447
0	1.0 1.0	0.90373 0.1447	0.98953 0.00258	0.91437 0.00258
0	1.0 1.0	0.90373 0.1447	0.99964 0.1447	0.98953 0.00258
0	1.0 1.0	0.35565 0.11718	0.40076 0.08853	0.35565 0.10031
0	1.0 1.0	0.35565 0.11718	0.40076 0.12896	0.40076 0.08853
0	1.0 1.0	0.6067 0.00258	0.53153 0.00258	0.61681 0.1447
0	1.0 1.0	0.72267 0.00258	0.71247 0.1447	0.80794 0.1447
0	1.0 1.0	0.32488 0.23152	0.13306 0.32173	0.31899 0.32173
0	1.0 1.0	0.32488 0.23152	0.06713 0.23152	0.13306 0.32173
0	1.0 1.0	0.31899 0.3386	0.13306 0.3386	0.32488 0.42882
0	1.0 1.0	0.53153 0.00258	0.52097 0.1447	0.61681 0.1447
0	1.0 1.0	0.45308 0.32285	0.37341 0.31107	0.45308 0.33972
0	1.0 1.0	0.16972 0.10031	0.09005 0.12896	0.16972 0.11718
0	1.0 1.0	0.13306 0.3386	0.06713 0.42882	0.32488 0.42882
0	1.0 1.0	0.37341 0.31107	0.37341 0.3515	0.45308 0.33972
0	1.0 1.0	0.09005 0.08853	0.09005 0.12896	0.16972 0.10031
0	1.0 1.0	0.03277 0.01497	0.01867 0.04547	0.02774 0.04547
0	1.0 1.0	0.03277 0.01497	0.01364 0.01497	0.01867 0.04547
0	1.0 1.0	0.05402 0.01495	0.05906 0.04545	0.06812 0.04545
0	1.0 1.0	0.06812 0.04545	0.07316 0.01495	0.05402 0.01495
0	1.0 1.0	0.03007 0.19795	0.04532 0.286	0.04532 0.18788
0	1.0 1.0	0.03007 0.19795	0.03007 0.27593	0.04532 0.286
0	1.0 1.0	0.02101 0.19795	0.00576 0.286	0.02101 0.27593
0	1.0 1.0	0.00576 0.18788	0.00576 0.286	0.02101 0.19795
0	1.0 1.0	0.02774 0.12344	0.01867 0.12344	0.03277 0.15394
0	1.0 1.0	0.05402 0.15392	0.07316 0.15392	0.06812 0.12342
0	1.0 1.0	0.01867 0.12344	0.01364 0.15394	0.03277 0.15394
0	1.0 1.0	0.06812 0.12342	0.05906 0.12342	0.05402 0.15392
0	1.0 1.0	0.63901 0.33298	0.45308 0.34985	0.63901 0.34985
0	1.0 1.0	0.81846 0.00258	0.90373 0.1447	0.89362 0.00258
0	1.0 1.0	0.80794 0.1447	0.90373 0.1447	0.81846 0.00258
0	1.0 1.0	0.35565 0.11718	0.16972 0.11718	0.36154 0.20739
0	1.0 1.0	0.6272 0.00258	0.61681 0.1447	0.70237 0.00258
0	1.0 1.0	0.36154 0.01009	0.16972 0.10031	0.35565 0.10031
0	1.0 1.0	0.36154 0.01009	0.10379 0.01009	0.16972 0.10031
0	1.0 1.0	0.61681 0.1447	0.71247 0.1447	0.70237 0.00258
0	1.0 1.0	0.31899 0.32173	0.3641 0.35038	0.3641 0.30995
0	1.0 1.0	0.42559 0.1447	0.51086 0.00258	0.43569 0.00258
0	1.0 1.0	0.42559 0.1447	0.52097 0.1447	0.51086 0.00258
0	1.0 1.0	0.31899 0.3386	0.3641 0.35038	0.31899 0.32173
0	1.0 1.0	0.45308 0.33298	0.45308 0.34985	0.63901 0.33298
0	1.0 1.0	0.16972 0.11718	0.10379 0.20739	0.36154 0.20739
0	1.0 1.0	0.13306 0.32173	0.05339 0.30995	0.13306 0.3386
0	1.0 1.0	0.05339 0.30995	0.05339 0.35038	0.13306 0.3386
0	1.0 1.0	0.02774 0.04547	0.02774 0.12344	0.04299 0.03539
0	1.0 1.0	0.00342 0.03539	0.01867 0.12344	0.01867 0.04547
0	1.0 1.0	0.00342 0.03539	0.00342 0.13352	0.01867 0.12344
0	1.0 1.0	0.03511 0.16745	0.02101 0.19795	0.03007 0.19795
0	1.0 1.0	0.03511 0.16745	0.01597 0.16745	0.02101 0.19795
0	1.0 1.0	0.06812 0.04545	0.06812 0.12342	0.08337 0.03537
0	1.0 1.0	0.05906 0.04545	0.06812 0.12342	0.06812 0.04545
0	1.0 1.0	0.05906 0.04545	0.05906 0.12342	0.06812 0.12342
0	1.0 1.0	0.02101 0.19795	0.02101 0.27593	0.03007 0.19795
0	1.0 1.0	0.02774 0.12344	0.04299 0.13352	0.04299 0.03539
0	1.0 1.0	0.06812 0.12342	0.08337 0.1335	0.08337 0.03537
0	1.0 1.0	0.02101 0.27593	0.03007 0.27593	0.03007 0.19795
0	1.0 1.0	0.63901 0.33972	0.45308 0.33972	0.6449 0.42993
0	1.0 1.0	0.87233 0.43737	0.87233 0.1518	0.83111 0.29459
0	1.0 1.0	0.87233 0.43737	0.95477 0.43737	0.87233 0.1518
0	1.0 1.0	0.6449 0.23263	0.45308 0.32285	0.63901 0.32285
0	1.0 1.0	0.6449 0.23263	0.38715 0.23263	0.45308 0.32285
0	1.0 1.0	0.99762 0.91279	0.98718 0.99503	0.99762 0.98763
0	1.0 1.0	0.99762 0.89798	0.99762 0.82315	0.98718 0.90539
0	1.0 1.0	0.98718 0.90539	0.98718 0.99503	0.99762 0.91279
0	1.0 1.0	0.98718 0.90539	0.99762 0.82315	0.98718 0.81574
0	1.0 1.0	0.98718 0.45716	0.99762 0.5394	0.99762 0.46456
0	1.0 1.0	0.98718 0.45716	0.98718 0.5468	0.99762 0.5394
0	1.0 1.0	0.35565 0.10031	0.16972 0.11718	0.35565 0.11718
0	1.0 1.0	0.87233 0.1518	0.95477 0.43737	0.95477 0.1518
0	1.0 1.0	0.99762 0.71869	0.99762 0.64385	0.98718 0.72609
0	1.0 1.0	0.98718 0.72609	0.99762 0.80834	0.99762 0.7335
0	1.0 1.0	0.98718 0.81574	0.99762 0.80834	0.98718 0.72609
0	1.0 1.0	0.31899 0.32173	0.13306 0.3386	0.31899 0.3386
0	1.0 1.0	0.95477 0.43737	0.99599 0.29459	0.95477 0.1518
0	1.0 1.0	0.98718 0.5468	0.99762 0.62905	0.99762 0.55421
0	1.0 1.0	0.98718 0.5468	0.98718 0.63645	0.99762 0.62905
0	1.0 1.0	0.99762 0.64385	0.98718 0.63645	0.98718 0.72609
0	1.0 1.0	0.45308 0.33972	0.38715 0.42993	0.6449 0.42993
0	1.0 1.0	0.16972 0.10031	0.16972 0.11718	0.35565 0.10031
0	1.0 1.0	0.13306 0.32173	0.13306 0.3386	0.31899 0.32173
0	1.0 1.0	0.04381 0.03537	0.04381 0.1335	0.05906 0.04545
0	1.0 1.0	0.01867 0.04547	0.02774 0.12344	0.02774 0.04547
0	1.0 1.0	0.01867 0.04547	0.01867 0.12344	0.02774 0.12344
0	1.0 1.0	0.04381 0.1335	0.05906 0.12342	0.05906 0.04545
0	1.0 1.0	0.03511 0.30643	0.03007 0.27593	0.02101 0.27593
0	1.0 1.0	0.02101 0.27593	0.01597 0.30643	0.03511 0.30643
0	1.0 1.0	0.97491 0.9705	0.98718 0.90539	0.97491 0.92992
0	1.0 1.0	0.97491 0.9705	0.98718 0.99503	0.98718 0.90539
0	1.0 1.0	0.97491 0.9705	0.70387 0.99503	0.98718 0.99503
0	1.0 1.0	0.98718 0.90539	0.71614 0.92992	0.97491 0.92992
0	1.0 1.0	0.98718 0.90539	0.70387 0.90539	0.71614 0.92992
0	1.0 1.0	0.98718 0.45716	0.70387 0.45716	0.98718 0.5468
0	1.0 1.0	0.97491 0.75062	0.98718 0.81574	0.98718 0.72609
0	1.0 1.0	0.97491 0.79121	0.98718 0.81574	0.97491 0.75062
0	1.0 1.0	0.97491 0.79121	0.71614 0.79121	0.98718 0.81574
0	1.0 1.0	0.98718 0.72609	0.71614 0.75062	0.97491 0.75062
0	1.0 1.0	0.98718 0.72609	0.70387 0.72609	0.71614 0.75062
0	1.0 1.0	0.98718 0.81574	0.70387 0.90539	0.98718 0.90539
0	1.0 1.0	0.98718 0.81574	0.70387 0.81574	0.70387 0.90539
0	1.0 1.0	0.97491 0.57133	0.97491 0.61192	0.98718 0.5468
0	1.0 1.0	0.98718 0.5468	0.71614 0.57133	0.97491 0.57133
0	1.0 1.0	0.98718 0.5468	0.70387 0.5468	0.71614 0.57133
0	1.0 1.0	0.97491 0.61192	0.98718 0.63645	0.98718 0.5468
0	1.0 1.0	0.97491 0.61192	0.71614 0.61192	0.98718 0.63645
0	1.0 1.0	0.98718 0.63645	0.70387 0.72609	0.98718 0.72609
0	1.0 1.0	0.98718 0.63645	0.70387 0.63645	0.70387 0.72609
0	1.0 1.0	0.71614 0.92992	0.70387 0.90539	0.71614 0.9705
0	1.0 1.0	0.71614 0.9705	0.70387 0.99503	0.97491 0.9705
0	1.0 1.0	0.71614 0.9705	0.70387 0.90539	0.70387 0.99503
0	1.0 1.0	0.70387 0.45716	0.70387 0.5468	0.98718 0.5468
0	1.0 1.0	0.70387 0.45716	0.24941 0.5468	0.70387 0.5468
0	1.0 1.0	0.70387 0.90539	0.24941 0.99503	0.70387 0.99503
0	1.0 1.0	0.71614 0.75062	0.70387 0.81574	0.71614 0.79121
0	1.0 1.0	0.71614 0.75062	0.70387 0.72609	0.70387 0.81574
0	1.0 1.0	0.71614 0.79121	0.70387 0.81574	0.98718 0.81574
0	1.0 1.0	0.70387 0.81574	0.24941 0.90539	0.70387 0.90539
0	1.0 1.0	0.70387 0.81574	0.24941 0.81574	0.24941 0.90539
0	1.0 1.0	0.70387 0.81574	0.24941 0.72609	0.24941 0.81574
0	1.0 1.0	0.70387 0.72609	0.24941 0.72609	0.70387 0.81574
0	1.0 1.0	0.70387 0.72609	0.24941 0.63645	0.24941 0.72609
0	1.0 1.0	0.70387 0.5468	0.71614 0.61192	0.71614 0.57133
0	1.0 1.0	0.70387 0.5468	0.70387 0.63645	0.71614 0.61192
0	1.0 1.0	0.70387 0.5468	0.24941 0.63645	0.70387 0.63645
0	1.0 1.0	0.71614 0.61192	0.70387 0.63645	0.98718 0.63645
0	1.0 1.0	0.70387 0.63645	0.24941 0.63645	0.70387 0.72609
0	1.0 1.0	0.23652 0.87961	0.17481 0.90539	0.24941 0.90539
0	1.0 1.0	0.24941 0.90539	0.24941 0.99503	0.70387 0.90539
0	1.0 1.0	0.24941 0.90539	0.23652 0.84152	0.23652 0.87961
0	1.0 1.0	0.24941 0.90539	0.24941 0.81574	0.23652 0.84152
0	1.0 1.0	0.24941 0.90539	0.17481 0.99503	0.24941 0.99503
0	1.0 1.0	0.23652 0.48294	0.24941 0.5468	0.24941 0.45716
0	1.0 1.0	0.23652 0.48294	0.17481 0.45716	0.1877 0.48294
0	1.0 1.0	0.24941 0.45716	0.24941 0.5468	0.70387 0.45716
0	1.0 1.0	0.24941 0.45716	0.17481 0.45716	0.23652 0.48294
0	1.0 1.0	0.24941 0.81574	0.1877 0.84152	0.23652 0.84152
0	1.0 1.0	0.24941 0.81574	0.17481 0.81574	0.1877 0.84152
0	1.0 1.0	0.24941 0.81574	0.17481 0.72609	0.17481 0.81574
0	1.0 1.0	0.24941 0.72609	0.24941 0.63645	0.23652 0.70032
0	1.0 1.0	0.24941 0.72609	0.17481 0.72609	0.24941 0.81574
0	1.0 1.0	0.23652 0.70032	0.24941 0.63645	0.23652 0.66223
0	1.0 1.0	0.23652 0.70032	0.1877 0.70032	0.24941 0.72609
0	1.0 1.0	0.23652 0.52102	0.24941 0.5468	0.23652 0.48294
0	1.0 1.0	0.23652 0.52102	0.1877 0.52102	0.24941 0.5468
0	1.0 1.0	0.24941 0.5468	0.24941 0.63645	0.70387 0.5468
0	1.0 1.0	0.24941 0.5468	0.17481 0.63645	0.24941 0.63645
0	1.0 1.0	0.24941 0.63645	0.1877 0.66223	0.23652 0.66223
0	1.0 1.0	0.24941 0.63645	0.17481 0.63645	0.1877 0.66223
0	1.0 1.0	0.1877 0.87961	0.17481 0.90539	0.23652 0.87961
0	1.0 1.0	0.1877 0.87961	0.1877 0.84152	0.17481 0.90539
0	1.0 1.0	0.1877 0.48294	0.17481 0.5468	0.1877 0.52102
0	1.0 1.0	0.17481 0.90539	0.17481 0.99503	0.24941 0.90539
0	1.0 1.0	0.17481 0.90539	0.09345 0.99503	0.17481 0.99503
0	1.0 1.0	0.17481 0.45716	0.17481 0.5468	0.1877 0.48294
0	1.0 1.0	0.17481 0.45716	0.09345 0.45716	0.17481 0.5468
0	1.0 1.0	0.1877 0.84152	0.17481 0.81574	0.17481 0.90539
0	1.0 1.0	0.1877 0.70032	0.17481 0.72609	0.24941 0.72609
0	1.0 1.0	0.1877 0.70032	0.17481 0.63645	0.17481 0.72609
0	1.0 1.0	0.17481 0.81574	0.09345 0.90539	0.17481 0.90539
0	1.0 1.0	0.17481 0.81574	0.09345 0.81574	0.09345 0.90539
0	1.0 1.0	0.17481 0.72609	0.09345 0.81574	0.17481 0.81574
0	1.0 1.0	0.17481 0.72609	0.09345 0.72609	0.09345 0.81574
0	1.0 1.0	0.1877 0.52102	0.17481 0.5468	0.24941 0.5468
0	1.0 1.0	0.17481 0.5468	0.17481 0.63645	0.24941 0.5468
0	1.0 1.0	0.17481 0.5468	0.09345 0.63645	0.17481 0.63645
0	1.0 1.0	0.1877 0.66223	0.17481 0.63645	0.1877 0.70032
0	1.0 1.0	0.17481 0.63645	0.09345 0.72609	0.17481 0.72609
0	1.0 1.0	0.17481 0.63645	0.09345 0.63645	0.09345 0.72609
0	1.0 1.0	0.09345 0.90539	0.09345 0.99503	0.17481 0.90539
0	1.0 1.0	0.09345 0.90539	0.03506 0.92255	0.09345 0.99503
0	1.0 1.0	0.09345 0.45716	0.09345 0.5468	0.17481 0.5468
0	1.0 1.0	0.09345 0.99503	0.03506 0.92255	0.03506 0.97784
0	1.0 1.0	0.09345 0.45716	0.03506 0.52958	0.09345 0.5468
0	1.0 1.0	0.09345 0.81574	0.03506 0.88827	0.09345 0.90539
0	1.0 1.0	0.09345 0.81574	0.03506 0.83299	0.03506 0.88827
0	1.0 1.0	0.09345 0.72609	0.03506 0.79875	0.09345 0.81574
0	1.0 1.0	0.09345 0.72609	0.03506 0.65379	0.03506 0.70908
0	1.0 1.0	0.09345 0.5468	0.09345 0.63645	0.17481 0.5468
0	1.0 1.0	0.09345 0.5468	0.03506 0.61915	0.09345 0.63645
0	1.0 1.0	0.09345 0.63645	0.03506 0.65379	0.09345 0.72609
0	1.0 1.0	0.03506 0.47429	0.03506 0.52958	0.09345 0.45716
0	1.0 1.0	0.03506 0.92255	0.00279 0.9502	0.03506 0.97784
0	1.0 1.0	0.03506 0.88827	0.03506 0.83299	0.00279 0.86063
0	1.0 1.0	0.00279 0.77111	0.03506 0.79875	0.03506 0.74346
0	1.0 1.0	0.00279 0.50193	0.03506 0.52958	0.03506 0.47429
0	1.0 1.0	0.00279 0.59151	0.03506 0.61915	0.03506 0.56387
0	1.0 1.0	0.03506 0.74346	0.03506 0.79875	0.09345 0.72609
0	1.0 1.0	0.03506 0.70908	0.03506 0.65379	0.00279 0.68143
0	1.0 1.0	0.03506 0.56387	0.03506 0.61915	0.09345 0.5468

NAMES 1
Hull

NORMALS
-0.11307 0.06528 -0.99144
-0.11307 0.06528 -0.99144
-0.11307 0.06528 -0.99144
-0.11307 0.06528 -0.99144
0 -0.96917 -0.24639
0 -0.96917 -0.24639
0 -0.96917 -0.24639
0.83933 0.48459 -0.24639
0.83933 0.48459 -0.24639
0.83933 0.48459 -0.24639
0.83933 0.48459 -0.24639
0.11307 0.06528 -0.99144
0.11307 0.06528 -0.99144
0.11307 0.06528 -0.99144
0.11307 0.06528 -0.99144
-0.83933 0.48458 -0.24639
-0.83933 0.48458 -0.24639
-0.83933 0.48458 -0.24639
0 -0.96917 -0.24639
-0.99144 -0.13058 0
-0.99144 -0.13058 0
-0.99144 -0.13058 0
-0.99144 -0.13058 0
0.99144 -0.13058 0
0.99144 -0.13058 0
0.99144 -0.13058 0
-0.83933 0.48458 -0.24639
-0.71673 0.41378 0.56132
-0.71673 0.41379 0.56132
-0.71673 0.41379 0.56132
0.71673 0.41379 0.56132
0.71673 0.41379 0.56132
0.71673 0.41378 0.56132
0.99144 -0.13058 0
-0.71672 0.4138 0.56132
0.71672 0.4138 0.56132
0 0.33035 -0.94386
0 0.33035 -0.94386
0 0.33035 -0.94386
0 0.33035 -0.94386
-0.28609 -0.16518 -0.94386
-0.28609 -0.16518 -0.94386
-0.28609 -0.16518 -0.94386
-0.28609 -0.16518 -0.94386
0.75802 0.65223 0
0.75802 0.65223 0
0.75802 0.65223 0
0.75802 0.65223 0
-0.18584 -0.98258 0
-0.18584 -0.98258 0
-0.18584 -0.98258 0
-0.18584 -0.98258 0
0 0.33035 0.94386
0 0.33035 0.94386
0 0.33035 0.94386
-0.28609 -0.16518 0.94386
-0.28609 -0.16518 0.94386
-0.28609 -0.16518 0.94386
0 0.33035 0.94386
-0.28609 -0.16518 0.94386
-0.86604 0.49998 0
-0.86604 0.49998 0
-0.86604 0.49998 0
0.83933 -0.48459 -0.24639
0.83933 -0.48459 -0.24639
0.83933 -0.48459 -0.24639
0.83933 -0.48459 -0.24639
-0.38263 0.9239 0
-0.38263 0.9239 0
-0.38263 0.9239 0
-0.83933 -0.48459 -0.24639
-0.83933 -0.48459 -0.24639
-0.83933 -0.48459 -0.24639
0.6088 -0.79332 0
0.6088 -0.79332 0
0.6088 -0.79332 0
0.6088 -0.79332 0
-0.83933 -0.48459 -0.24639
0 -0.13057 -0.99144
0 -0.13057 -0.99144
0 -0.13057 -0.99144
0 0.96917 -0.24639
0 0.96917 -0.24639
0 0.96917 -0.24639
0 0.96917 -0.24639
0 -0.13057 -0.99144
-0.86604 0.49998 0
-0.38263 0.9239 0
0 -0.8276 0.56132
0 -0.8276 0.56132
0 -0.8276 0.56132
0 -0.8276 0.56132
-0.94386 0.33035 0
-0.94386 0.33035 0
-0.94386 0.33035 0
0.94386 0.33035 0
0.94386 0.33035 0
0.94386 0.33035 0
0.94386 0.33035 0
0.28609 -0.16518 -0.94386
0.57202 -0.33026 -0.75081
0.80268 -0.46344 -0.37541
0.28609 -0.16518 -0.94386
-0.41699 -0.90891 0
-0.41699 -0.90891 0
0.18584 -0.98258 0
-0.86602 -0.50001 0
-0.86602 -0.50001 0
0.86602 -0.50001 0
-0.94386 0.33035 0
0.18584 -0.98258 0
0.86602 -0.50001 0
-0.6088 -0.79332 0
-0.6088 -0.79332 0
-0.6088 -0.79332 0
0 0 -1
0 0 -1
0 0 -1
0 0 -1
0.38263 0.9239 0
0.38263 0.9239 0
0.38263 0.9239 0
0.38263 0.9239 0
-0.49102 0.56698 -0.66139
-0.74404 0 -0.66813
-0.74404 0 -0.66813
0.37202 0.64436 -0.66814
-0.24551 0.70872 -0.66139
0.37202 0.64436 -0.66814
-0.49102 -0.56698 -0.66139
-0.24551 -0.70872 -0.66139
0.86604 0.49998 0
0.86604 0.49998 0
0.86604 0.49998 0
0 0 -1
0.74404 0 -0.66813
0.37202 -0.64436 -0.66813
0.74404 0 -0.66813
0 -1 0
0 -1 0
0 -1 0
0 0 -1
0.37202 -0.64436 -0.66813
-0.6088 -0.79332 0
0.86604 0.49998 0
0 -1 0
-0.75802 0.65223 0
-0.75802 0.65223 0
-0.75802 0.65223 0
0 1 0
0 1 0
0 1 0
0 1 0
-0.75802 0.65223 0
0.28609 -0.16518 0.94386
0.28609 -0.16518 0.94386
0.28609 -0.16518 0.94386
0.28609 -0.16518 0.94386
-0.86603 0.5 0
-0.75593 0.65465 0
-0.86603 0.5 0
-0.98198 0.18898 0
-1 0 0
-0.86603 0.5 0
-0.61859 0.78571 0
-0.32733 -0.94491 0
0.86603 0.5 0
0.65465 0.75593 0
0.96077 0.27735 0
0.86603 0.5 0
0.86603 0.5 0
0.86603 0.5 0
0.99662 -0.0822 0
0.61859 0.78571 0
0 -1 0
0 -1 0
0 -1 0
-0.27735 -0.96077 0
0.39736 -0.91766 0
0 -1 0
0.39736 -0.91766 0
-0.86603 0.5 0
-0.65465 -0.75593 0
-1 0 0
-0.37115 0.92857 0
0.42712 0.90419 0
0.99662 -0.0822 0
0.65465 -0.75593 0
0 1 0
-0.37115 0.92857 0
0 1 0
-0.99662 -0.0822 0
-0.86603 -0.5 0
-0.86603 -0.5 0
0 1 0
0.32733 0.94491 0
0.99662 0.0822 0
0.86603 -0.5 0
0.86603 -0.5 0
0.86603 -0.5 0
-0.86603 -0.5 0
-0.86603 -0.5 0
0.61859 -0.78571 0
0.86603 -0.5 0
0 1 0
-0.61859 -0.78571 0
-0.98919 0 0.14665
-0.39328 0.91199 0.11661
0.49731 0.85509 0.14665
0.98252 -0.08257 0.16686
0.39328 -0.91199 0.11661
-0.43764 0.75801 0.48363
-0.39262 -0.90297 0.17462
-0.81891 0 0.57392
-0.52093 -0.67893 0.51737
0.52094 0.67893 0.51737
0.43764 -0.75801 0.48363
0.81891 0 0.57392
0 0 1

END
