// output from Obj2DatTex.py Wavefront text file conversion script
// (c) 2005 By Giles Williams
// 
// original file: "newsteroid.obj"
// 
// model size: 289.506 x 340.866 x 282.898
// 
// textures used: ['oolite_alt_asteroid_diffuse.png']
// 
NVERTS 92
NFACES 180

VERTEX
144.75300, 17.75600, -44.03680
143.42600, 20.90190, 19.07860
141.23500, -34.60900, -13.24110
135.15100, -38.12860, -73.05080
134.55700, 80.53640, -16.51800
128.50400, -37.97940, 48.65270
124.49900, -85.96240, 13.96820
121.60200, -93.87080, -39.73580
121.45000, 65.60820, -71.03300
118.22800, 17.32970, -99.65210
114.87800, 74.72780, 41.33390
107.94700, 12.05530, 68.72450
102.32200, -85.41100, -93.91500
101.38500, 120.70700, -61.58560
101.27200, -30.45600, -122.83800
98.99990, 130.57100, 0.35901
90.85180, -99.06160, 64.30850
87.45890, -137.44000, 0.96814
87.34030, 74.99160, -111.51600
81.79890, -39.74160, 102.52800
75.58240, 51.96140, 67.54860
75.26030, -141.69400, -59.06280
74.26880, 20.46030, -137.97800
70.19260, -67.54810, -128.24100
67.40580, 102.55900, 50.73580
59.03050, 158.79100, -48.63240
55.28860, 3.92437, 97.94300
52.35710, 127.70500, -101.93700
50.24000, -115.22700, -106.00500
49.77480, -26.72220, -141.44900
43.25560, 149.49800, 9.10945
37.86560, -170.43300, -15.67620
37.83290, 74.37600, -135.82200
37.55250, -149.14000, 51.63750
37.32910, -97.28360, 116.56600
28.68780, 54.03110, 71.34900
24.59120, -38.69650, 133.46000
21.91160, -155.54300, -73.34830
20.81970, -74.27690, -134.33400
17.38480, 19.01810, -137.01600
7.32257, 170.43300, -36.46320
5.91118, 5.31567, 111.52200
3.95525, 115.21300, 48.26950
0.26452, 159.15500, -84.64900
-5.33424, -119.94400, -114.65900
-6.90549, -166.96300, -30.96670
-7.16140, 116.47400, -122.41900
-7.42998, -28.48100, -130.16700
-12.77640, 68.23450, -134.64700
-12.98760, -90.35350, 141.44900
-14.75080, -166.17800, 24.71320
-16.48580, -140.25400, 95.44560
-21.54310, 59.01680, 79.79750
-25.80100, 156.14100, 4.42740
-30.09610, -37.08850, 136.28200
-30.61080, -142.25400, -72.11180
-33.52350, -77.66230, -132.52200
-40.16830, 21.19450, -121.17900
-51.53510, 170.26600, -54.90510
-51.82990, 12.85910, 111.28000
-53.20810, 109.05900, 48.91900
-56.84870, -146.74700, -14.12200
-58.06520, 85.66160, -126.63400
-58.06560, -110.39400, -107.96500
-58.36710, 142.27000, -103.91400
-63.32630, -101.82100, 117.57400
-63.35910, -28.28460, -124.94000
-67.42730, 58.88990, 84.03130
-68.93890, -142.60500, 54.66400
-79.59660, -70.00990, -124.25300
-82.42150, -120.01100, -56.40200
-83.61480, -43.16020, 105.60500
-86.22900, 140.17100, -10.49820
-88.45380, 27.98380, -119.72600
-99.87670, 18.40410, 75.38930
-101.30000, 137.66100, -72.84930
-101.30900, 91.71960, -115.56500
-101.64400, -119.46400, 3.85897
-103.13700, 79.40230, 36.72630
-103.66600, -80.24350, -93.44620
-104.68100, -95.46800, 65.20680
-106.92500, -28.86740, -115.11900
-118.15000, -82.51630, -38.63460
-123.58900, -33.86330, 46.71900
-124.51100, 25.72710, -102.00200
-126.35900, -77.91090, 10.02210
-127.59800, 89.55320, -28.93740
-129.54900, 80.69590, -82.43460
-133.90000, -32.91280, -76.00700
-135.40500, 25.59440, 12.78890
-143.04000, -31.22640, -18.83330
-144.75300, 24.09980, -51.93150

FACES
128,127,127,	0.99831,-0.05317,0.02364,	3,	0,2,1
128,127,127,	0.98821,-0.12131,-0.09338,	3,	0,3,2
128,127,127,	0.90027,0.06851,-0.42990,	3,	0,9,3
128,127,127,	0.98787,0.15471,0.01306,	3,	1,4,0
128,127,127,	0.88295,0.33040,0.33352,	3,	1,10,4
128,127,127,	0.78669,0.17211,0.59287,	3,	1,11,10
128,127,127,	0.97003,-0.14971,0.19137,	3,	2,5,1
128,127,127,	0.95900,-0.21420,0.18559,	3,	2,6,5
128,127,127,	0.94995,-0.31237,-0.00525,	3,	2,7,6
128,127,127,	0.95638,-0.28073,-0.08077,	3,	3,7,2
128,127,127,	0.83295,-0.41869,-0.36179,	3,	3,12,7
128,127,127,	0.77156,-0.28467,-0.56890,	3,	3,14,12
128,127,127,	0.91385,0.27811,-0.29587,	3,	4,8,0
128,127,127,	0.87427,0.37188,-0.31203,	3,	4,13,8
128,127,127,	0.80328,0.59223,-0.06338,	3,	4,15,13
128,127,127,	0.80216,0.09296,0.58982,	3,	5,11,1
128,127,127,	0.75400,0.04695,0.65519,	3,	5,19,11
128,127,127,	0.81012,-0.38636,0.44095,	3,	6,16,5
128,127,127,	0.72573,-0.60494,0.32766,	3,	6,17,16
128,127,127,	0.80570,-0.59072,0.04353,	3,	7,17,6
128,127,127,	0.73465,-0.67077,-0.10175,	3,	7,21,17
128,127,127,	0.88522,0.19207,-0.42367,	3,	8,9,0
128,127,127,	0.76386,0.29061,-0.57625,	3,	8,18,9
128,127,127,	0.82524,-0.01894,-0.56447,	3,	9,14,3
128,127,127,	0.65694,0.12745,-0.74309,	3,	9,22,14
128,127,127,	0.81905,0.47209,0.32601,	3,	10,15,4
128,127,127,	0.47996,0.60360,0.63664,	3,	10,24,15
128,127,127,	0.38116,0.33452,0.86187,	3,	11,20,10
128,127,127,	0.41031,0.35749,0.83896,	3,	11,26,20
128,127,127,	0.73920,-0.57378,-0.35264,	3,	12,21,7
128,127,127,	0.49517,-0.61690,-0.61175,	3,	12,28,21
128,127,127,	0.75143,0.36759,-0.54793,	3,	13,18,8
128,127,127,	0.59005,0.50592,-0.62919,	3,	13,27,18
128,127,127,	0.57243,-0.37329,-0.73005,	3,	14,23,12
128,127,127,	0.32772,-0.13846,-0.93458,	3,	14,29,23
128,127,127,	0.64934,0.75452,-0.09515,	3,	15,25,13
128,127,127,	0.34570,0.90702,0.24042,	3,	15,30,25
128,127,127,	0.72793,-0.28939,0.62159,	3,	16,19,5
128,127,127,	0.65171,-0.33801,0.67899,	3,	16,34,19
128,127,127,	0.57469,-0.71320,0.40135,	3,	17,33,16
128,127,127,	0.65205,0.19875,-0.73166,	3,	18,22,9
128,127,127,	0.41516,0.31470,-0.85359,	3,	18,32,22
128,127,127,	0.41537,0.34074,0.84342,	3,	19,26,11
128,127,127,	0.44906,0.35856,0.81840,	3,	19,36,26
128,127,127,	0.37347,0.34631,0.86058,	3,	20,24,10
128,127,127,	0.09067,0.32720,0.94060,	3,	20,35,24
128,127,127,	0.56614,-0.82235,-0.05677,	3,	21,31,17
128,127,127,	0.31716,-0.89333,-0.31838,	3,	21,37,31
128,127,127,	0.33145,-0.10308,-0.93782,	3,	22,29,14
128,127,127,	-0.01896,0.08314,-0.99636,	3,	22,39,29
128,127,127,	0.46646,-0.52664,-0.71067,	3,	23,28,12
128,127,127,	0.17121,-0.47437,-0.86352,	3,	23,38,28
128,127,127,	0.33888,0.71581,0.61056,	3,	24,30,15
128,127,127,	0.10993,0.69054,0.71489,	3,	24,42,30
128,127,127,	0.49960,0.71963,-0.48222,	3,	25,27,13
128,127,127,	0.31581,0.80189,-0.50718,	3,	25,43,27
128,127,127,	0.09184,0.50443,0.85855,	3,	26,35,20
128,127,127,	0.23578,0.55029,0.80099,	3,	26,41,35
128,127,127,	0.39730,0.41262,-0.81969,	3,	27,32,18
128,127,127,	0.20108,0.48574,-0.85066,	3,	27,46,32
128,127,127,	0.34742,-0.72542,-0.59419,	3,	28,37,21
128,127,127,	0.16825,-0.68914,-0.70482,	3,	28,44,37
128,127,127,	0.15057,-0.23534,-0.96018,	3,	29,38,23
128,127,127,	-0.19254,-0.02952,-0.98085,	3,	29,47,38
128,127,127,	0.26379,0.93843,0.22310,	3,	30,40,25
128,127,127,	0.06357,0.92493,0.37477,	3,	30,53,40
128,127,127,	0.46956,-0.84116,0.26826,	3,	31,33,17
128,127,127,	0.15310,-0.94199,0.29869,	3,	31,50,33
128,127,127,	-0.01761,0.02806,-0.99945,	3,	32,39,22
128,127,127,	-0.02702,0.03153,-0.99914,	3,	32,48,39
128,127,127,	0.50468,-0.67372,0.53982,	3,	33,34,16
128,127,127,	0.35373,-0.73026,0.58446,	3,	33,51,34
128,127,127,	0.46818,-0.14935,0.87092,	3,	34,36,19
128,127,127,	0.41859,-0.16643,0.89279,	3,	34,49,36
128,127,127,	0.25550,-0.66494,0.70184,	3,	34,51,49
128,127,127,	0.03678,0.36569,0.93001,	3,	35,42,24
128,127,127,	0.19077,0.41304,0.89051,	3,	35,52,42
128,127,127,	0.24102,0.51296,0.82388,	3,	36,41,26
128,127,127,	0.05926,0.46535,0.88314,	3,	36,54,41
128,127,127,	0.01140,-0.96742,-0.25293,	3,	37,45,31
128,127,127,	-0.23382,-0.88708,-0.39801,	3,	37,55,45
128,127,127,	0.17462,-0.47225,-0.86400,	3,	38,44,28
128,127,127,	-0.00620,-0.39267,-0.91966,	3,	38,56,44
128,127,127,	-0.19212,-0.04102,-0.98051,	3,	39,47,29
128,127,127,	-0.26533,-0.00041,-0.96416,	3,	39,57,47
128,127,127,	0.15720,0.95622,-0.24683,	3,	40,43,25
128,127,127,	0.07158,0.96881,-0.23724,	3,	40,58,43
128,127,127,	0.19099,0.56982,0.79927,	3,	41,52,35
128,127,127,	0.06601,0.53233,0.84396,	3,	41,59,52
128,127,127,	0.02550,0.73932,0.67287,	3,	42,53,30
128,127,127,	-0.06798,0.70586,0.70508,	3,	42,60,53
128,127,127,	0.13801,0.64279,-0.75351,	3,	43,46,27
128,127,127,	0.05842,0.65586,-0.75262,	3,	43,64,46
128,127,127,	-0.21682,-0.80566,-0.55127,	3,	44,55,37
128,127,127,	-0.21593,-0.80610,-0.55097,	3,	44,63,55
128,127,127,	-0.07830,-0.99693,0.00302,	3,	45,50,31
128,127,127,	-0.38689,-0.92119,-0.04152,	3,	45,61,50
128,127,127,	-0.05292,0.25115,-0.96650,	3,	46,48,32
128,127,127,	-0.07330,0.25306,-0.96467,	3,	46,62,48
128,127,127,	-0.14658,0.36778,-0.91829,	3,	46,64,62
128,127,127,	-0.03746,0.06761,-0.99701,	3,	47,56,38
128,127,127,	-0.09228,0.09642,-0.99105,	3,	47,66,56
128,127,127,	-0.26760,-0.11796,-0.95628,	3,	48,57,39
128,127,127,	-0.22596,-0.14425,-0.96340,	3,	48,62,57
128,127,127,	0.05453,0.11375,0.99201,	3,	49,54,36
128,127,127,	-0.41935,-0.04675,0.90662,	3,	49,65,54
128,127,127,	0.12596,-0.93044,0.34410,	3,	50,51,33
128,127,127,	-0.21641,-0.91838,0.33128,	3,	50,68,51
128,127,127,	-0.19547,-0.65730,0.72784,	3,	51,65,49
128,127,127,	-0.37594,-0.76188,0.52746,	3,	51,68,65
128,127,127,	-0.04447,0.50408,0.86251,	3,	52,60,42
128,127,127,	0.07475,0.55748,0.82682,	3,	52,67,60
128,127,127,	-0.08604,0.96015,0.26590,	3,	53,58,40
128,127,127,	-0.31896,0.88149,0.34820,	3,	53,72,58
128,127,127,	0.05727,0.46670,0.88256,	3,	54,59,41
128,127,127,	-0.50421,0.20101,0.83986,	3,	54,71,59
128,127,127,	-0.43714,-0.85965,-0.26439,	3,	55,61,45
128,127,127,	-0.44762,-0.85293,-0.26861,	3,	55,70,61
128,127,127,	-0.19654,-0.48987,-0.84936,	3,	56,63,44
128,127,127,	-0.23079,-0.46727,-0.85346,	3,	56,69,63
128,127,127,	-0.09199,0.11827,-0.98871,	3,	57,66,47
128,127,127,	-0.01814,0.08423,-0.99628,	3,	57,73,66
128,127,127,	-0.09145,0.87011,-0.48430,	3,	58,64,43
128,127,127,	-0.38891,0.82226,-0.41550,	3,	58,75,64
128,127,127,	0.07664,0.52701,0.84640,	3,	59,67,52
128,127,127,	-0.55437,0.27679,0.78490,	3,	59,74,67
128,127,127,	-0.33892,0.74285,0.57733,	3,	60,72,53
128,127,127,	-0.51082,0.61162,0.60414,	3,	60,78,72
128,127,127,	-0.40648,-0.91351,-0.01644,	3,	61,68,50
128,127,127,	-0.53212,-0.84560,-0.04261,	3,	61,77,68
128,127,127,	-0.04345,-0.09621,-0.99441,	3,	62,73,57
128,127,127,	-0.24616,0.01362,-0.96913,	3,	62,76,73
128,127,127,	-0.45876,-0.80897,-0.36757,	3,	63,70,55
128,127,127,	-0.59034,-0.69605,-0.40867,	3,	63,79,70
128,127,127,	-0.18246,0.36538,-0.91280,	3,	64,76,62
128,127,127,	-0.49770,0.00483,0.86733,	3,	65,71,54
128,127,127,	-0.78477,-0.14865,0.60170,	3,	65,80,71
128,127,127,	-0.16849,0.04936,-0.98447,	3,	66,69,56
128,127,127,	-0.22026,0.06970,-0.97295,	3,	66,81,69
128,127,127,	-0.50338,0.58666,0.63438,	3,	67,78,60
128,127,127,	-0.66084,-0.60149,0.44890,	3,	68,80,65
128,127,127,	-0.56040,-0.54892,-0.62019,	3,	69,79,63
128,127,127,	-0.69343,-0.31695,-0.64707,	3,	69,81,79
128,127,127,	-0.56184,-0.80919,-0.17187,	3,	70,77,61
128,127,127,	-0.75690,-0.60946,-0.23591,	3,	70,82,77
128,127,127,	-0.56317,0.23942,0.79090,	3,	71,74,59
128,127,127,	-0.82127,0.06145,0.56722,	3,	71,83,74
128,127,127,	-0.57127,0.81397,0.10532,	3,	72,75,58
128,127,127,	-0.79240,0.58644,0.16792,	3,	72,86,75
128,127,127,	-0.21981,-0.00764,-0.97551,	3,	73,81,66
128,127,127,	-0.44361,0.07174,-0.89334,	3,	73,84,81
128,127,127,	-0.65071,0.38139,0.65659,	3,	74,78,67
128,127,127,	-0.82318,0.27192,0.49842,	3,	74,89,78
128,127,127,	-0.51636,0.58318,-0.62711,	3,	75,76,64
128,127,127,	-0.74738,0.45249,-0.48650,	3,	75,87,76
128,127,127,	-0.43943,-0.03002,-0.89778,	3,	76,84,73
128,127,127,	-0.77639,0.14701,-0.61287,	3,	76,87,84
128,127,127,	-0.75727,-0.62007,0.20505,	3,	77,80,68
128,127,127,	-0.83721,-0.52210,0.16277,	3,	77,85,80
128,127,127,	-0.78102,0.50395,0.36885,	3,	78,86,72
128,127,127,	-0.85928,0.34890,0.37404,	3,	78,89,86
128,127,127,	-0.75644,-0.61402,-0.22535,	3,	79,82,70
128,127,127,	-0.85549,-0.45621,-0.24498,	3,	79,88,82
128,127,127,	-0.83056,-0.08998,0.54961,	3,	80,83,71
128,127,127,	-0.93244,-0.19487,0.30429,	3,	80,85,83
128,127,127,	-0.77445,-0.28697,-0.56381,	3,	81,88,79
128,127,127,	-0.86164,-0.49792,-0.09824,	3,	82,85,77
128,127,127,	-0.91044,-0.39703,-0.11602,	3,	82,90,85
128,127,127,	-0.85821,0.11493,0.50027,	3,	83,89,74
128,127,127,	-0.95860,-0.02885,0.28328,	3,	83,90,89
128,127,127,	-0.81084,-0.12375,-0.57203,	3,	84,88,81
128,127,127,	-0.92675,-0.01796,-0.37524,	3,	84,91,88
128,127,127,	-0.94675,-0.16885,0.27413,	3,	85,90,83
128,127,127,	-0.89228,0.44953,-0.04189,	3,	86,87,75
128,127,127,	-0.96669,0.25586,-0.00711,	3,	86,91,87
128,127,127,	-0.92658,0.04787,-0.37303,	3,	87,91,84
128,127,127,	-0.91089,-0.39026,-0.13411,	3,	88,90,82
128,127,127,	-0.98064,-0.12199,-0.15317,	3,	88,91,90
128,127,127,	-0.96906,0.20649,0.13520,	3,	89,91,86
128,127,127,	-0.98846,0.05406,0.14152,	3,	90,91,89

TEXTURES
oolite_alt_asteroid_diffuse.png	1.0 1.0	0.71679 0.38536	0.78422 0.37824	0.74851 0.32261
oolite_alt_asteroid_diffuse.png	1.0 1.0	0.71679 0.38536	0.76167 0.44243	0.78422 0.37824
oolite_alt_asteroid_diffuse.png	1.0 1.0	0.71679 0.38536	0.66509 0.43590	0.76167 0.44243
oolite_alt_asteroid_diffuse.png	1.0 1.0	0.74851 0.32261	0.67393 0.31956	0.71679 0.38536
oolite_alt_asteroid_diffuse.png	1.0 1.0	0.74851 0.32261	0.71088 0.26385	0.67393 0.31956
oolite_alt_asteroid_diffuse.png	1.0 1.0	0.74851 0.32261	0.78041 0.26322	0.71088 0.26385
oolite_alt_asteroid_diffuse.png	1.0 1.0	0.78422 0.37824	0.81534 0.31216	0.74851 0.32261
oolite_alt_asteroid_diffuse.png	1.0 1.0	0.78422 0.37824	0.85858 0.35891	0.81534 0.31216
oolite_alt_asteroid_diffuse.png	1.0 1.0	0.78422 0.37824	0.85357 0.42143	0.85858 0.35891
oolite_alt_asteroid_diffuse.png	1.0 1.0	0.76167 0.44243	0.85357 0.42143	0.78422 0.37824
oolite_alt_asteroid_diffuse.png	1.0 1.0	0.30163 0.50107	0.25671 0.45235	0.20074 0.49711
oolite_alt_asteroid_diffuse.png	1.0 1.0	0.30163 0.50107	0.33546 0.43689	0.25671 0.45235
oolite_alt_asteroid_diffuse.png	1.0 1.0	0.67393 0.31956	0.63780 0.37474	0.71679 0.38536
oolite_alt_asteroid_diffuse.png	1.0 1.0	0.67393 0.31956	0.59731 0.31160	0.63780 0.37474
oolite_alt_asteroid_diffuse.png	1.0 1.0	0.67393 0.31956	0.63896 0.26219	0.59731 0.31160
oolite_alt_asteroid_diffuse.png	1.0 1.0	0.81534 0.31216	0.78041 0.26322	0.74851 0.32261
oolite_alt_asteroid_diffuse.png	1.0 1.0	0.81534 0.31216	0.83830 0.23453	0.78041 0.26322
oolite_alt_asteroid_diffuse.png	1.0 1.0	0.85858 0.35891	0.89780 0.29406	0.81534 0.31216
oolite_alt_asteroid_diffuse.png	1.0 1.0	0.85858 0.35891	0.93843 0.37143	0.89780 0.29406
oolite_alt_asteroid_diffuse.png	1.0 1.0	0.85357 0.42143	0.93843 0.37143	0.85858 0.35891
oolite_alt_asteroid_diffuse.png	1.0 1.0	0.20074 0.49711	0.16638 0.41500	0.09951 0.44056
oolite_alt_asteroid_diffuse.png	1.0 1.0	0.63780 0.37474	0.66509 0.43590	0.71679 0.38536
oolite_alt_asteroid_diffuse.png	1.0 1.0	0.63780 0.37474	0.57388 0.39212	0.66509 0.43590
oolite_alt_asteroid_diffuse.png	1.0 1.0	0.39358 0.46469	0.33546 0.43689	0.30163 0.50107
oolite_alt_asteroid_diffuse.png	1.0 1.0	0.39358 0.46469	0.39174 0.39216	0.33546 0.43689
oolite_alt_asteroid_diffuse.png	1.0 1.0	0.71088 0.26385	0.63896 0.26219	0.67393 0.31956
oolite_alt_asteroid_diffuse.png	1.0 1.0	0.71088 0.26385	0.69237 0.21401	0.63896 0.26219
oolite_alt_asteroid_diffuse.png	1.0 1.0	0.78041 0.26322	0.74029 0.21804	0.71088 0.26385
oolite_alt_asteroid_diffuse.png	1.0 1.0	0.78041 0.26322	0.80327 0.19866	0.74029 0.21804
oolite_alt_asteroid_diffuse.png	1.0 1.0	0.25671 0.45235	0.16638 0.41500	0.20074 0.49711
oolite_alt_asteroid_diffuse.png	1.0 1.0	0.25671 0.45235	0.22780 0.38949	0.16638 0.41500
oolite_alt_asteroid_diffuse.png	1.0 1.0	0.59731 0.31160	0.57388 0.39212	0.63780 0.37474
oolite_alt_asteroid_diffuse.png	1.0 1.0	0.59731 0.31160	0.52417 0.30693	0.57388 0.39212
oolite_alt_asteroid_diffuse.png	1.0 1.0	0.33546 0.43689	0.29217 0.40563	0.25671 0.45235
oolite_alt_asteroid_diffuse.png	1.0 1.0	0.33546 0.43689	0.33875 0.37632	0.29217 0.40563
oolite_alt_asteroid_diffuse.png	1.0 1.0	0.63896 0.26219	0.57396 0.25171	0.59731 0.31160
oolite_alt_asteroid_diffuse.png	1.0 1.0	0.63896 0.26219	0.62431 0.20539	0.57396 0.25171
oolite_alt_asteroid_diffuse.png	1.0 1.0	0.89780 0.29406	0.83830 0.23453	0.81534 0.31216
oolite_alt_asteroid_diffuse.png	1.0 1.0	0.89780 0.29406	0.91310 0.20606	0.83830 0.23453
oolite_alt_asteroid_diffuse.png	1.0 1.0	0.93843 0.37143	0.98548 0.28000	0.89780 0.29406
oolite_alt_asteroid_diffuse.png	1.0 1.0	0.46773 0.38655	0.39174 0.39216	0.39358 0.46469
oolite_alt_asteroid_diffuse.png	1.0 1.0	0.46773 0.38655	0.44493 0.32915	0.39174 0.39216
oolite_alt_asteroid_diffuse.png	1.0 1.0	0.83830 0.23453	0.80327 0.19866	0.78041 0.26322
oolite_alt_asteroid_diffuse.png	1.0 1.0	0.83830 0.23453	0.85365 0.16706	0.80327 0.19866
oolite_alt_asteroid_diffuse.png	1.0 1.0	0.74029 0.21804	0.69237 0.21401	0.71088 0.26385
oolite_alt_asteroid_diffuse.png	1.0 1.0	0.74029 0.21804	0.74022 0.16620	0.69237 0.21401
oolite_alt_asteroid_diffuse.png	1.0 1.0	0.16638 0.41500	0.10710 0.36809	0.09951 0.44056
oolite_alt_asteroid_diffuse.png	1.0 1.0	0.16638 0.41500	0.17340 0.35718	0.10710 0.36809
oolite_alt_asteroid_diffuse.png	1.0 1.0	0.39174 0.39216	0.33875 0.37632	0.33546 0.43689
oolite_alt_asteroid_diffuse.png	1.0 1.0	0.39174 0.39216	0.37710 0.32917	0.33875 0.37632
oolite_alt_asteroid_diffuse.png	1.0 1.0	0.29217 0.40563	0.22780 0.38949	0.25671 0.45235
oolite_alt_asteroid_diffuse.png	1.0 1.0	0.29217 0.40563	0.28431 0.35367	0.22780 0.38949
oolite_alt_asteroid_diffuse.png	1.0 1.0	0.69237 0.21401	0.62431 0.20539	0.63896 0.26219
oolite_alt_asteroid_diffuse.png	1.0 1.0	0.69237 0.21401	0.66252 0.14481	0.62431 0.20539
oolite_alt_asteroid_diffuse.png	1.0 1.0	0.57396 0.25171	0.52417 0.30693	0.59731 0.31160
oolite_alt_asteroid_diffuse.png	1.0 1.0	0.57396 0.25171	0.51421 0.21602	0.52417 0.30693
oolite_alt_asteroid_diffuse.png	1.0 1.0	0.80327 0.19866	0.74022 0.16620	0.74029 0.21804
oolite_alt_asteroid_diffuse.png	1.0 1.0	0.80327 0.19866	0.81110 0.15059	0.74022 0.16620
oolite_alt_asteroid_diffuse.png	1.0 1.0	0.52417 0.30693	0.44493 0.32915	0.46773 0.38655
oolite_alt_asteroid_diffuse.png	1.0 1.0	0.52417 0.30693	0.46647 0.25357	0.44493 0.32915
oolite_alt_asteroid_diffuse.png	1.0 1.0	0.22780 0.38949	0.17340 0.35718	0.16638 0.41500
oolite_alt_asteroid_diffuse.png	1.0 1.0	0.22780 0.38949	0.22822 0.33276	0.17340 0.35718
oolite_alt_asteroid_diffuse.png	1.0 1.0	0.33875 0.37632	0.28431 0.35367	0.29217 0.40563
oolite_alt_asteroid_diffuse.png	1.0 1.0	0.33875 0.37632	0.32782 0.31671	0.28431 0.35367
oolite_alt_asteroid_diffuse.png	1.0 1.0	0.62431 0.20539	0.56079 0.18890	0.57396 0.25171
oolite_alt_asteroid_diffuse.png	1.0 1.0	0.62431 0.20539	0.59409 0.13157	0.56079 0.18890
oolite_alt_asteroid_diffuse.png	1.0 1.0	0.10710 0.36809	0.02521 0.33865	0.09951 0.44056
oolite_alt_asteroid_diffuse.png	1.0 1.0	0.10710 0.36809	0.07397 0.28885	0.02521 0.33865
oolite_alt_asteroid_diffuse.png	1.0 1.0	0.44493 0.32915	0.37710 0.32917	0.39174 0.39216
oolite_alt_asteroid_diffuse.png	1.0 1.0	0.44493 0.32915	0.42167 0.27439	0.37710 0.32917
oolite_alt_asteroid_diffuse.png	1.0 1.0	0.98548 0.28000	0.91310 0.20606	0.89780 0.29406
oolite_alt_asteroid_diffuse.png	1.0 1.0	0.98548 0.28000	0.99677 0.18502	0.91310 0.20606
oolite_alt_asteroid_diffuse.png	1.0 1.0	0.91310 0.20606	0.85365 0.16706	0.83830 0.23453
oolite_alt_asteroid_diffuse.png	1.0 1.0	0.91310 0.20606	0.92264 0.14331	0.85365 0.16706
oolite_alt_asteroid_diffuse.png	1.0 1.0	0.91310 0.20606	0.99677 0.18502	0.92264 0.14331
oolite_alt_asteroid_diffuse.png	1.0 1.0	0.74022 0.16620	0.66252 0.14481	0.69237 0.21401
oolite_alt_asteroid_diffuse.png	1.0 1.0	0.74022 0.16620	0.73701 0.11773	0.66252 0.14481
oolite_alt_asteroid_diffuse.png	1.0 1.0	0.85365 0.16706	0.81110 0.15059	0.80327 0.19866
oolite_alt_asteroid_diffuse.png	1.0 1.0	0.85365 0.16706	0.85529 0.11133	0.81110 0.15059
oolite_alt_asteroid_diffuse.png	1.0 1.0	0.17340 0.35718	0.12617 0.32000	0.10710 0.36809
oolite_alt_asteroid_diffuse.png	1.0 1.0	0.17340 0.35718	0.18026 0.30430	0.12617 0.32000
oolite_alt_asteroid_diffuse.png	1.0 1.0	0.28431 0.35367	0.22822 0.33276	0.22780 0.38949
oolite_alt_asteroid_diffuse.png	1.0 1.0	0.28431 0.35367	0.26940 0.30415	0.22822 0.33276
oolite_alt_asteroid_diffuse.png	1.0 1.0	0.37710 0.32917	0.32782 0.31671	0.33875 0.37632
oolite_alt_asteroid_diffuse.png	1.0 1.0	0.37710 0.32917	0.35737 0.26472	0.32782 0.31671
oolite_alt_asteroid_diffuse.png	1.0 1.0	0.56079 0.18890	0.51421 0.21602	0.57396 0.25171
oolite_alt_asteroid_diffuse.png	1.0 1.0	0.56079 0.18890	0.51076 0.12409	0.51421 0.21602
oolite_alt_asteroid_diffuse.png	1.0 1.0	0.81110 0.15059	0.73701 0.11773	0.74022 0.16620
oolite_alt_asteroid_diffuse.png	1.0 1.0	0.81110 0.15059	0.80050 0.07797	0.73701 0.11773
oolite_alt_asteroid_diffuse.png	1.0 1.0	0.66252 0.14481	0.59409 0.13157	0.62431 0.20539
oolite_alt_asteroid_diffuse.png	1.0 1.0	0.66252 0.14481	0.66841 0.08639	0.59409 0.13157
oolite_alt_asteroid_diffuse.png	1.0 1.0	0.51421 0.21602	0.46647 0.25357	0.52417 0.30693
oolite_alt_asteroid_diffuse.png	1.0 1.0	0.51421 0.21602	0.46585 0.17372	0.46647 0.25357
oolite_alt_asteroid_diffuse.png	1.0 1.0	0.22822 0.33276	0.18026 0.30430	0.17340 0.35718
oolite_alt_asteroid_diffuse.png	1.0 1.0	0.22822 0.33276	0.22632 0.28316	0.18026 0.30430
oolite_alt_asteroid_diffuse.png	1.0 1.0	0.12617 0.32000	0.07397 0.28885	0.10710 0.36809
oolite_alt_asteroid_diffuse.png	1.0 1.0	0.12617 0.32000	0.13296 0.25302	0.07397 0.28885
oolite_alt_asteroid_diffuse.png	1.0 1.0	0.46647 0.25357	0.42167 0.27439	0.44493 0.32915
oolite_alt_asteroid_diffuse.png	1.0 1.0	0.46647 0.25357	0.41574 0.21775	0.42167 0.27439
oolite_alt_asteroid_diffuse.png	1.0 1.0	0.46647 0.25357	0.46585 0.17372	0.41574 0.21775
oolite_alt_asteroid_diffuse.png	1.0 1.0	0.32782 0.31671	0.26940 0.30415	0.28431 0.35367
oolite_alt_asteroid_diffuse.png	1.0 1.0	0.32782 0.31671	0.30928 0.26062	0.26940 0.30415
oolite_alt_asteroid_diffuse.png	1.0 1.0	0.42167 0.27439	0.35737 0.26472	0.37710 0.32917
oolite_alt_asteroid_diffuse.png	1.0 1.0	0.42167 0.27439	0.41574 0.21775	0.35737 0.26472
oolite_alt_asteroid_diffuse.png	1.0 1.0	0.92264 0.14331	0.85529 0.11133	0.85365 0.16706
oolite_alt_asteroid_diffuse.png	1.0 1.0	0.92264 0.14331	0.95432 0.08376	0.85529 0.11133
oolite_alt_asteroid_diffuse.png	1.0 1.0	0.07397 0.28885	0.00123 0.23243	0.02521 0.33865
oolite_alt_asteroid_diffuse.png	1.0 1.0	0.07397 0.28885	0.07438 0.20573	0.00123 0.23243
oolite_alt_asteroid_diffuse.png	1.0 1.0	0.99677 0.18502	0.95432 0.08376	0.92264 0.14331
oolite_alt_asteroid_diffuse.png	1.0 1.0	0.00123 0.23243	0.07438 0.20573	0.02697 0.12498
oolite_alt_asteroid_diffuse.png	1.0 1.0	0.73701 0.11773	0.66841 0.08639	0.66252 0.14481
oolite_alt_asteroid_diffuse.png	1.0 1.0	0.73701 0.11773	0.74169 0.06619	0.66841 0.08639
oolite_alt_asteroid_diffuse.png	1.0 1.0	0.59409 0.13157	0.51076 0.12409	0.56079 0.18890
oolite_alt_asteroid_diffuse.png	1.0 1.0	0.59409 0.13157	0.57348 0.06194	0.51076 0.12409
oolite_alt_asteroid_diffuse.png	1.0 1.0	0.85529 0.11133	0.80050 0.07797	0.81110 0.15059
oolite_alt_asteroid_diffuse.png	1.0 1.0	0.85529 0.11133	0.87606 0.04456	0.80050 0.07797
oolite_alt_asteroid_diffuse.png	1.0 1.0	0.18026 0.30430	0.13296 0.25302	0.12617 0.32000
oolite_alt_asteroid_diffuse.png	1.0 1.0	0.18026 0.30430	0.18304 0.24177	0.13296 0.25302
oolite_alt_asteroid_diffuse.png	1.0 1.0	0.26940 0.30415	0.22632 0.28316	0.22822 0.33276
oolite_alt_asteroid_diffuse.png	1.0 1.0	0.26940 0.30415	0.26596 0.25638	0.22632 0.28316
oolite_alt_asteroid_diffuse.png	1.0 1.0	0.35737 0.26472	0.30928 0.26062	0.32782 0.31671
oolite_alt_asteroid_diffuse.png	1.0 1.0	0.35737 0.26472	0.34759 0.21484	0.30928 0.26062
oolite_alt_asteroid_diffuse.png	1.0 1.0	0.51076 0.12409	0.46585 0.17372	0.51421 0.21602
oolite_alt_asteroid_diffuse.png	1.0 1.0	0.51076 0.12409	0.43885 0.11776	0.46585 0.17372
oolite_alt_asteroid_diffuse.png	1.0 1.0	0.80050 0.07797	0.74169 0.06619	0.73701 0.11773
oolite_alt_asteroid_diffuse.png	1.0 1.0	0.80050 0.07797	0.77497 0.01328	0.74169 0.06619
oolite_alt_asteroid_diffuse.png	1.0 1.0	0.66841 0.08639	0.57348 0.06194	0.59409 0.13157
oolite_alt_asteroid_diffuse.png	1.0 1.0	0.66841 0.08639	0.67599 0.01726	0.57348 0.06194
oolite_alt_asteroid_diffuse.png	1.0 1.0	0.13296 0.25302	0.07438 0.20573	0.07397 0.28885
oolite_alt_asteroid_diffuse.png	1.0 1.0	0.13296 0.25302	0.14208 0.19496	0.07438 0.20573
oolite_alt_asteroid_diffuse.png	1.0 1.0	0.41574 0.21775	0.34759 0.21484	0.35737 0.26472
oolite_alt_asteroid_diffuse.png	1.0 1.0	0.41574 0.21775	0.39756 0.17644	0.34759 0.21484
oolite_alt_asteroid_diffuse.png	1.0 1.0	0.22632 0.28316	0.18304 0.24177	0.18026 0.30430
oolite_alt_asteroid_diffuse.png	1.0 1.0	0.22632 0.28316	0.23875 0.22842	0.18304 0.24177
oolite_alt_asteroid_diffuse.png	1.0 1.0	0.46585 0.17372	0.39756 0.17644	0.41574 0.21775
oolite_alt_asteroid_diffuse.png	1.0 1.0	0.95432 0.08376	0.87606 0.04456	0.85529 0.11133
oolite_alt_asteroid_diffuse.png	1.0 1.0	0.02697 0.12498	0.10266 0.13419	0.08955 0.05547
oolite_alt_asteroid_diffuse.png	1.0 1.0	0.30928 0.26062	0.26596 0.25638	0.26940 0.30415
oolite_alt_asteroid_diffuse.png	1.0 1.0	0.30928 0.26062	0.29172 0.21859	0.26596 0.25638
oolite_alt_asteroid_diffuse.png	1.0 1.0	0.74169 0.06619	0.67599 0.01726	0.66841 0.08639
oolite_alt_asteroid_diffuse.png	1.0 1.0	0.07438 0.20573	0.10266 0.13419	0.02697 0.12498
oolite_alt_asteroid_diffuse.png	1.0 1.0	0.26596 0.25638	0.23875 0.22842	0.22632 0.28316
oolite_alt_asteroid_diffuse.png	1.0 1.0	0.26596 0.25638	0.29172 0.21859	0.23875 0.22842
oolite_alt_asteroid_diffuse.png	1.0 1.0	0.18304 0.24177	0.14208 0.19496	0.13296 0.25302
oolite_alt_asteroid_diffuse.png	1.0 1.0	0.18304 0.24177	0.19643 0.18840	0.14208 0.19496
oolite_alt_asteroid_diffuse.png	1.0 1.0	0.87606 0.04456	0.77497 0.01328	0.80050 0.07797
oolite_alt_asteroid_diffuse.png	1.0 1.0	0.08955 0.05547	0.17563 0.08073	0.19332 0.00981
oolite_alt_asteroid_diffuse.png	1.0 1.0	0.43612 0.04098	0.43885 0.11776	0.51076 0.12409
oolite_alt_asteroid_diffuse.png	1.0 1.0	0.43612 0.04098	0.35742 0.07494	0.43885 0.11776
oolite_alt_asteroid_diffuse.png	1.0 1.0	0.34759 0.21484	0.29172 0.21859	0.30928 0.26062
oolite_alt_asteroid_diffuse.png	1.0 1.0	0.34759 0.21484	0.32749 0.17991	0.29172 0.21859
oolite_alt_asteroid_diffuse.png	1.0 1.0	0.77497 0.01328	0.67599 0.01726	0.74169 0.06619
oolite_alt_asteroid_diffuse.png	1.0 1.0	0.19332 0.00981	0.25959 0.06582	0.30823 0.00178
oolite_alt_asteroid_diffuse.png	1.0 1.0	0.43885 0.11776	0.39756 0.17644	0.46585 0.17372
oolite_alt_asteroid_diffuse.png	1.0 1.0	0.43885 0.11776	0.36878 0.13477	0.39756 0.17644
oolite_alt_asteroid_diffuse.png	1.0 1.0	0.39756 0.17644	0.32749 0.17991	0.34759 0.21484
oolite_alt_asteroid_diffuse.png	1.0 1.0	0.39756 0.17644	0.36878 0.13477	0.32749 0.17991
oolite_alt_asteroid_diffuse.png	1.0 1.0	0.14208 0.19496	0.10266 0.13419	0.07438 0.20573
oolite_alt_asteroid_diffuse.png	1.0 1.0	0.14208 0.19496	0.17185 0.15096	0.10266 0.13419
oolite_alt_asteroid_diffuse.png	1.0 1.0	0.30823 0.00178	0.35742 0.07494	0.43612 0.04098
oolite_alt_asteroid_diffuse.png	1.0 1.0	0.30823 0.00178	0.25959 0.06582	0.35742 0.07494
oolite_alt_asteroid_diffuse.png	1.0 1.0	0.23875 0.22842	0.19643 0.18840	0.18304 0.24177
oolite_alt_asteroid_diffuse.png	1.0 1.0	0.23875 0.22842	0.26417 0.17828	0.19643 0.18840
oolite_alt_asteroid_diffuse.png	1.0 1.0	0.10266 0.13419	0.17563 0.08073	0.08955 0.05547
oolite_alt_asteroid_diffuse.png	1.0 1.0	0.10266 0.13419	0.17185 0.15096	0.17563 0.08073
oolite_alt_asteroid_diffuse.png	1.0 1.0	0.29172 0.21859	0.26417 0.17828	0.23875 0.22842
oolite_alt_asteroid_diffuse.png	1.0 1.0	0.19643 0.18840	0.17185 0.15096	0.14208 0.19496
oolite_alt_asteroid_diffuse.png	1.0 1.0	0.19643 0.18840	0.23264 0.13132	0.17185 0.15096
oolite_alt_asteroid_diffuse.png	1.0 1.0	0.17563 0.08073	0.25959 0.06582	0.19332 0.00981
oolite_alt_asteroid_diffuse.png	1.0 1.0	0.17563 0.08073	0.23264 0.13132	0.25959 0.06582
oolite_alt_asteroid_diffuse.png	1.0 1.0	0.32749 0.17991	0.26417 0.17828	0.29172 0.21859
oolite_alt_asteroid_diffuse.png	1.0 1.0	0.32749 0.17991	0.29538 0.12681	0.26417 0.17828
oolite_alt_asteroid_diffuse.png	1.0 1.0	0.17185 0.15096	0.23264 0.13132	0.17563 0.08073
oolite_alt_asteroid_diffuse.png	1.0 1.0	0.35742 0.07494	0.36878 0.13477	0.43885 0.11776
oolite_alt_asteroid_diffuse.png	1.0 1.0	0.35742 0.07494	0.29538 0.12681	0.36878 0.13477
oolite_alt_asteroid_diffuse.png	1.0 1.0	0.36878 0.13477	0.29538 0.12681	0.32749 0.17991
oolite_alt_asteroid_diffuse.png	1.0 1.0	0.26417 0.17828	0.23264 0.13132	0.19643 0.18840
oolite_alt_asteroid_diffuse.png	1.0 1.0	0.26417 0.17828	0.29538 0.12681	0.23264 0.13132
oolite_alt_asteroid_diffuse.png	1.0 1.0	0.25959 0.06582	0.29538 0.12681	0.35742 0.07494
oolite_alt_asteroid_diffuse.png	1.0 1.0	0.23264 0.13132	0.29538 0.12681	0.25959 0.06582

END
