// output from Obj2DatTex.py Wavefront text file conversion script
// (c) 2005 By Giles Williams
// 
// original file: "tunnelextra.obj"
// 
// model size: 375.554 x 348.177 x 667.822
// 
// textures used: ['oolite_rock_hermit_tunnel_extras_diffuse.png']
// 
NVERTS 264
NFACES 360

VERTEX
187.77700, -0.97962, 538.21600
187.77700, -0.97962, 496.20000
187.77700, 0.99196, 538.21600
187.77700, 0.99196, 496.20000
185.80600, -0.97962, 538.21600
185.80600, -0.97962, 496.20000
185.80600, 0.99196, 538.21600
185.80600, 0.99196, 496.20000
179.32500, 59.57230, 497.91600
174.53000, 53.09630, 490.01500
173.36200, 69.90040, 497.91600
173.29300, 56.09000, 504.53800
170.08200, 68.02790, 497.79800
168.61300, 49.68020, 496.19400
167.88500, 66.75970, 495.26100
167.88500, 66.75970, 500.33400
167.33000, 66.41820, 504.53800
165.68800, 65.49140, 497.79800
165.35600, 68.98570, 490.01500
161.19100, 45.39520, 494.63300
161.19100, 45.39520, 403.13300
159.43900, 65.56970, 496.19400
156.93700, -7.90601, -124.94200
156.93700, 7.91198, -124.94200
153.62700, 44.73570, 500.37400
153.62700, 44.73570, 403.13300
152.01700, 61.28470, 494.63300
152.01700, 61.28470, 466.00700
152.01700, 61.28470, 446.69600
152.01700, 61.28470, 403.13300
147.66400, 55.06380, 500.37400
147.66400, 55.06380, 463.30900
147.66400, 55.06380, 449.30600
147.66400, 55.06380, 403.13300
147.21600, 115.18500, 497.91600
143.95500, 113.28100, 497.79800
142.42100, 108.70900, 490.01500
141.75800, 112.01300, 495.26100
141.75800, 112.01300, 500.33400
141.25300, 125.51400, 497.91600
141.18500, 111.70300, 504.53800
139.56100, 110.74500, 497.79800
136.50500, 105.29300, 496.19400
135.22200, 122.03100, 504.53800
133.24700, 124.59900, 490.01500
129.08300, 101.00800, 494.63300
129.08300, 101.00800, 466.00700
129.08300, 101.00800, 446.69600
129.08300, 101.00800, 403.13300
127.33100, 121.18300, 496.19400
121.51900, 100.34900, 500.37400
121.51900, 100.34900, 463.30900
121.51900, 100.34900, 449.30600
121.51900, 100.34900, 403.13300
119.90900, 116.89800, 494.63300
119.90900, 116.89800, 403.13300
115.55600, 110.67700, 500.37400
115.55600, 110.67700, 403.13300
104.15800, -34.71940, -124.94200
104.15800, 34.71940, -124.94200
97.34400, -32.44800, -129.60600
97.34400, 32.44800, -129.60600
94.80730, -162.14700, 538.21600
94.80730, -162.14700, 496.20000
94.76170, 162.10600, 538.21600
94.76170, 162.10600, 496.20000
93.82150, -160.43900, 538.21600
93.82150, -160.43900, 496.20000
93.77590, 160.39800, 538.21600
93.77590, 160.39800, 496.20000
93.09980, -163.13200, 538.21600
93.09980, -163.13200, 496.20000
93.05430, 163.09100, 538.21600
93.05430, 163.09100, 496.20000
92.11400, -161.42500, 538.21600
92.11400, -161.42500, 496.20000
92.06850, 161.38400, 538.21600
92.06850, 161.38400, 496.20000
85.34010, -131.91600, -124.94200
85.34010, 131.92200, -124.94200
71.64130, -139.82500, -124.94200
71.64130, 139.83100, -124.94200
52.07900, -34.71940, -124.94200
52.07900, 34.71940, -124.94200
48.67200, -32.44800, -129.60600
48.67200, 32.44800, -129.60600
41.28210, -177.69500, 490.01500
41.28210, -170.86300, 496.19400
41.28210, -162.29300, 494.63300
41.28210, -162.29300, 403.13300
41.28210, -150.35900, 403.13300
41.28210, -139.82500, 400.22800
38.07120, -185.08600, 497.91600
38.07120, -178.12100, 504.53800
38.07120, -155.41300, 500.37400
38.07120, -155.41300, 410.01400
38.07120, -149.42700, 410.01400
38.07120, -132.94500, 405.46700
36.45530, -58.08330, -124.94200
36.45530, 58.08330, -124.94200
34.07040, -54.28340, -129.60600
34.07040, 54.28340, -129.60600
26.14530, -185.08600, 497.91600
26.14530, -178.12100, 504.53800
26.14530, -155.41300, 500.37400
26.14530, -155.41300, 463.30900
26.14530, -155.41300, 449.30600
26.14530, -155.41300, 410.01400
26.14530, -149.42700, 410.01400
26.14530, -132.94500, 405.46700
26.12690, -181.30900, 497.79800
26.12690, -178.77300, 495.26100
26.12690, -178.77300, 500.33400
26.12690, -176.23600, 497.79800
25.72630, -123.52600, -124.94200
25.72630, -63.90440, -124.94200
25.72630, 63.90440, -124.94200
25.72630, 91.39720, -124.94200
22.93450, -177.69500, 490.01500
22.93450, -170.86300, 496.19400
22.93450, -162.29300, 494.63300
22.93450, -162.29300, 466.00700
22.93450, -162.29300, 446.69600
22.93450, -162.29300, 403.13300
22.93450, -150.35900, 403.13300
22.93450, -139.82500, 400.22800
22.23360, -120.03300, -128.43500
22.23360, -67.39710, -128.43500
22.23360, 67.39710, -128.43500
22.23360, 87.90450, -128.43500
-22.22300, -120.03300, -128.43500
-22.22300, -67.39710, -128.43500
-22.22300, 67.39710, -128.43500
-22.22300, 87.90450, -128.43500
-22.93450, -177.69500, 490.01500
-22.93450, -170.86300, 496.19400
-22.93450, -162.29300, 494.63300
-22.93450, -162.29300, 466.00700
-22.93450, -162.29300, 446.69600
-22.93450, -162.29300, 403.13300
-22.93450, -150.35900, 403.13300
-22.93450, -139.82500, 400.22800
-25.71570, -123.52600, -124.94200
-25.71570, -63.90440, -124.94200
-25.71570, 63.90440, -124.94200
-25.71570, 91.39720, -124.94200
-26.12690, -181.30900, 497.79800
-26.12690, -178.77300, 495.26100
-26.12690, -178.77300, 500.33400
-26.12690, -176.23600, 497.79800
-26.14530, -185.08600, 497.91600
-26.14530, -178.12100, 504.53800
-26.14530, -155.41300, 500.37400
-26.14530, -155.41300, 463.30900
-26.14530, -155.41300, 449.30600
-26.14530, -155.41300, 410.01400
-26.14530, -149.42700, 410.01400
-26.14530, -132.94500, 405.46700
-34.07040, -54.28340, -129.60600
-34.07040, 54.28340, -129.60600
-36.45530, -58.08330, -124.94200
-36.45530, 58.08330, -124.94200
-38.07120, -185.08600, 497.91600
-38.07120, -178.12100, 504.53800
-38.07120, -155.41300, 500.37400
-38.07120, -155.41300, 410.01400
-38.07120, -149.42700, 410.01400
-38.07120, -132.94500, 405.46700
-41.28210, -177.69500, 490.01500
-41.28210, -170.86300, 496.19400
-41.28210, -162.29300, 494.63300
-41.28210, -162.29300, 403.13300
-41.28210, -150.35900, 403.13300
-41.28210, -139.82500, 400.22800
-48.67200, -32.44800, -129.60600
-48.67200, 32.44800, -129.60600
-52.07900, -34.71940, -124.94200
-52.07900, 34.71940, -124.94200
-71.55320, 139.83100, -124.94200
-71.64130, -139.82500, -124.94200
-85.25200, 131.92200, -124.94200
-85.34010, -131.91600, -124.94200
-92.06850, 161.38400, 538.21600
-92.06850, 161.38400, 496.20000
-92.11400, -161.42500, 538.21600
-92.11400, -161.42500, 496.20000
-93.05430, 163.09100, 538.21600
-93.05430, 163.09100, 496.20000
-93.09980, -163.13200, 538.21600
-93.09980, -163.13200, 496.20000
-93.77590, 160.39800, 538.21600
-93.77590, 160.39800, 496.20000
-93.82150, -160.43900, 538.21600
-93.82150, -160.43900, 496.20000
-94.76170, 162.10600, 538.21600
-94.76170, 162.10600, 496.20000
-94.80730, -162.14700, 538.21600
-94.80730, -162.14700, 496.20000
-97.34400, -32.44800, -129.60600
-97.34400, 32.44800, -129.60600
-104.15800, -34.71940, -124.94200
-104.15800, 34.71940, -124.94200
-115.55600, 110.67700, 500.37400
-115.55600, 110.67700, 403.13300
-119.90900, 116.89800, 494.63300
-119.90900, 116.89800, 403.13300
-121.51900, 100.34900, 500.37400
-121.51900, 100.34900, 463.30900
-121.51900, 100.34900, 449.30600
-121.51900, 100.34900, 403.13300
-127.33100, 121.18300, 496.19400
-129.08300, 101.00800, 494.63300
-129.08300, 101.00800, 466.00700
-129.08300, 101.00800, 446.69600
-129.08300, 101.00800, 403.13300
-133.24700, 124.59900, 490.01500
-135.22200, 122.03100, 504.53800
-136.50500, 105.29300, 496.19400
-139.56100, 110.74500, 497.79800
-141.18500, 111.70300, 504.53800
-141.25300, 125.51400, 497.91600
-141.75800, 112.01300, 500.33400
-141.75800, 112.01300, 495.26100
-142.42100, 108.70900, 490.01500
-143.95500, 113.28100, 497.79800
-147.21600, 115.18500, 497.91600
-147.66400, 55.06380, 500.37400
-147.66400, 55.06380, 463.30900
-147.66400, 55.06380, 449.30600
-147.66400, 55.06380, 403.13300
-152.01700, 61.28470, 494.63300
-152.01700, 61.28470, 466.00700
-152.01700, 61.28470, 446.69600
-152.01700, 61.28470, 403.13300
-153.62700, 44.73570, 500.37400
-153.62700, 44.73570, 403.13300
-156.93700, -7.90601, -124.94200
-156.93700, 7.91198, -124.94200
-159.43900, 65.56970, 496.19400
-161.19100, 45.39520, 494.63300
-161.19100, 45.39520, 403.13300
-165.35600, 68.98570, 490.01500
-165.68800, 65.49140, 497.79800
-167.33000, 66.41820, 504.53800
-167.88500, 66.75970, 500.33400
-167.88500, 66.75970, 495.26100
-168.61300, 49.68020, 496.19400
-170.08200, 68.02790, 497.79800
-173.29300, 56.09000, 504.53800
-173.36200, 69.90040, 497.91600
-174.53000, 53.09630, 490.01500
-179.32500, 59.57230, 497.91600
-185.80600, -0.97962, 538.21600
-185.80600, -0.97962, 496.20000
-185.80600, 0.99196, 538.21600
-185.80600, 0.99196, 496.20000
-187.77700, -0.97962, 538.21600
-187.77700, -0.97962, 496.20000
-187.77700, 0.99196, 538.21600
-187.77700, 0.99196, 496.20000
147.66400, 55.06380, 403.13300
121.51900, 100.34900, 403.13300
-121.51900, 100.34900, 403.13300
-147.66400, 55.06380, 403.13300

FACES
128,127,127,	1.00000,0.00000,0.00000,	3,	0,3,1
128,127,127,	-0.00000,-1.00000,0.00000,	3,	0,5,4
128,127,127,	-0.00000,-0.00000,1.00000,	3,	0,6,2
128,127,127,	-0.00000,1.00000,0.00000,	3,	2,7,3
128,127,127,	-1.00000,0.00000,-0.00000,	3,	4,7,6
128,127,127,	0.59672,0.34452,0.72473,	3,	8,11,10
128,127,127,	0.64462,-0.73479,0.21105,	3,	9,13,8
128,127,127,	0.63245,0.36516,-0.68313,	3,	10,18,9
128,127,127,	-0.15620,-0.09018,0.98360,	3,	11,30,16
128,127,127,	0.61240,0.35357,-0.70707,	3,	12,37,14
128,127,127,	0.61228,0.35350,0.70721,	3,	15,35,12
128,127,127,	-0.61229,-0.35351,0.70720,	3,	15,41,38
128,127,127,	-0.31359,0.92778,0.20222,	3,	16,21,10
128,127,127,	0.58093,0.33541,0.74163,	3,	18,42,36
128,127,127,	0.38747,-0.82268,0.41600,	3,	19,24,13
128,127,127,	0.08686,-0.99622,-0.00000,	3,	20,25,19
128,127,127,	-0.15519,-0.08960,0.98381,	3,	26,45,21
128,127,127,	-0.86603,-0.50000,0.00000,	3,	27,46,45
128,127,127,	-0.86603,-0.50000,-0.00000,	3,	29,48,28
128,127,127,	-0.81933,0.57332,-0.00000,	3,	30,31,26
128,127,127,	-0.31616,-0.18253,0.93098,	3,	31,51,27
128,127,127,	-0.81933,0.57332,-0.00000,	3,	32,33,28
128,127,127,	-0.86603,-0.49999,-0.00000,	3,	32,52,31
128,127,127,	0.63248,0.36513,-0.68312,	3,	34,39,36
128,127,127,	0.64669,-0.73544,0.20226,	3,	34,42,40
128,127,127,	-0.31406,0.92565,0.21104,	3,	39,49,44
128,127,127,	0.59674,0.34454,0.72470,	3,	40,43,39
128,127,127,	-0.51921,0.74707,0.41509,	3,	43,56,49
128,127,127,	0.38745,-0.82267,0.41605,	3,	45,50,42
128,127,127,	-0.30717,-0.17734,-0.93498,	3,	47,52,28
128,127,127,	-0.15620,-0.09018,0.98360,	3,	50,56,40
128,127,127,	-0.86602,-0.50001,0.00000,	3,	53,57,56
128,127,127,	-0.81934,0.57331,-0.00000,	3,	54,57,55
128,127,127,	-0.00000,-0.00000,1.00000,	3,	58,59,23
128,127,127,	0.00000,0.89905,0.43784,	3,	58,82,60
128,127,127,	-0.00000,-0.00000,1.00000,	3,	59,83,79
128,127,127,	0.49969,-0.86621,-0.00000,	3,	63,71,70
128,127,127,	0.86609,-0.49988,-0.00000,	3,	64,69,68
128,127,127,	0.86609,0.49988,0.00000,	3,	66,67,62
128,127,127,	-0.50009,-0.86597,0.00000,	3,	68,77,76
128,127,127,	-0.00000,-0.00000,1.00000,	3,	70,74,66
128,127,127,	0.49971,0.86619,0.00000,	3,	72,73,64
128,127,127,	-0.50007,0.86599,-0.00000,	3,	74,75,67
128,127,127,	-0.00000,-0.00000,1.00000,	3,	78,98,58
128,127,127,	-0.62468,0.41773,0.65976,	3,	82,100,84
128,127,127,	-0.62468,-0.41773,0.65976,	3,	85,101,83
128,127,127,	0.95866,-0.19087,0.21104,	3,	86,92,87
128,127,127,	-0.00000,-0.73028,-0.68314,	3,	86,118,102
128,127,127,	0.90619,-0.00000,0.42286,	3,	89,95,90
128,127,127,	0.90620,0.11242,0.40764,	3,	90,96,91
128,127,127,	0.90660,0.07611,0.41508,	3,	93,94,87
128,127,127,	0.90617,0.42291,0.00000,	3,	94,95,88
128,127,127,	-0.00000,-0.00000,1.00000,	3,	95,107,96
128,127,127,	-0.00000,0.26594,0.96399,	3,	96,109,97
128,127,127,	-0.00000,-0.77527,0.63163,	3,	101,159,99
128,127,127,	-0.00000,-0.68904,0.72473,	3,	102,103,92
128,127,127,	-0.90660,0.07611,0.41507,	3,	103,119,104
128,127,127,	-0.00000,1.00000,-0.00000,	3,	104,107,94
128,127,127,	-0.90618,0.42290,-0.00000,	3,	104,120,105
128,127,127,	-0.00000,0.35470,-0.93498,	3,	106,138,122
128,127,127,	-0.90618,0.11247,0.40767,	3,	108,125,109
128,127,127,	-0.00000,-0.70711,0.70711,	3,	110,146,112
128,127,127,	-0.00000,-0.70725,-0.70697,	3,	111,147,146
128,127,127,	-0.00000,-0.00000,1.00000,	3,	114,115,80
128,127,127,	0.00000,0.70711,0.70711,	3,	114,142,126
128,127,127,	-0.00000,-0.00000,1.00000,	3,	115,160,98
128,127,127,	-0.00000,-0.00000,1.00000,	3,	116,117,99
128,127,127,	0.00000,-0.00000,1.00000,	3,	116,161,144
128,127,127,	-0.00000,-0.00000,1.00000,	3,	117,145,81
128,127,127,	-0.00000,-0.67077,0.74166,	3,	118,134,119
128,127,127,	0.00000,0.17920,0.98381,	3,	119,135,120
128,127,127,	-0.90620,-0.00000,0.42285,	3,	123,124,107
128,127,127,	-0.70714,-0.00000,0.70708,	3,	126,127,115
128,127,127,	-0.70714,-0.00000,0.70708,	3,	128,129,116
128,127,127,	-0.00000,0.70714,0.70708,	3,	128,144,132
128,127,127,	-0.00000,-0.70714,0.70708,	3,	131,143,127
128,127,127,	-0.00000,-0.70714,0.70708,	3,	133,145,129
128,127,127,	-0.00000,-0.73028,-0.68314,	3,	134,168,150
128,127,127,	0.90620,0.07577,0.41601,	3,	135,152,136
128,127,127,	-0.00000,1.00000,-0.00000,	3,	136,137,120
128,127,127,	-0.00000,0.36508,0.93098,	3,	137,153,105
128,127,127,	-0.00000,1.00000,-0.00000,	3,	138,139,123
128,127,127,	-0.00000,-0.00000,1.00000,	3,	139,140,124
128,127,127,	-0.00000,0.26585,0.96401,	3,	140,141,125
128,127,127,	0.70714,-0.00000,0.70708,	3,	142,143,130
128,127,127,	-0.00000,0.70697,0.70725,	3,	148,149,113
128,127,127,	0.96027,-0.19229,0.20225,	3,	150,151,135
128,127,127,	-0.00000,0.18036,0.98360,	3,	151,164,152
128,127,127,	0.90620,-0.00000,0.42285,	3,	155,156,140
128,127,127,	0.00000,0.26594,0.96399,	3,	156,166,157
128,127,127,	0.62468,0.41773,0.65976,	3,	160,176,158
128,127,127,	-0.00000,-0.68904,0.72473,	3,	162,163,151
128,127,127,	-0.90660,0.07611,0.41508,	3,	163,169,164
128,127,127,	-0.90617,0.42291,-0.00000,	3,	164,170,165
128,127,127,	-0.90619,-0.00000,0.42286,	3,	165,172,166
128,127,127,	-0.90617,0.11247,0.40768,	3,	166,173,167
128,127,127,	-0.95866,-0.19087,0.21104,	3,	168,169,162
128,127,127,	0.62468,-0.41773,0.65976,	3,	175,177,159
128,127,127,	0.00000,0.89905,0.43784,	3,	176,200,198
128,127,127,	-0.00000,-0.00000,1.00000,	3,	177,201,161
128,127,127,	-0.00000,-0.00000,1.00000,	3,	181,200,160
128,127,127,	0.00000,-0.00000,1.00000,	3,	182,190,186
128,127,127,	0.50007,0.86599,-0.00000,	3,	184,193,185
128,127,127,	0.86597,-0.50010,-0.00000,	3,	185,189,188
128,127,127,	0.86597,0.50010,0.00000,	3,	186,187,183
128,127,127,	-0.00000,-0.00000,1.00000,	3,	188,192,184
128,127,127,	-0.86609,-0.49988,-0.00000,	3,	191,194,190
128,127,127,	-0.49971,0.86619,-0.00000,	3,	194,195,187
128,127,127,	-0.86609,0.49988,-0.00000,	3,	196,197,193
128,127,127,	0.56483,-0.00000,0.82521,	3,	198,201,199
128,127,127,	-0.00000,-0.00000,1.00000,	3,	200,236,201
128,127,127,	0.00000,-0.00000,1.00000,	3,	201,237,145
128,127,127,	0.86602,-0.50001,-0.00000,	3,	202,209,206
128,127,127,	0.51871,0.74689,0.41604,	3,	202,210,204
128,127,127,	0.15620,-0.09018,0.98360,	3,	202,219,216
128,127,127,	0.81934,0.57331,0.00000,	3,	204,205,203
128,127,127,	-0.08679,-0.99623,-0.00000,	3,	207,211,206
128,127,127,	0.86603,-0.49999,-0.00000,	3,	208,228,227
128,127,127,	0.86603,-0.50000,-0.00000,	3,	211,231,230
128,127,127,	0.30717,-0.17734,-0.93498,	3,	213,232,208
128,127,127,	0.86603,-0.50000,-0.00000,	3,	214,233,232
128,127,127,	0.31364,0.92774,0.20232,	3,	216,220,210
128,127,127,	-0.38736,-0.82318,0.41512,	3,	217,219,206
128,127,127,	-0.59678,0.34452,0.72468,	3,	219,225,220
128,127,127,	-0.63245,0.36514,-0.68314,	3,	220,223,215
128,127,127,	-0.64466,-0.73477,0.21101,	3,	223,225,217
128,127,127,	0.51871,0.74690,0.41603,	3,	226,238,230
128,127,127,	0.15620,-0.09018,0.98360,	3,	226,248,243
128,127,127,	0.31616,-0.18253,0.93098,	3,	227,231,207
128,127,127,	0.81933,0.57332,-0.00000,	3,	228,232,229
128,127,127,	-0.08686,-0.99622,-0.00000,	3,	235,239,234
128,127,127,	-0.58090,0.33538,0.74168,	3,	238,241,217
128,127,127,	0.31359,0.92778,0.20222,	3,	243,249,238
128,127,127,	-0.38738,-0.82319,0.41509,	3,	246,248,234
128,127,127,	-0.63246,0.36515,-0.68313,	3,	249,251,250
128,127,127,	1.00000,0.00000,0.00000,	3,	252,255,253
128,127,127,	-0.00000,-0.00000,1.00000,	3,	252,256,254
128,127,127,	0.00000,1.00000,0.00000,	3,	254,258,255
128,127,127,	-1.00000,-0.00000,0.00000,	3,	257,259,256
129,127,127,	1.00000,0.00000,0.00000,	3,	2,3,0
129,127,127,	-0.00000,-0.00000,1.00000,	3,	4,6,0
129,127,127,	-0.00000,1.00000,-0.00000,	3,	6,7,2
129,127,127,	0.63246,0.36515,-0.68313,	3,	8,10,9
129,127,127,	-0.31403,0.92566,0.21103,	3,	10,21,18
129,127,127,	0.59672,0.34452,0.72472,	3,	11,16,10
129,127,127,	0.38738,-0.82319,0.41509,	3,	13,24,11
129,127,127,	0.61229,0.35351,0.70720,	3,	15,38,35
129,127,127,	-0.51922,0.74708,0.41506,	3,	16,30,21
129,127,127,	-0.61228,-0.35350,0.70722,	3,	17,41,15
129,127,127,	0.08686,-0.99622,-0.00000,	3,	19,25,24
129,127,127,	-0.15519,-0.08960,0.98381,	3,	21,45,42
129,127,127,	0.00000,-0.00000,1.00000,	3,	22,78,58
129,127,127,	-0.81933,0.57332,-0.00000,	3,	26,31,27
129,127,127,	-0.31617,-0.18254,0.93098,	3,	27,51,46
129,127,127,	-0.81933,0.57332,-0.00000,	3,	28,33,29
129,127,127,	-0.86603,-0.50000,0.00000,	3,	28,48,47
129,127,127,	-0.30717,-0.17734,-0.93499,	3,	28,52,32
129,127,127,	-0.86603,-0.49999,0.00000,	3,	31,52,51
129,127,127,	0.59678,0.34452,0.72468,	3,	34,40,39
129,127,127,	0.61241,0.35358,-0.70706,	3,	35,37,12
129,127,127,	0.64466,-0.73477,0.21101,	3,	36,42,34
129,127,127,	0.63245,0.36514,-0.68314,	3,	39,44,36
129,127,127,	-0.15620,-0.09018,0.98360,	3,	40,56,43
129,127,127,	0.38736,-0.82318,0.41512,	3,	42,50,40
129,127,127,	-0.31364,0.92774,0.20232,	3,	43,49,39
129,127,127,	0.08679,-0.99623,-0.00000,	3,	45,51,50
129,127,127,	-0.86602,-0.50001,-0.00000,	3,	53,56,50
129,127,127,	-0.81934,0.57331,-0.00000,	3,	56,57,54
129,127,127,	-0.56483,-0.00000,0.82521,	3,	58,61,59
129,127,127,	-0.00000,-0.00000,1.00000,	3,	59,79,23
129,127,127,	-0.00000,-0.89905,0.43784,	3,	61,85,83
129,127,127,	0.86609,0.49988,-0.00000,	3,	62,67,63
129,127,127,	0.00000,-0.00000,1.00000,	3,	62,70,66
129,127,127,	0.49971,0.86619,-0.00000,	3,	64,73,65
129,127,127,	-0.50007,0.86599,-0.00000,	3,	66,74,67
129,127,127,	-0.00000,-0.00000,1.00000,	3,	68,76,72
129,127,127,	-0.50009,-0.86597,-0.00000,	3,	69,77,68
129,127,127,	-0.86597,-0.50010,0.00000,	3,	70,75,74
129,127,127,	-0.86597,0.50010,-0.00000,	3,	72,77,73
129,127,127,	0.00000,-0.00000,1.00000,	3,	79,117,81
129,127,127,	-0.00000,-0.00000,1.00000,	3,	80,98,78
129,127,127,	-0.00000,0.89905,0.43784,	3,	82,84,60
129,127,127,	-0.00000,-0.00000,1.00000,	3,	83,99,79
129,127,127,	0.00000,-0.73028,-0.68314,	3,	86,102,92
129,127,127,	0.96027,-0.19230,0.20226,	3,	92,93,87
129,127,127,	-0.00000,1.00000,0.00000,	3,	94,107,95
129,127,127,	0.90619,-0.00000,0.42286,	3,	95,96,90
129,127,127,	-0.62468,0.41773,0.65976,	3,	98,100,82
129,127,127,	-0.00000,-0.00000,1.00000,	3,	99,161,116
129,127,127,	-0.00000,0.77527,0.63163,	3,	100,160,158
129,127,127,	-0.00000,0.18036,0.98360,	3,	103,104,94
129,127,127,	-0.90618,0.42290,-0.00000,	3,	106,122,107
129,127,127,	-0.90620,-0.00000,0.42285,	3,	107,124,108
129,127,127,	-0.00000,0.26594,0.96399,	3,	108,109,96
129,127,127,	0.00000,-0.70725,-0.70697,	3,	111,146,110
129,127,127,	0.00000,0.70697,0.70725,	3,	112,148,113
129,127,127,	-0.70714,-0.00000,0.70708,	3,	114,126,115
129,127,127,	0.00000,-0.00000,1.00000,	3,	114,179,142
129,127,127,	-0.70714,-0.00000,0.70708,	3,	116,129,117
129,127,127,	0.00000,0.70714,0.70708,	3,	116,144,128
129,127,127,	-0.95866,-0.19086,0.21104,	3,	118,119,102
129,127,127,	-0.90620,0.07577,0.41601,	3,	119,120,104
129,127,127,	0.00000,0.36508,0.93098,	3,	121,137,105
129,127,127,	0.00000,1.00000,0.00000,	3,	122,138,123
129,127,127,	-0.00000,-0.00000,1.00000,	3,	123,139,124
129,127,127,	0.00000,0.26585,0.96401,	3,	124,140,125
129,127,127,	-0.00000,0.70711,0.70711,	3,	126,142,130
129,127,127,	-0.00000,-0.00000,1.00000,	3,	128,133,129
129,127,127,	-0.00000,-0.00000,1.00000,	3,	130,131,127
129,127,127,	0.95866,-0.19086,0.21104,	3,	134,150,135
129,127,127,	-0.00000,0.17920,0.98381,	3,	135,136,120
129,127,127,	0.90620,-0.00000,0.42285,	3,	139,155,140
129,127,127,	0.90620,0.11241,0.40763,	3,	140,156,141
129,127,127,	-0.00000,-0.00000,1.00000,	3,	143,160,115
129,127,127,	0.70714,-0.00000,0.70708,	3,	144,145,133
129,127,127,	-0.00000,-0.00000,1.00000,	3,	145,180,178
129,127,127,	-0.00000,-0.73028,-0.68314,	3,	150,168,162
129,127,127,	0.90660,0.07611,0.41507,	3,	151,152,135
129,127,127,	0.90618,0.42290,0.00000,	3,	152,153,136
129,127,127,	-0.00000,1.00000,-0.00000,	3,	153,154,106
129,127,127,	0.90618,0.42290,0.00000,	3,	154,155,138
129,127,127,	-0.00000,-0.00000,1.00000,	3,	155,166,156
129,127,127,	0.62468,-0.41773,0.65976,	3,	159,177,161
129,127,127,	-0.00000,-0.00000,1.00000,	3,	160,200,176
129,127,127,	0.00000,-0.00000,1.00000,	3,	161,201,145
129,127,127,	-0.96027,-0.19230,0.20226,	3,	162,169,163
129,127,127,	-0.00000,0.18036,0.98360,	3,	163,164,151
129,127,127,	-0.00000,1.00000,-0.00000,	3,	164,165,155
129,127,127,	-0.00000,0.89905,0.43784,	3,	176,198,174
129,127,127,	-0.00000,-0.00000,1.00000,	3,	179,181,143
129,127,127,	-0.00000,-0.00000,1.00000,	3,	181,236,200
129,127,127,	0.86597,0.50010,-0.00000,	3,	182,186,183
129,127,127,	0.50009,-0.86597,-0.00000,	3,	183,191,190
129,127,127,	0.86597,-0.50010,-0.00000,	3,	185,188,184
129,127,127,	-0.49969,-0.86621,-0.00000,	3,	189,197,188
129,127,127,	-0.00000,-0.00000,1.00000,	3,	190,194,186
129,127,127,	-0.86609,-0.49988,0.00000,	3,	191,195,194
129,127,127,	-0.86609,0.49988,-0.00000,	3,	192,196,193
129,127,127,	-0.00000,-0.89905,0.43784,	3,	199,201,177
129,127,127,	0.56483,-0.00000,0.82521,	3,	200,201,198
129,127,127,	0.81934,0.57331,-0.00000,	3,	202,204,203
129,127,127,	0.51921,0.74707,0.41509,	3,	202,216,210
129,127,127,	0.15620,-0.09018,0.98360,	3,	206,219,202
129,127,127,	0.86603,-0.49999,-0.00000,	3,	208,227,207
129,127,127,	0.30717,-0.17734,-0.93499,	3,	208,232,228
129,127,127,	0.31406,0.92565,0.21104,	3,	210,220,215
129,127,127,	-0.38745,-0.82267,0.41605,	3,	211,217,206
129,127,127,	0.86603,-0.50000,-0.00000,	3,	212,231,211
129,127,127,	0.86603,-0.50000,-0.00000,	3,	214,232,213
129,127,127,	-0.64669,-0.73544,0.20226,	3,	217,225,219
129,127,127,	-0.58093,0.33541,0.74163,	3,	217,241,223
129,127,127,	-0.59674,0.34454,0.72470,	3,	219,220,216
129,127,127,	-0.63248,0.36513,-0.68312,	3,	220,225,223
129,127,127,	-0.61240,0.35357,-0.70707,	3,	222,247,245
129,127,127,	0.51922,0.74708,0.41506,	3,	226,243,238
129,127,127,	0.81933,0.57332,0.00000,	3,	230,231,227
129,127,127,	0.15519,-0.08960,0.98381,	3,	230,238,211
129,127,127,	0.81933,0.57332,0.00000,	3,	232,233,229
129,127,127,	0.15620,-0.09018,0.98360,	3,	234,248,226
129,127,127,	-0.08686,-0.99622,0.00000,	3,	235,240,239
129,127,127,	-0.00000,-0.00000,1.00000,	3,	236,237,201
129,127,127,	-0.38747,-0.82268,0.41600,	3,	239,246,234
129,127,127,	0.61228,-0.35350,0.70722,	3,	242,244,218
129,127,127,	-0.61228,0.35350,0.70721,	3,	244,247,224
129,127,127,	-0.59672,0.34452,0.72473,	3,	248,251,249
129,127,127,	-0.63245,0.36516,-0.68313,	3,	249,250,241
129,127,127,	-0.64462,-0.73479,0.21105,	3,	250,251,246
129,127,127,	-0.00000,-1.00000,0.00000,	3,	253,256,252
129,127,127,	1.00000,0.00000,0.00000,	3,	254,255,252
129,127,127,	-1.00000,0.00000,-0.00000,	3,	256,259,258
130,127,127,	-0.00000,-1.00000,0.00000,	3,	1,5,0
130,127,127,	-1.00000,-0.00000,0.00000,	3,	5,7,4
130,127,127,	0.64666,-0.73547,0.20228,	3,	8,13,11
130,127,127,	-0.51871,0.74690,0.41603,	3,	21,30,26
130,127,127,	0.58090,0.33538,0.74168,	3,	21,42,18
130,127,127,	0.00000,-0.00000,1.00000,	3,	22,58,23
130,127,127,	-0.86602,-0.50000,0.00000,	3,	24,260,30
130,127,127,	-0.86602,-0.50000,-0.00000,	3,	25,260,24
130,127,127,	-0.86603,-0.50000,-0.00000,	3,	27,45,26
130,127,127,	0.08679,-0.99623,-0.00000,	3,	46,51,45
130,127,127,	0.08679,-0.99623,-0.00000,	3,	47,261,52
130,127,127,	0.08679,-0.99623,-0.00000,	3,	48,261,47
130,127,127,	0.00000,-0.00000,1.00000,	3,	58,98,82
130,127,127,	-0.56483,-0.00000,0.82521,	3,	60,61,58
130,127,127,	-0.00000,-0.89905,0.43784,	3,	61,83,59
130,127,127,	0.49969,-0.86621,-0.00000,	3,	63,70,62
130,127,127,	0.86609,-0.49988,-0.00000,	3,	65,69,64
130,127,127,	-0.00000,-0.00000,1.00000,	3,	68,72,64
130,127,127,	-0.86597,-0.50010,-0.00000,	3,	71,75,70
130,127,127,	-0.86597,0.50010,-0.00000,	3,	76,77,72
130,127,127,	-0.00000,-0.00000,1.00000,	3,	80,115,98
130,127,127,	-0.00000,-0.00000,1.00000,	3,	80,179,114
130,127,127,	-0.62468,-0.41773,0.65976,	3,	83,101,99
130,127,127,	0.90619,0.07578,0.41602,	3,	87,94,88
130,127,127,	0.90617,0.42291,-0.00000,	3,	88,95,89
130,127,127,	0.00000,0.18036,0.98360,	3,	93,103,94
130,127,127,	0.90617,0.11247,0.40768,	3,	96,97,91
130,127,127,	0.00000,0.77527,0.63163,	3,	98,160,100
130,127,127,	-0.00000,-0.00000,1.00000,	3,	99,117,79
130,127,127,	-0.96027,-0.19229,0.20225,	3,	102,119,103
130,127,127,	-0.00000,0.35470,-0.93498,	3,	106,154,138
130,127,127,	-0.00000,-0.00000,1.00000,	3,	107,108,96
130,127,127,	-0.90618,0.42290,-0.00000,	3,	120,121,105
130,127,127,	-0.90618,0.42290,-0.00000,	3,	122,123,107
130,127,127,	-0.90620,0.11241,0.40763,	3,	124,125,108
130,127,127,	-0.00000,-0.00000,1.00000,	3,	126,130,127
130,127,127,	-0.00000,-0.70714,0.70708,	3,	127,143,115
130,127,127,	-0.00000,-0.70714,0.70708,	3,	129,145,117
130,127,127,	0.70714,-0.00000,0.70708,	3,	130,143,131
130,127,127,	-0.00000,-0.00000,1.00000,	3,	132,133,128
130,127,127,	-0.00000,-0.67077,0.74166,	3,	134,135,119
130,127,127,	0.90618,0.42290,-0.00000,	3,	136,153,137
130,127,127,	0.90618,0.42290,-0.00000,	3,	138,155,139
130,127,127,	0.00000,-0.00000,1.00000,	3,	142,179,143
130,127,127,	0.00000,-0.00000,1.00000,	3,	143,181,160
130,127,127,	0.00000,-0.00000,1.00000,	3,	144,161,145
130,127,127,	-0.00000,-0.00000,1.00000,	3,	145,178,81
130,127,127,	0.00000,-0.00000,1.00000,	3,	145,237,180
130,127,127,	-0.00000,-0.68904,0.72473,	3,	150,162,151
130,127,127,	0.00000,1.00000,0.00000,	3,	152,164,155
130,127,127,	0.90618,0.11247,0.40767,	3,	156,157,141
130,127,127,	0.62468,0.41773,0.65976,	3,	158,176,174
130,127,127,	-0.00000,-0.77527,0.63163,	3,	159,161,99
130,127,127,	-0.00000,-0.00000,1.00000,	3,	165,166,155
130,127,127,	-0.00000,0.26594,0.96399,	3,	166,167,157
130,127,127,	-0.90619,0.07578,0.41602,	3,	169,170,164
130,127,127,	-0.90617,0.42291,-0.00000,	3,	170,171,165
130,127,127,	-0.90620,0.11242,0.40764,	3,	172,173,166
130,127,127,	-0.00000,-0.89905,0.43784,	3,	175,199,177
130,127,127,	0.50009,-0.86597,-0.00000,	3,	183,190,182
130,127,127,	-0.49971,0.86619,-0.00000,	3,	186,194,187
130,127,127,	-0.00000,-0.00000,1.00000,	3,	188,196,192
130,127,127,	0.50007,0.86599,0.00000,	3,	192,193,184
130,127,127,	-0.08679,-0.99623,0.00000,	3,	207,212,211
130,127,127,	-0.08679,-0.99623,-0.00000,	3,	208,262,213
130,127,127,	0.15519,-0.08960,0.98381,	3,	211,238,217
130,127,127,	-0.08679,-0.99623,-0.00000,	3,	213,262,214
130,127,127,	0.61229,-0.35351,0.70720,	3,	218,244,221
130,127,127,	-0.61241,0.35358,-0.70706,	3,	224,247,222
130,127,127,	0.86602,-0.50000,-0.00000,	3,	226,263,234
130,127,127,	0.86602,-0.50000,-0.00000,	3,	234,263,235
130,127,127,	0.31403,0.92566,0.21103,	3,	238,249,241
130,127,127,	-0.64666,-0.73547,0.20228,	3,	246,251,248
130,127,127,	-0.59672,0.34452,0.72472,	3,	248,249,243
130,127,127,	-0.00000,-1.00000,0.00000,	3,	253,257,256
130,127,127,	-0.00000,-0.00000,1.00000,	3,	256,258,254
130,127,127,	-0.00000,1.00000,-0.00000,	3,	258,259,255
131,127,127,	-0.15620,-0.09018,0.98360,	3,	24,30,11
131,127,127,	-0.51871,0.74689,0.41604,	3,	49,56,54
131,127,127,	-0.00000,-0.68904,0.72473,	3,	92,103,93
131,127,127,	0.00000,1.00000,0.00000,	3,	105,153,106
131,127,127,	-0.00000,1.00000,0.00000,	3,	120,137,121
131,127,127,	0.70714,-0.00000,0.70708,	3,	132,144,133
131,127,127,	-0.00000,-0.70711,0.70711,	3,	146,148,112
131,127,127,	-0.90619,-0.00000,0.42286,	3,	171,172,165
131,127,127,	-0.49969,-0.86621,0.00000,	3,	188,197,196
131,127,127,	0.86602,-0.50001,-0.00000,	3,	203,209,202
131,127,127,	0.31617,-0.18254,0.93098,	3,	207,231,212
131,127,127,	-0.61229,0.35351,0.70720,	3,	221,244,224
131,127,127,	0.81933,0.57332,-0.00000,	3,	226,230,227

TEXTURES
oolite_rock_hermit_tunnel_extras_diffuse.png	1.0 1.0	0.04379 0.01073	0.03114 0.27571	0.04379 0.27571
oolite_rock_hermit_tunnel_extras_diffuse.png	1.0 1.0	0.04379 0.01073	0.05618 0.27571	0.05618 0.01073
oolite_rock_hermit_tunnel_extras_diffuse.png	1.0 1.0	0.15441 0.05190	0.18931 0.01697	0.15441 0.01697
oolite_rock_hermit_tunnel_extras_diffuse.png	1.0 1.0	0.08074 0.01073	0.06860 0.27571	0.08074 0.27571
oolite_rock_hermit_tunnel_extras_diffuse.png	1.0 1.0	0.05618 0.01073	0.06860 0.27571	0.06860 0.01073
oolite_rock_hermit_tunnel_extras_diffuse.png	1.0 1.0	0.52475 0.96737	0.54726 0.96731	0.52475 0.93917
oolite_rock_hermit_tunnel_extras_diffuse.png	1.0 1.0	0.52475 0.99463	0.54726 0.99463	0.52475 0.96737
oolite_rock_hermit_tunnel_extras_diffuse.png	1.0 1.0	0.52475 0.93917	0.49940 0.93299	0.49940 0.97628
oolite_rock_hermit_tunnel_extras_diffuse.png	1.0 1.0	0.54726 0.96731	0.60212 0.93917	0.54726 0.93917
oolite_rock_hermit_tunnel_extras_diffuse.png	1.0 1.0	0.36411 0.92162	0.35220 0.74733	0.35220 0.92162
oolite_rock_hermit_tunnel_extras_diffuse.png	1.0 1.0	0.37608 0.92162	0.36411 0.74733	0.36411 0.92162
oolite_rock_hermit_tunnel_extras_diffuse.png	1.0 1.0	0.37608 0.92162	0.38869 0.74733	0.37608 0.74733
oolite_rock_hermit_tunnel_extras_diffuse.png	1.0 1.0	0.54726 0.93917	0.54726 0.91189	0.52475 0.93917
oolite_rock_hermit_tunnel_extras_diffuse.png	1.0 1.0	0.96943 0.99502	0.86117 0.97346	0.86117 0.99502
oolite_rock_hermit_tunnel_extras_diffuse.png	1.0 1.0	0.58878 0.98534	0.60212 0.96729	0.56822 0.98534
oolite_rock_hermit_tunnel_extras_diffuse.png	1.0 1.0	0.83160 0.98536	0.83160 0.96729	0.61572 0.98536
oolite_rock_hermit_tunnel_extras_diffuse.png	1.0 1.0	0.96943 0.95284	0.86117 0.95284	0.96943 0.97346
oolite_rock_hermit_tunnel_extras_diffuse.png	1.0 1.0	0.96943 0.88526	0.86117 0.88526	0.86117 0.95284
oolite_rock_hermit_tunnel_extras_diffuse.png	1.0 1.0	0.96943 0.71486	0.86117 0.71486	0.96943 0.81764
oolite_rock_hermit_tunnel_extras_diffuse.png	1.0 1.0	0.98734 0.96606	0.98734 0.87862	0.96943 0.95284
oolite_rock_hermit_tunnel_extras_diffuse.png	1.0 1.0	0.97682 0.86782	0.85345 0.86782	0.96943 0.88526
oolite_rock_hermit_tunnel_extras_diffuse.png	1.0 1.0	0.98734 0.82380	0.98734 0.71486	0.96943 0.81764
oolite_rock_hermit_tunnel_extras_diffuse.png	1.0 1.0	0.97682 0.83478	0.85345 0.83478	0.97682 0.86782
oolite_rock_hermit_tunnel_extras_diffuse.png	1.0 1.0	0.49437 0.88758	0.49437 0.85945	0.46902 0.89649
oolite_rock_hermit_tunnel_extras_diffuse.png	1.0 1.0	0.49437 0.88758	0.51688 0.91485	0.51688 0.88758
oolite_rock_hermit_tunnel_extras_diffuse.png	1.0 1.0	0.49437 0.85945	0.51688 0.83285	0.49437 0.83285
oolite_rock_hermit_tunnel_extras_diffuse.png	1.0 1.0	0.51688 0.88758	0.51688 0.85945	0.49437 0.85945
oolite_rock_hermit_tunnel_extras_diffuse.png	1.0 1.0	0.51688 0.85945	0.57174 0.85944	0.53785 0.84137
oolite_rock_hermit_tunnel_extras_diffuse.png	1.0 1.0	0.55840 0.90585	0.57174 0.88761	0.53785 0.90585
oolite_rock_hermit_tunnel_extras_diffuse.png	1.0 1.0	0.86117 0.81764	0.85345 0.83478	0.96943 0.81764
oolite_rock_hermit_tunnel_extras_diffuse.png	1.0 1.0	0.57174 0.88761	0.57174 0.85944	0.51688 0.88758
oolite_rock_hermit_tunnel_extras_diffuse.png	1.0 1.0	0.80101 0.88759	0.80122 0.85939	0.57174 0.85944
oolite_rock_hermit_tunnel_extras_diffuse.png	1.0 1.0	0.58534 0.84148	0.80122 0.85939	0.80122 0.84148
oolite_rock_hermit_tunnel_extras_diffuse.png	1.0 1.0	0.31268 0.46162	0.31268 0.27996	0.17483 0.35019
oolite_rock_hermit_tunnel_extras_diffuse.png	1.0 1.0	0.31268 0.46162	0.44902 0.46146	0.33063 0.44804
oolite_rock_hermit_tunnel_extras_diffuse.png	1.0 1.0	0.31268 0.27996	0.44904 0.27996	0.36214 0.02575
oolite_rock_hermit_tunnel_extras_diffuse.png	1.0 1.0	0.03114 0.27571	0.04379 0.27571	0.04379 0.01073
oolite_rock_hermit_tunnel_extras_diffuse.png	1.0 1.0	0.04379 0.01073	0.05618 0.27571	0.05618 0.01073
oolite_rock_hermit_tunnel_extras_diffuse.png	1.0 1.0	0.06860 0.01073	0.06860 0.27571	0.08074 0.01073
oolite_rock_hermit_tunnel_extras_diffuse.png	1.0 1.0	0.05618 0.01073	0.06860 0.27571	0.06860 0.01073
oolite_rock_hermit_tunnel_extras_diffuse.png	1.0 1.0	0.15441 0.05190	0.18931 0.05190	0.18931 0.01697
oolite_rock_hermit_tunnel_extras_diffuse.png	1.0 1.0	0.03114 0.01073	0.03114 0.27571	0.04379 0.01073
oolite_rock_hermit_tunnel_extras_diffuse.png	1.0 1.0	0.05618 0.01073	0.05618 0.27571	0.06860 0.27571
oolite_rock_hermit_tunnel_extras_diffuse.png	1.0 1.0	0.36214 0.71600	0.48967 0.52287	0.31268 0.46162
oolite_rock_hermit_tunnel_extras_diffuse.png	1.0 1.0	0.44902 0.46146	0.50048 0.50954	0.46237 0.45226
oolite_rock_hermit_tunnel_extras_diffuse.png	1.0 1.0	0.46256 0.28892	0.50080 0.23182	0.44904 0.27996
oolite_rock_hermit_tunnel_extras_diffuse.png	1.0 1.0	0.00506 0.97138	0.03222 0.97138	0.00506 0.94907
oolite_rock_hermit_tunnel_extras_diffuse.png	1.0 1.0	0.02478 0.99679	0.06807 0.99679	0.06085 0.97138
oolite_rock_hermit_tunnel_extras_diffuse.png	1.0 1.0	0.02063 0.64513	0.03854 0.62890	0.02063 0.61698
oolite_rock_hermit_tunnel_extras_diffuse.png	1.0 1.0	0.02063 0.61244	0.03854 0.61478	0.02063 0.58666
oolite_rock_hermit_tunnel_extras_diffuse.png	1.0 1.0	0.03222 0.94907	0.03222 0.89456	0.01402 0.92881
oolite_rock_hermit_tunnel_extras_diffuse.png	1.0 1.0	0.03222 0.89456	0.03222 0.68133	0.01450 0.88105
oolite_rock_hermit_tunnel_extras_diffuse.png	1.0 1.0	0.06682 0.61479	0.03854 0.61478	0.06682 0.62891
oolite_rock_hermit_tunnel_extras_diffuse.png	1.0 1.0	0.03854 0.61478	0.06682 0.57452	0.03854 0.57428
oolite_rock_hermit_tunnel_extras_diffuse.png	1.0 1.0	0.49600 0.23449	0.67449 0.23449	0.48998 0.21862
oolite_rock_hermit_tunnel_extras_diffuse.png	1.0 1.0	0.06085 0.97138	0.06063 0.94907	0.03222 0.97138
oolite_rock_hermit_tunnel_extras_diffuse.png	1.0 1.0	0.06063 0.94907	0.07860 0.92881	0.06063 0.89456
oolite_rock_hermit_tunnel_extras_diffuse.png	1.0 1.0	0.06063 0.89456	0.06063 0.68133	0.03222 0.89456
oolite_rock_hermit_tunnel_extras_diffuse.png	1.0 1.0	0.06701 0.89640	0.08458 0.88285	0.06701 0.80895
oolite_rock_hermit_tunnel_extras_diffuse.png	1.0 1.0	0.20036 0.76515	0.08449 0.74779	0.19254 0.74779
oolite_rock_hermit_tunnel_extras_diffuse.png	1.0 1.0	0.06682 0.61479	0.08449 0.58703	0.06682 0.57452
oolite_rock_hermit_tunnel_extras_diffuse.png	1.0 1.0	0.40329 0.74733	0.40329 0.92162	0.41526 0.74733
oolite_rock_hermit_tunnel_extras_diffuse.png	1.0 1.0	0.39116 0.74733	0.39116 0.92162	0.40329 0.92162
oolite_rock_hermit_tunnel_extras_diffuse.png	1.0 1.0	0.51810 0.69405	0.51810 0.53807	0.39798 0.73670
oolite_rock_hermit_tunnel_extras_diffuse.png	1.0 1.0	0.51646 0.49601	0.65105 0.49601	0.52560 0.48309
oolite_rock_hermit_tunnel_extras_diffuse.png	1.0 1.0	0.51810 0.53807	0.68106 0.52268	0.48967 0.52287
oolite_rock_hermit_tunnel_extras_diffuse.png	1.0 1.0	0.51810 0.20370	0.51810 0.13177	0.48998 0.21862
oolite_rock_hermit_tunnel_extras_diffuse.png	1.0 1.0	0.51810 0.20370	0.68073 0.21862	0.65268 0.20370
oolite_rock_hermit_tunnel_extras_diffuse.png	1.0 1.0	0.51810 0.13177	0.65268 0.13177	0.39798 0.00506
oolite_rock_hermit_tunnel_extras_diffuse.png	1.0 1.0	0.08458 0.92499	0.19250 0.92499	0.08458 0.90340
oolite_rock_hermit_tunnel_extras_diffuse.png	1.0 1.0	0.08458 0.90340	0.19250 0.90340	0.08458 0.88285
oolite_rock_hermit_tunnel_extras_diffuse.png	1.0 1.0	0.08449 0.64520	0.08449 0.61699	0.06682 0.62891
oolite_rock_hermit_tunnel_extras_diffuse.png	1.0 1.0	0.52560 0.48309	0.52560 0.34553	0.51272 0.33624
oolite_rock_hermit_tunnel_extras_diffuse.png	1.0 1.0	0.52684 0.31592	0.52684 0.26226	0.51388 0.32503
oolite_rock_hermit_tunnel_extras_diffuse.png	1.0 1.0	0.52684 0.31592	0.65229 0.32884	0.64321 0.31592
oolite_rock_hermit_tunnel_extras_diffuse.png	1.0 1.0	0.64188 0.34553	0.65105 0.33261	0.52560 0.34553
oolite_rock_hermit_tunnel_extras_diffuse.png	1.0 1.0	0.64321 0.26226	0.65228 0.24934	0.52684 0.26226
oolite_rock_hermit_tunnel_extras_diffuse.png	1.0 1.0	0.20783 0.99679	0.25111 0.99679	0.21545 0.97138
oolite_rock_hermit_tunnel_extras_diffuse.png	1.0 1.0	0.19775 0.92881	0.21545 0.89456	0.19762 0.90826
oolite_rock_hermit_tunnel_extras_diffuse.png	1.0 1.0	0.08458 0.81542	0.08458 0.88285	0.19250 0.81542
oolite_rock_hermit_tunnel_extras_diffuse.png	1.0 1.0	0.19250 0.81542	0.20043 0.79829	0.07693 0.79829
oolite_rock_hermit_tunnel_extras_diffuse.png	1.0 1.0	0.19254 0.74779	0.19254 0.64508	0.08449 0.64508
oolite_rock_hermit_tunnel_extras_diffuse.png	1.0 1.0	0.19254 0.64515	0.19254 0.61699	0.08449 0.61699
oolite_rock_hermit_tunnel_extras_diffuse.png	1.0 1.0	0.19254 0.61699	0.19254 0.59101	0.08449 0.59101
oolite_rock_hermit_tunnel_extras_diffuse.png	1.0 1.0	0.65480 0.49234	0.65480 0.33636	0.64188 0.48309
oolite_rock_hermit_tunnel_extras_diffuse.png	1.0 1.0	0.41538 0.92162	0.42735 0.92162	0.42735 0.74733
oolite_rock_hermit_tunnel_extras_diffuse.png	1.0 1.0	0.21545 0.97138	0.21545 0.94907	0.18837 0.94907
oolite_rock_hermit_tunnel_extras_diffuse.png	1.0 1.0	0.21545 0.94907	0.24378 0.89456	0.21545 0.89456
oolite_rock_hermit_tunnel_extras_diffuse.png	1.0 1.0	0.21095 0.62891	0.21095 0.61479	0.19254 0.61699
oolite_rock_hermit_tunnel_extras_diffuse.png	1.0 1.0	0.21095 0.61479	0.23934 0.61483	0.21107 0.57451
oolite_rock_hermit_tunnel_extras_diffuse.png	1.0 1.0	0.68106 0.52268	0.72167 0.46082	0.66960 0.50977
oolite_rock_hermit_tunnel_extras_diffuse.png	1.0 1.0	0.24378 0.97138	0.24378 0.94907	0.21545 0.94907
oolite_rock_hermit_tunnel_extras_diffuse.png	1.0 1.0	0.24378 0.94907	0.26176 0.92881	0.24378 0.89456
oolite_rock_hermit_tunnel_extras_diffuse.png	1.0 1.0	0.24378 0.89456	0.26161 0.88172	0.24378 0.68133
oolite_rock_hermit_tunnel_extras_diffuse.png	1.0 1.0	0.23917 0.62903	0.25727 0.61711	0.23934 0.61483
oolite_rock_hermit_tunnel_extras_diffuse.png	1.0 1.0	0.23934 0.61483	0.25727 0.58687	0.23936 0.57449
oolite_rock_hermit_tunnel_extras_diffuse.png	1.0 1.0	0.27104 0.97138	0.27104 0.94907	0.24378 0.97138
oolite_rock_hermit_tunnel_extras_diffuse.png	1.0 1.0	0.70774 0.28867	0.72143 0.28005	0.66960 0.23133
oolite_rock_hermit_tunnel_extras_diffuse.png	1.0 1.0	0.72167 0.46082	0.85812 0.46082	0.84010 0.44804
oolite_rock_hermit_tunnel_extras_diffuse.png	1.0 1.0	0.72143 0.28005	0.85812 0.27973	0.68073 0.21862
oolite_rock_hermit_tunnel_extras_diffuse.png	1.0 1.0	0.80844 0.71600	0.85812 0.46082	0.68106 0.52268
oolite_rock_hermit_tunnel_extras_diffuse.png	1.0 1.0	0.15310 0.06399	0.15310 0.09893	0.18807 0.06399
oolite_rock_hermit_tunnel_extras_diffuse.png	1.0 1.0	0.10851 0.01073	0.09606 0.27571	0.10851 0.27571
oolite_rock_hermit_tunnel_extras_diffuse.png	1.0 1.0	0.10851 0.27571	0.12088 0.27571	0.12088 0.01073
oolite_rock_hermit_tunnel_extras_diffuse.png	1.0 1.0	0.08395 0.01073	0.08395 0.27571	0.09606 0.27571
oolite_rock_hermit_tunnel_extras_diffuse.png	1.0 1.0	0.18807 0.09893	0.15310 0.06399	0.15310 0.09893
oolite_rock_hermit_tunnel_extras_diffuse.png	1.0 1.0	0.10851 0.27571	0.12088 0.01073	0.10851 0.01073
oolite_rock_hermit_tunnel_extras_diffuse.png	1.0 1.0	0.12088 0.01073	0.12088 0.27571	0.13353 0.27571
oolite_rock_hermit_tunnel_extras_diffuse.png	1.0 1.0	0.08395 0.01073	0.08395 0.27571	0.09606 0.27571
oolite_rock_hermit_tunnel_extras_diffuse.png	1.0 1.0	0.83652 0.45488	0.85812 0.27973	0.83652 0.28550
oolite_rock_hermit_tunnel_extras_diffuse.png	1.0 1.0	0.85812 0.46082	0.99575 0.39157	0.85812 0.27973
oolite_rock_hermit_tunnel_extras_diffuse.png	1.0 1.0	0.85812 0.27973	0.99575 0.35019	0.65268 0.13177
oolite_rock_hermit_tunnel_extras_diffuse.png	1.0 1.0	0.57174 0.80438	0.80101 0.77623	0.57174 0.77621
oolite_rock_hermit_tunnel_extras_diffuse.png	1.0 1.0	0.57174 0.80438	0.53785 0.82244	0.55840 0.82244
oolite_rock_hermit_tunnel_extras_diffuse.png	1.0 1.0	0.57174 0.80438	0.51688 0.77624	0.51688 0.80437
oolite_rock_hermit_tunnel_extras_diffuse.png	1.0 1.0	0.58534 0.82234	0.80122 0.82234	0.80122 0.80443
oolite_rock_hermit_tunnel_extras_diffuse.png	1.0 1.0	0.14872 0.44924	0.13126 0.52314	0.14872 0.53668
oolite_rock_hermit_tunnel_extras_diffuse.png	1.0 1.0	0.13898 0.40509	0.01561 0.40509	0.01561 0.43812
oolite_rock_hermit_tunnel_extras_diffuse.png	1.0 1.0	0.13126 0.52314	0.02300 0.45557	0.02300 0.52314
oolite_rock_hermit_tunnel_extras_diffuse.png	1.0 1.0	0.13126 0.38794	0.02300 0.38794	0.13898 0.40509
oolite_rock_hermit_tunnel_extras_diffuse.png	1.0 1.0	0.13126 0.28516	0.02300 0.28516	0.02300 0.38794
oolite_rock_hermit_tunnel_extras_diffuse.png	1.0 1.0	0.51688 0.80437	0.49437 0.80437	0.51688 0.83097
oolite_rock_hermit_tunnel_extras_diffuse.png	1.0 1.0	0.53785 0.75796	0.51688 0.77624	0.57174 0.77621
oolite_rock_hermit_tunnel_extras_diffuse.png	1.0 1.0	0.51688 0.77624	0.49437 0.77624	0.49437 0.80437
oolite_rock_hermit_tunnel_extras_diffuse.png	1.0 1.0	0.49437 0.80437	0.46902 0.76733	0.46902 0.81306
oolite_rock_hermit_tunnel_extras_diffuse.png	1.0 1.0	0.49437 0.74897	0.49437 0.77624	0.51688 0.74897
oolite_rock_hermit_tunnel_extras_diffuse.png	1.0 1.0	0.32924 0.89409	0.34718 0.92799	0.34718 0.90744
oolite_rock_hermit_tunnel_extras_diffuse.png	1.0 1.0	0.32924 0.89409	0.30110 0.94896	0.32937 0.94896
oolite_rock_hermit_tunnel_extras_diffuse.png	1.0 1.0	0.01561 0.43812	0.02300 0.45557	0.13898 0.43812
oolite_rock_hermit_tunnel_extras_diffuse.png	1.0 1.0	0.00509 0.39410	0.02300 0.38794	0.00509 0.28516
oolite_rock_hermit_tunnel_extras_diffuse.png	1.0 1.0	0.30112 0.66461	0.28305 0.88049	0.30112 0.89409
oolite_rock_hermit_tunnel_extras_diffuse.png	1.0 1.0	0.02300 0.54376	0.02300 0.56532	0.13126 0.54376
oolite_rock_hermit_tunnel_extras_diffuse.png	1.0 1.0	0.15743 0.56542	0.15755 0.54375	0.13128 0.56542
oolite_rock_hermit_tunnel_extras_diffuse.png	1.0 1.0	0.28307 0.92799	0.30110 0.94896	0.30112 0.89409
oolite_rock_hermit_tunnel_extras_diffuse.png	1.0 1.0	0.32924 0.97146	0.30103 0.97146	0.29213 0.99681
oolite_rock_hermit_tunnel_extras_diffuse.png	1.0 1.0	0.10851 0.01073	0.09606 0.27571	0.10851 0.27571
oolite_rock_hermit_tunnel_extras_diffuse.png	1.0 1.0	0.15310 0.09893	0.18807 0.09893	0.15310 0.06399
oolite_rock_hermit_tunnel_extras_diffuse.png	1.0 1.0	0.09606 0.01073	0.08395 0.01073	0.09606 0.27571
oolite_rock_hermit_tunnel_extras_diffuse.png	1.0 1.0	0.12088 0.27571	0.13353 0.27571	0.12088 0.01073
oolite_rock_hermit_tunnel_extras_diffuse.png	1.0 1.0	0.03114 0.01073	0.03114 0.27571	0.04379 0.01073
oolite_rock_hermit_tunnel_extras_diffuse.png	1.0 1.0	0.18931 0.05190	0.18931 0.01697	0.15441 0.05190
oolite_rock_hermit_tunnel_extras_diffuse.png	1.0 1.0	0.06860 0.01073	0.06860 0.27571	0.08074 0.01073
oolite_rock_hermit_tunnel_extras_diffuse.png	1.0 1.0	0.52475 0.96737	0.52475 0.93917	0.49940 0.97628
oolite_rock_hermit_tunnel_extras_diffuse.png	1.0 1.0	0.52475 0.93917	0.54726 0.91189	0.52475 0.91189
oolite_rock_hermit_tunnel_extras_diffuse.png	1.0 1.0	0.54726 0.96731	0.54726 0.93917	0.52475 0.93917
oolite_rock_hermit_tunnel_extras_diffuse.png	1.0 1.0	0.56822 0.98534	0.60212 0.96729	0.54726 0.96731
oolite_rock_hermit_tunnel_extras_diffuse.png	1.0 1.0	0.37608 0.92162	0.37608 0.74733	0.36411 0.74733
oolite_rock_hermit_tunnel_extras_diffuse.png	1.0 1.0	0.54726 0.93917	0.60212 0.93917	0.56822 0.92122
oolite_rock_hermit_tunnel_extras_diffuse.png	1.0 1.0	0.38869 0.92162	0.38869 0.74733	0.37608 0.92162
oolite_rock_hermit_tunnel_extras_diffuse.png	1.0 1.0	0.61572 0.98536	0.83160 0.96729	0.60212 0.96729
oolite_rock_hermit_tunnel_extras_diffuse.png	1.0 1.0	0.96943 0.97346	0.86117 0.95284	0.86117 0.97346
oolite_rock_hermit_tunnel_extras_diffuse.png	1.0 1.0	0.17483 0.39157	0.36214 0.71600	0.31268 0.46162
oolite_rock_hermit_tunnel_extras_diffuse.png	1.0 1.0	0.96943 0.95284	0.98734 0.87862	0.96943 0.88526
oolite_rock_hermit_tunnel_extras_diffuse.png	1.0 1.0	0.96943 0.88526	0.85345 0.86782	0.86117 0.88526
oolite_rock_hermit_tunnel_extras_diffuse.png	1.0 1.0	0.96943 0.81764	0.98734 0.71486	0.96943 0.71486
oolite_rock_hermit_tunnel_extras_diffuse.png	1.0 1.0	0.96943 0.81764	0.86117 0.71486	0.86117 0.81764
oolite_rock_hermit_tunnel_extras_diffuse.png	1.0 1.0	0.96943 0.81764	0.85345 0.83478	0.97682 0.83478
oolite_rock_hermit_tunnel_extras_diffuse.png	1.0 1.0	0.97682 0.86782	0.85345 0.83478	0.85345 0.86782
oolite_rock_hermit_tunnel_extras_diffuse.png	1.0 1.0	0.49437 0.88758	0.51688 0.88758	0.49437 0.85945
oolite_rock_hermit_tunnel_extras_diffuse.png	1.0 1.0	0.36411 0.74733	0.35220 0.74733	0.36411 0.92162
oolite_rock_hermit_tunnel_extras_diffuse.png	1.0 1.0	0.49437 0.91485	0.51688 0.91485	0.49437 0.88758
oolite_rock_hermit_tunnel_extras_diffuse.png	1.0 1.0	0.49437 0.85945	0.46902 0.85076	0.46902 0.89649
oolite_rock_hermit_tunnel_extras_diffuse.png	1.0 1.0	0.51688 0.88758	0.57174 0.85944	0.51688 0.85945
oolite_rock_hermit_tunnel_extras_diffuse.png	1.0 1.0	0.53785 0.90585	0.57174 0.88761	0.51688 0.88758
oolite_rock_hermit_tunnel_extras_diffuse.png	1.0 1.0	0.51688 0.85945	0.51688 0.83285	0.49437 0.85945
oolite_rock_hermit_tunnel_extras_diffuse.png	1.0 1.0	0.86117 0.95284	0.84371 0.87893	0.84371 0.96638
oolite_rock_hermit_tunnel_extras_diffuse.png	1.0 1.0	0.80101 0.88759	0.57174 0.85944	0.57174 0.88761
oolite_rock_hermit_tunnel_extras_diffuse.png	1.0 1.0	0.57174 0.85944	0.80122 0.85939	0.58534 0.84148
oolite_rock_hermit_tunnel_extras_diffuse.png	1.0 1.0	0.31268 0.46162	0.33428 0.28630	0.31268 0.27996
oolite_rock_hermit_tunnel_extras_diffuse.png	1.0 1.0	0.31268 0.27996	0.36214 0.02575	0.17483 0.35019
oolite_rock_hermit_tunnel_extras_diffuse.png	1.0 1.0	0.33061 0.29354	0.45795 0.29354	0.44904 0.27996
oolite_rock_hermit_tunnel_extras_diffuse.png	1.0 1.0	0.08074 0.01073	0.06860 0.27571	0.08074 0.27571
oolite_rock_hermit_tunnel_extras_diffuse.png	1.0 1.0	0.15441 0.01697	0.15441 0.05190	0.18931 0.01697
oolite_rock_hermit_tunnel_extras_diffuse.png	1.0 1.0	0.04379 0.01073	0.03114 0.27571	0.04379 0.27571
oolite_rock_hermit_tunnel_extras_diffuse.png	1.0 1.0	0.06860 0.01073	0.05618 0.01073	0.06860 0.27571
oolite_rock_hermit_tunnel_extras_diffuse.png	1.0 1.0	0.18931 0.05190	0.18931 0.01697	0.15441 0.01697
oolite_rock_hermit_tunnel_extras_diffuse.png	1.0 1.0	0.05618 0.27571	0.06860 0.27571	0.05618 0.01073
oolite_rock_hermit_tunnel_extras_diffuse.png	1.0 1.0	0.04379 0.01073	0.05618 0.27571	0.05618 0.01073
oolite_rock_hermit_tunnel_extras_diffuse.png	1.0 1.0	0.08074 0.01073	0.06860 0.27571	0.08074 0.27571
oolite_rock_hermit_tunnel_extras_diffuse.png	1.0 1.0	0.36214 0.02575	0.51810 0.13177	0.39798 0.00506
oolite_rock_hermit_tunnel_extras_diffuse.png	1.0 1.0	0.39798 0.73670	0.48967 0.52287	0.36214 0.71600
oolite_rock_hermit_tunnel_extras_diffuse.png	1.0 1.0	0.44902 0.46146	0.45797 0.44804	0.33063 0.44804
oolite_rock_hermit_tunnel_extras_diffuse.png	1.0 1.0	0.44904 0.27996	0.48998 0.21862	0.36214 0.02575
oolite_rock_hermit_tunnel_extras_diffuse.png	1.0 1.0	0.02478 0.99679	0.06085 0.97138	0.03222 0.97138
oolite_rock_hermit_tunnel_extras_diffuse.png	1.0 1.0	0.03222 0.97138	0.03222 0.94907	0.00506 0.94907
oolite_rock_hermit_tunnel_extras_diffuse.png	1.0 1.0	0.03222 0.89456	0.06063 0.68133	0.03222 0.68133
oolite_rock_hermit_tunnel_extras_diffuse.png	1.0 1.0	0.03854 0.62890	0.03854 0.61478	0.02063 0.61698
oolite_rock_hermit_tunnel_extras_diffuse.png	1.0 1.0	0.48967 0.52287	0.50048 0.50954	0.44902 0.46146
oolite_rock_hermit_tunnel_extras_diffuse.png	1.0 1.0	0.48998 0.21862	0.68073 0.21862	0.51810 0.20370
oolite_rock_hermit_tunnel_extras_diffuse.png	1.0 1.0	0.49591 0.50714	0.68106 0.52268	0.67418 0.50714
oolite_rock_hermit_tunnel_extras_diffuse.png	1.0 1.0	0.06063 0.94907	0.06063 0.89456	0.03222 0.89456
oolite_rock_hermit_tunnel_extras_diffuse.png	1.0 1.0	0.06654 0.75359	0.08449 0.74779	0.06654 0.66088
oolite_rock_hermit_tunnel_extras_diffuse.png	1.0 1.0	0.06682 0.62891	0.08449 0.61699	0.06682 0.61479
oolite_rock_hermit_tunnel_extras_diffuse.png	1.0 1.0	0.06682 0.61479	0.06682 0.57452	0.03854 0.61478
oolite_rock_hermit_tunnel_extras_diffuse.png	1.0 1.0	0.39116 0.74733	0.40329 0.92162	0.40329 0.74733
oolite_rock_hermit_tunnel_extras_diffuse.png	1.0 1.0	0.41526 0.74733	0.41538 0.92162	0.42735 0.74733
oolite_rock_hermit_tunnel_extras_diffuse.png	1.0 1.0	0.51272 0.49222	0.52560 0.48309	0.51272 0.33624
oolite_rock_hermit_tunnel_extras_diffuse.png	1.0 1.0	0.51810 0.69405	0.77260 0.73670	0.65268 0.69405
oolite_rock_hermit_tunnel_extras_diffuse.png	1.0 1.0	0.51388 0.32503	0.52684 0.26226	0.51388 0.25311
oolite_rock_hermit_tunnel_extras_diffuse.png	1.0 1.0	0.51770 0.32884	0.65229 0.32884	0.52684 0.31592
oolite_rock_hermit_tunnel_extras_diffuse.png	1.0 1.0	0.08799 0.97138	0.08799 0.94907	0.06085 0.97138
oolite_rock_hermit_tunnel_extras_diffuse.png	1.0 1.0	0.07860 0.92881	0.07837 0.90826	0.06063 0.89456
oolite_rock_hermit_tunnel_extras_diffuse.png	1.0 1.0	0.08458 0.81542	0.19250 0.81542	0.07693 0.79829
oolite_rock_hermit_tunnel_extras_diffuse.png	1.0 1.0	0.08449 0.74779	0.19254 0.74779	0.08449 0.64508
oolite_rock_hermit_tunnel_extras_diffuse.png	1.0 1.0	0.08449 0.64520	0.19254 0.64515	0.08449 0.61699
oolite_rock_hermit_tunnel_extras_diffuse.png	1.0 1.0	0.08449 0.61699	0.19254 0.61699	0.08449 0.59101
oolite_rock_hermit_tunnel_extras_diffuse.png	1.0 1.0	0.52560 0.48309	0.65105 0.49601	0.64188 0.48309
oolite_rock_hermit_tunnel_extras_diffuse.png	1.0 1.0	0.52684 0.31592	0.64321 0.26226	0.52684 0.26226
oolite_rock_hermit_tunnel_extras_diffuse.png	1.0 1.0	0.64188 0.48309	0.64188 0.34553	0.52560 0.34553
oolite_rock_hermit_tunnel_extras_diffuse.png	1.0 1.0	0.18837 0.97138	0.21545 0.97138	0.18837 0.94907
oolite_rock_hermit_tunnel_extras_diffuse.png	1.0 1.0	0.19250 0.90340	0.19250 0.88285	0.08458 0.88285
oolite_rock_hermit_tunnel_extras_diffuse.png	1.0 1.0	0.19254 0.64515	0.21095 0.62891	0.19254 0.61699
oolite_rock_hermit_tunnel_extras_diffuse.png	1.0 1.0	0.19254 0.61266	0.21095 0.61479	0.19254 0.58688
oolite_rock_hermit_tunnel_extras_diffuse.png	1.0 1.0	0.65268 0.53807	0.68106 0.52268	0.51810 0.53807
oolite_rock_hermit_tunnel_extras_diffuse.png	1.0 1.0	0.65614 0.32503	0.65614 0.25311	0.64321 0.26226
oolite_rock_hermit_tunnel_extras_diffuse.png	1.0 1.0	0.65268 0.13177	0.80844 0.02575	0.77260 0.00506
oolite_rock_hermit_tunnel_extras_diffuse.png	1.0 1.0	0.21545 0.97138	0.25111 0.99679	0.24378 0.97138
oolite_rock_hermit_tunnel_extras_diffuse.png	1.0 1.0	0.21545 0.94907	0.21545 0.89456	0.19775 0.92881
oolite_rock_hermit_tunnel_extras_diffuse.png	1.0 1.0	0.21041 0.89634	0.21041 0.80889	0.19250 0.88285
oolite_rock_hermit_tunnel_extras_diffuse.png	1.0 1.0	0.20030 0.79829	0.20036 0.76515	0.07699 0.76515
oolite_rock_hermit_tunnel_extras_diffuse.png	1.0 1.0	0.21046 0.75402	0.21046 0.66131	0.19254 0.74779
oolite_rock_hermit_tunnel_extras_diffuse.png	1.0 1.0	0.21095 0.62891	0.23934 0.61483	0.21095 0.61479
oolite_rock_hermit_tunnel_extras_diffuse.png	1.0 1.0	0.66960 0.23133	0.72143 0.28005	0.68073 0.21862
oolite_rock_hermit_tunnel_extras_diffuse.png	1.0 1.0	0.68106 0.52268	0.85812 0.46082	0.72167 0.46082
oolite_rock_hermit_tunnel_extras_diffuse.png	1.0 1.0	0.68073 0.21862	0.85812 0.27973	0.65268 0.13177
oolite_rock_hermit_tunnel_extras_diffuse.png	1.0 1.0	0.24378 0.97138	0.27104 0.94907	0.24378 0.94907
oolite_rock_hermit_tunnel_extras_diffuse.png	1.0 1.0	0.24378 0.94907	0.24378 0.89456	0.21545 0.94907
oolite_rock_hermit_tunnel_extras_diffuse.png	1.0 1.0	0.24378 0.89456	0.24378 0.68133	0.21545 0.68133
oolite_rock_hermit_tunnel_extras_diffuse.png	1.0 1.0	0.72167 0.46082	0.84010 0.44804	0.71276 0.44804
oolite_rock_hermit_tunnel_extras_diffuse.png	1.0 1.0	0.77260 0.73670	0.80844 0.71600	0.65268 0.53807
oolite_rock_hermit_tunnel_extras_diffuse.png	1.0 1.0	0.80844 0.71600	0.99575 0.39157	0.85812 0.46082
oolite_rock_hermit_tunnel_extras_diffuse.png	1.0 1.0	0.09606 0.01073	0.08395 0.01073	0.09606 0.27571
oolite_rock_hermit_tunnel_extras_diffuse.png	1.0 1.0	0.09606 0.27571	0.10851 0.27571	0.10851 0.01073
oolite_rock_hermit_tunnel_extras_diffuse.png	1.0 1.0	0.10851 0.27571	0.12088 0.01073	0.10851 0.01073
oolite_rock_hermit_tunnel_extras_diffuse.png	1.0 1.0	0.12088 0.27571	0.13353 0.27571	0.12088 0.01073
oolite_rock_hermit_tunnel_extras_diffuse.png	1.0 1.0	0.15310 0.09893	0.18807 0.09893	0.18807 0.06399
oolite_rock_hermit_tunnel_extras_diffuse.png	1.0 1.0	0.10851 0.27571	0.12088 0.27571	0.12088 0.01073
oolite_rock_hermit_tunnel_extras_diffuse.png	1.0 1.0	0.09606 0.01073	0.08395 0.01073	0.09606 0.27571
oolite_rock_hermit_tunnel_extras_diffuse.png	1.0 1.0	0.84008 0.29354	0.85812 0.27973	0.72143 0.28005
oolite_rock_hermit_tunnel_extras_diffuse.png	1.0 1.0	0.85812 0.46082	0.85812 0.27973	0.83652 0.45488
oolite_rock_hermit_tunnel_extras_diffuse.png	1.0 1.0	0.57174 0.80438	0.58534 0.82234	0.80122 0.80443
oolite_rock_hermit_tunnel_extras_diffuse.png	1.0 1.0	0.57174 0.80438	0.51688 0.80437	0.53785 0.82244
oolite_rock_hermit_tunnel_extras_diffuse.png	1.0 1.0	0.57174 0.77621	0.51688 0.77624	0.57174 0.80438
oolite_rock_hermit_tunnel_extras_diffuse.png	1.0 1.0	0.13898 0.40509	0.01561 0.43812	0.13898 0.43812
oolite_rock_hermit_tunnel_extras_diffuse.png	1.0 1.0	0.13898 0.40509	0.02300 0.38794	0.01561 0.40509
oolite_rock_hermit_tunnel_extras_diffuse.png	1.0 1.0	0.51688 0.83097	0.49437 0.80437	0.49437 0.83097
oolite_rock_hermit_tunnel_extras_diffuse.png	1.0 1.0	0.55840 0.75796	0.53785 0.75796	0.57174 0.77621
oolite_rock_hermit_tunnel_extras_diffuse.png	1.0 1.0	0.13126 0.45557	0.02300 0.45557	0.13126 0.52314
oolite_rock_hermit_tunnel_extras_diffuse.png	1.0 1.0	0.13126 0.28516	0.02300 0.38794	0.13126 0.38794
oolite_rock_hermit_tunnel_extras_diffuse.png	1.0 1.0	0.51688 0.74897	0.49437 0.77624	0.51688 0.77624
oolite_rock_hermit_tunnel_extras_diffuse.png	1.0 1.0	0.13126 0.54376	0.02300 0.56532	0.13126 0.56532
oolite_rock_hermit_tunnel_extras_diffuse.png	1.0 1.0	0.51688 0.77624	0.49437 0.80437	0.51688 0.80437
oolite_rock_hermit_tunnel_extras_diffuse.png	1.0 1.0	0.49437 0.80437	0.49437 0.77624	0.46902 0.76733
oolite_rock_hermit_tunnel_extras_diffuse.png	1.0 1.0	0.42989 0.92162	0.44181 0.74733	0.42989 0.74733
oolite_rock_hermit_tunnel_extras_diffuse.png	1.0 1.0	0.32924 0.89409	0.32937 0.94896	0.34718 0.92799
oolite_rock_hermit_tunnel_extras_diffuse.png	1.0 1.0	0.02300 0.52314	0.02300 0.45557	0.00509 0.44892
oolite_rock_hermit_tunnel_extras_diffuse.png	1.0 1.0	0.02300 0.52314	0.02300 0.54376	0.13126 0.52314
oolite_rock_hermit_tunnel_extras_diffuse.png	1.0 1.0	0.02300 0.38794	0.02300 0.28516	0.00509 0.28516
oolite_rock_hermit_tunnel_extras_diffuse.png	1.0 1.0	0.30112 0.89409	0.30110 0.94896	0.32924 0.89409
oolite_rock_hermit_tunnel_extras_diffuse.png	1.0 1.0	0.30112 0.66461	0.28305 0.66461	0.28305 0.88049
oolite_rock_hermit_tunnel_extras_diffuse.png	1.0 1.0	0.99575 0.39157	0.99575 0.35019	0.85812 0.27973
oolite_rock_hermit_tunnel_extras_diffuse.png	1.0 1.0	0.28307 0.90744	0.28307 0.92799	0.30112 0.89409
oolite_rock_hermit_tunnel_extras_diffuse.png	1.0 1.0	0.46639 0.74733	0.45377 0.74733	0.46639 0.92162
oolite_rock_hermit_tunnel_extras_diffuse.png	1.0 1.0	0.45377 0.74733	0.44181 0.74733	0.44181 0.92162
oolite_rock_hermit_tunnel_extras_diffuse.png	1.0 1.0	0.30110 0.94896	0.30103 0.97146	0.32924 0.97146
oolite_rock_hermit_tunnel_extras_diffuse.png	1.0 1.0	0.32924 0.97146	0.29213 0.99681	0.33541 0.99681
oolite_rock_hermit_tunnel_extras_diffuse.png	1.0 1.0	0.27378 0.97146	0.30103 0.97146	0.27378 0.94896
oolite_rock_hermit_tunnel_extras_diffuse.png	1.0 1.0	0.10851 0.27571	0.12088 0.01073	0.10851 0.01073
oolite_rock_hermit_tunnel_extras_diffuse.png	1.0 1.0	0.09606 0.01073	0.09606 0.27571	0.10851 0.01073
oolite_rock_hermit_tunnel_extras_diffuse.png	1.0 1.0	0.12088 0.01073	0.13353 0.27571	0.13353 0.01073
oolite_rock_hermit_tunnel_extras_diffuse.png	1.0 1.0	0.04379 0.27571	0.05618 0.27571	0.04379 0.01073
oolite_rock_hermit_tunnel_extras_diffuse.png	1.0 1.0	0.05618 0.27571	0.06860 0.27571	0.05618 0.01073
oolite_rock_hermit_tunnel_extras_diffuse.png	1.0 1.0	0.52475 0.96737	0.54726 0.99463	0.54726 0.96731
oolite_rock_hermit_tunnel_extras_diffuse.png	1.0 1.0	0.56822 0.92122	0.60212 0.93917	0.58878 0.92122
oolite_rock_hermit_tunnel_extras_diffuse.png	1.0 1.0	0.96943 0.97346	0.86117 0.97346	0.96943 0.99502
oolite_rock_hermit_tunnel_extras_diffuse.png	1.0 1.0	0.17483 0.39157	0.31268 0.46162	0.17483 0.35019
oolite_rock_hermit_tunnel_extras_diffuse.png	1.0 1.0	0.60212 0.96729	0.83139 0.93917	0.60212 0.93917
oolite_rock_hermit_tunnel_extras_diffuse.png	1.0 1.0	0.83160 0.96729	0.83139 0.93917	0.60212 0.96729
oolite_rock_hermit_tunnel_extras_diffuse.png	1.0 1.0	0.96943 0.88526	0.86117 0.95284	0.96943 0.95284
oolite_rock_hermit_tunnel_extras_diffuse.png	1.0 1.0	0.86117 0.88526	0.84371 0.87893	0.86117 0.95284
oolite_rock_hermit_tunnel_extras_diffuse.png	1.0 1.0	0.86117 0.81764	0.84371 0.71486	0.84371 0.82380
oolite_rock_hermit_tunnel_extras_diffuse.png	1.0 1.0	0.86117 0.71486	0.84371 0.71486	0.86117 0.81764
oolite_rock_hermit_tunnel_extras_diffuse.png	1.0 1.0	0.31268 0.46162	0.48967 0.52287	0.44902 0.46146
oolite_rock_hermit_tunnel_extras_diffuse.png	1.0 1.0	0.33428 0.45568	0.33428 0.28630	0.31268 0.46162
oolite_rock_hermit_tunnel_extras_diffuse.png	1.0 1.0	0.33061 0.29354	0.44904 0.27996	0.31268 0.27996
oolite_rock_hermit_tunnel_extras_diffuse.png	1.0 1.0	0.03114 0.27571	0.04379 0.01073	0.03114 0.01073
oolite_rock_hermit_tunnel_extras_diffuse.png	1.0 1.0	0.04379 0.27571	0.05618 0.27571	0.04379 0.01073
oolite_rock_hermit_tunnel_extras_diffuse.png	1.0 1.0	0.18931 0.05190	0.15441 0.01697	0.15441 0.05190
oolite_rock_hermit_tunnel_extras_diffuse.png	1.0 1.0	0.04379 0.27571	0.05618 0.27571	0.04379 0.01073
oolite_rock_hermit_tunnel_extras_diffuse.png	1.0 1.0	0.06860 0.01073	0.06860 0.27571	0.08074 0.01073
oolite_rock_hermit_tunnel_extras_diffuse.png	1.0 1.0	0.39798 0.73670	0.51810 0.53807	0.48967 0.52287
oolite_rock_hermit_tunnel_extras_diffuse.png	1.0 1.0	0.39798 0.73670	0.77260 0.73670	0.51810 0.69405
oolite_rock_hermit_tunnel_extras_diffuse.png	1.0 1.0	0.44904 0.27996	0.50080 0.23182	0.48998 0.21862
oolite_rock_hermit_tunnel_extras_diffuse.png	1.0 1.0	0.01402 0.92881	0.03222 0.89456	0.01402 0.90826
oolite_rock_hermit_tunnel_extras_diffuse.png	1.0 1.0	0.01450 0.88105	0.03222 0.68133	0.01450 0.66518
oolite_rock_hermit_tunnel_extras_diffuse.png	1.0 1.0	0.03222 0.94907	0.06063 0.94907	0.03222 0.89456
oolite_rock_hermit_tunnel_extras_diffuse.png	1.0 1.0	0.03854 0.61478	0.03854 0.57428	0.02063 0.58666
oolite_rock_hermit_tunnel_extras_diffuse.png	1.0 1.0	0.48967 0.52287	0.68106 0.52268	0.49591 0.50714
oolite_rock_hermit_tunnel_extras_diffuse.png	1.0 1.0	0.48998 0.21862	0.51810 0.13177	0.36214 0.02575
oolite_rock_hermit_tunnel_extras_diffuse.png	1.0 1.0	0.06085 0.97138	0.08799 0.94907	0.06063 0.94907
oolite_rock_hermit_tunnel_extras_diffuse.png	1.0 1.0	0.20036 0.76515	0.07699 0.76515	0.08449 0.74779
oolite_rock_hermit_tunnel_extras_diffuse.png	1.0 1.0	0.03854 0.61478	0.03854 0.62890	0.06682 0.62891
oolite_rock_hermit_tunnel_extras_diffuse.png	1.0 1.0	0.08458 0.88285	0.08458 0.81542	0.06701 0.80895
oolite_rock_hermit_tunnel_extras_diffuse.png	1.0 1.0	0.08449 0.74779	0.08449 0.64508	0.06654 0.66088
oolite_rock_hermit_tunnel_extras_diffuse.png	1.0 1.0	0.08449 0.61281	0.08449 0.58703	0.06682 0.61479
oolite_rock_hermit_tunnel_extras_diffuse.png	1.0 1.0	0.52560 0.48309	0.64188 0.48309	0.52560 0.34553
oolite_rock_hermit_tunnel_extras_diffuse.png	1.0 1.0	0.52560 0.34553	0.65105 0.33261	0.51646 0.33261
oolite_rock_hermit_tunnel_extras_diffuse.png	1.0 1.0	0.52684 0.26226	0.65228 0.24934	0.51770 0.24934
oolite_rock_hermit_tunnel_extras_diffuse.png	1.0 1.0	0.64188 0.48309	0.65480 0.33636	0.64188 0.34553
oolite_rock_hermit_tunnel_extras_diffuse.png	1.0 1.0	0.64321 0.31592	0.64321 0.26226	0.52684 0.31592
oolite_rock_hermit_tunnel_extras_diffuse.png	1.0 1.0	0.19250 0.92499	0.19250 0.90340	0.08458 0.90340
oolite_rock_hermit_tunnel_extras_diffuse.png	1.0 1.0	0.19250 0.88285	0.21041 0.80889	0.19250 0.81542
oolite_rock_hermit_tunnel_extras_diffuse.png	1.0 1.0	0.19254 0.74779	0.21046 0.66131	0.19254 0.64508
oolite_rock_hermit_tunnel_extras_diffuse.png	1.0 1.0	0.65268 0.69405	0.77260 0.73670	0.65268 0.53807
oolite_rock_hermit_tunnel_extras_diffuse.png	1.0 1.0	0.65268 0.53807	0.80844 0.71600	0.68106 0.52268
oolite_rock_hermit_tunnel_extras_diffuse.png	1.0 1.0	0.65268 0.20370	0.68073 0.21862	0.65268 0.13177
oolite_rock_hermit_tunnel_extras_diffuse.png	1.0 1.0	0.65268 0.13177	0.77260 0.00506	0.39798 0.00506
oolite_rock_hermit_tunnel_extras_diffuse.png	1.0 1.0	0.65268 0.13177	0.99575 0.35019	0.80844 0.02575
oolite_rock_hermit_tunnel_extras_diffuse.png	1.0 1.0	0.21545 0.97138	0.24378 0.97138	0.21545 0.94907
oolite_rock_hermit_tunnel_extras_diffuse.png	1.0 1.0	0.21545 0.89456	0.24378 0.89456	0.21545 0.68133
oolite_rock_hermit_tunnel_extras_diffuse.png	1.0 1.0	0.21095 0.61479	0.21107 0.57451	0.19254 0.58688
oolite_rock_hermit_tunnel_extras_diffuse.png	1.0 1.0	0.66960 0.50977	0.72167 0.46082	0.70805 0.45290
oolite_rock_hermit_tunnel_extras_diffuse.png	1.0 1.0	0.67449 0.23449	0.68073 0.21862	0.48998 0.21862
oolite_rock_hermit_tunnel_extras_diffuse.png	1.0 1.0	0.23917 0.62903	0.23934 0.61483	0.21095 0.62891
oolite_rock_hermit_tunnel_extras_diffuse.png	1.0 1.0	0.23934 0.61483	0.23936 0.57449	0.21107 0.57451
oolite_rock_hermit_tunnel_extras_diffuse.png	1.0 1.0	0.26176 0.92881	0.26176 0.90826	0.24378 0.89456
oolite_rock_hermit_tunnel_extras_diffuse.png	1.0 1.0	0.26161 0.88172	0.26161 0.66584	0.24378 0.68133
oolite_rock_hermit_tunnel_extras_diffuse.png	1.0 1.0	0.25727 0.61265	0.25727 0.58687	0.23934 0.61483
oolite_rock_hermit_tunnel_extras_diffuse.png	1.0 1.0	0.71274 0.29354	0.84008 0.29354	0.72143 0.28005
oolite_rock_hermit_tunnel_extras_diffuse.png	1.0 1.0	0.09606 0.27571	0.10851 0.01073	0.09606 0.01073
oolite_rock_hermit_tunnel_extras_diffuse.png	1.0 1.0	0.13353 0.01073	0.12088 0.01073	0.13353 0.27571
oolite_rock_hermit_tunnel_extras_diffuse.png	1.0 1.0	0.18807 0.09893	0.18807 0.06399	0.15310 0.06399
oolite_rock_hermit_tunnel_extras_diffuse.png	1.0 1.0	0.09606 0.01073	0.09606 0.27571	0.10851 0.01073
oolite_rock_hermit_tunnel_extras_diffuse.png	1.0 1.0	0.14872 0.44924	0.13126 0.45557	0.13126 0.52314
oolite_rock_hermit_tunnel_extras_diffuse.png	1.0 1.0	0.14872 0.39410	0.14872 0.28516	0.13126 0.38794
oolite_rock_hermit_tunnel_extras_diffuse.png	1.0 1.0	0.13126 0.52314	0.02300 0.54376	0.13126 0.54376
oolite_rock_hermit_tunnel_extras_diffuse.png	1.0 1.0	0.13126 0.38794	0.14872 0.28516	0.13126 0.28516
oolite_rock_hermit_tunnel_extras_diffuse.png	1.0 1.0	0.46639 0.92162	0.45377 0.74733	0.45377 0.92162
oolite_rock_hermit_tunnel_extras_diffuse.png	1.0 1.0	0.44181 0.92162	0.44181 0.74733	0.42989 0.92162
oolite_rock_hermit_tunnel_extras_diffuse.png	1.0 1.0	0.32924 0.89409	0.32924 0.66482	0.30112 0.89409
oolite_rock_hermit_tunnel_extras_diffuse.png	1.0 1.0	0.30112 0.89409	0.32924 0.66482	0.30112 0.66461
oolite_rock_hermit_tunnel_extras_diffuse.png	1.0 1.0	0.13128 0.56542	0.15755 0.54375	0.13128 0.54375
oolite_rock_hermit_tunnel_extras_diffuse.png	1.0 1.0	0.27378 0.94896	0.30103 0.97146	0.30110 0.94896
oolite_rock_hermit_tunnel_extras_diffuse.png	1.0 1.0	0.30110 0.94896	0.32924 0.97146	0.32937 0.94896
oolite_rock_hermit_tunnel_extras_diffuse.png	1.0 1.0	0.10851 0.27571	0.12088 0.27571	0.12088 0.01073
oolite_rock_hermit_tunnel_extras_diffuse.png	1.0 1.0	0.18807 0.09893	0.18807 0.06399	0.15310 0.06399
oolite_rock_hermit_tunnel_extras_diffuse.png	1.0 1.0	0.08395 0.01073	0.08395 0.27571	0.09606 0.27571
oolite_rock_hermit_tunnel_extras_diffuse.png	1.0 1.0	0.60212 0.96729	0.60212 0.93917	0.54726 0.96731
oolite_rock_hermit_tunnel_extras_diffuse.png	1.0 1.0	0.53785 0.84137	0.57174 0.85944	0.55840 0.84137
oolite_rock_hermit_tunnel_extras_diffuse.png	1.0 1.0	0.03222 0.97138	0.06063 0.94907	0.03222 0.94907
oolite_rock_hermit_tunnel_extras_diffuse.png	1.0 1.0	0.07693 0.79829	0.20030 0.79829	0.07699 0.76515
oolite_rock_hermit_tunnel_extras_diffuse.png	1.0 1.0	0.19250 0.81542	0.08458 0.88285	0.19250 0.88285
oolite_rock_hermit_tunnel_extras_diffuse.png	1.0 1.0	0.64321 0.31592	0.65614 0.32503	0.64321 0.26226
oolite_rock_hermit_tunnel_extras_diffuse.png	1.0 1.0	0.40329 0.92162	0.41538 0.92162	0.41526 0.74733
oolite_rock_hermit_tunnel_extras_diffuse.png	1.0 1.0	0.25727 0.64527	0.25727 0.61711	0.23917 0.62903
oolite_rock_hermit_tunnel_extras_diffuse.png	1.0 1.0	0.12088 0.01073	0.13353 0.27571	0.13353 0.01073
oolite_rock_hermit_tunnel_extras_diffuse.png	1.0 1.0	0.80122 0.80443	0.80101 0.77623	0.57174 0.80438
oolite_rock_hermit_tunnel_extras_diffuse.png	1.0 1.0	0.13898 0.43812	0.02300 0.45557	0.13126 0.45557
oolite_rock_hermit_tunnel_extras_diffuse.png	1.0 1.0	0.45377 0.92162	0.45377 0.74733	0.44181 0.92162
oolite_rock_hermit_tunnel_extras_diffuse.png	1.0 1.0	0.00509 0.53637	0.02300 0.52314	0.00509 0.44892

END
