// Converted by Obj2DatTexNorm.py Wavefront OBJ file conversion script
// (c) 2005-2013 By Giles Williams and Jens Ayton
// 
// original file: "oolite_alloy.obj"
// 
// model size: 5.000 x 9.000 x 2.891
// 
// materials used: ['oolite_alloy_diffuse.png']
// 
NVERTS 34
NFACES 20

VERTEX
2.15068 4.5 -1.27773
-2.1516 4.5 1.27773
2.04175 4.5 -1.44546
-2.04267 4.5 1.44546
-2.43099 -1.5 0.55929
-2.5 -4.5 0.07919
-2.46915 -1.5 0.36297
-2.5 -4.5 -0.12081
2.5 -4.5 0.07919
2.47715 -1.5 -0.39475
2.5 -4.5 -0.12081
2.27885 1.5 -1.04005
2.15068 4.5 -1.27773
2.04175 4.5 -1.44546
-2.04267 4.5 1.44546
-2.43099 -1.5 0.55929
-2.1516 4.5 1.27773
-2.46915 -1.5 0.36297
2.5 -4.5 0.07919
-2.43099 -1.5 0.55929
2.47715 -1.5 -0.39475
-2.5 -4.5 0.07919
-2.04267 4.5 1.44546
2.15068 4.5 -1.27773
2.27885 1.5 -1.04005
-2.46915 -1.5 0.36297
2.5 -4.5 -0.12081
2.04175 4.5 -1.44546
-2.1516 4.5 1.27773
-2.5 -4.5 -0.12081
2.5 -4.5 0.07919
-2.5 -4.5 -0.12081
-2.5 -4.5 0.07919
2.5 -4.5 -0.12081

FACES
0 0 0	0 0 0	3	0 1 2
0 0 0	0 0 0	3	3 1 0
0 0 0	0 0 0	3	4 5 6
0 0 0	0 0 0	3	5 7 6
0 0 0	0 0 0	3	8 9 10
0 0 0	0 0 0	3	9 11 10
0 0 0	0 0 0	3	9 12 11
0 0 0	0 0 0	3	12 13 11
0 0 0	0 0 0	3	14 15 16
0 0 0	0 0 0	3	15 17 16
0 0 0	0 0 0	3	18 19 20
0 0 0	0 0 0	3	18 21 19
0 0 0	0 0 0	3	20 22 23
0 0 0	0 0 0	3	20 19 22
0 0 0	0 0 0	3	24 25 26
0 0 0	0 0 0	3	27 28 24
0 0 0	0 0 0	3	28 25 24
0 0 0	0 0 0	3	25 29 26
0 0 0	0 0 0	3	30 31 32
0 0 0	0 0 0	3	33 31 30

TEXTURES
0	1.0 1.0	0.5009 0.00394	0.01989 0.02287	0.5009 0.02287
0	1.0 1.0	0.01989 0.00394	0.01989 0.02287	0.5009 0.00394
0	1.0 1.0	0 0.60135	0 0.89136	0.01989 0.60135
0	1.0 1.0	0 0.89136	0.01989 0.89136	0.01989 0.60135
0	1.0 1.0	0.51983 0.89136	0.51983 0.60135	0.5009 0.89136
0	1.0 1.0	0.51983 0.60135	0.5009 0.31288	0.5009 0.89136
0	1.0 1.0	0.51983 0.60135	0.51983 0.02287	0.5009 0.31288
0	1.0 1.0	0.51983 0.02287	0.5009 0.02287	0.5009 0.31288
0	1.0 1.0	0 0.02287	0 0.60135	0.01989 0.02287
0	1.0 1.0	0 0.60135	0.01989 0.60135	0.01989 0.02287
0	1.0 1.0	0.51983 0.89136	1 0.60135	0.51983 0.60135
0	1.0 1.0	0.51983 0.89136	1 0.89136	1 0.60135
0	1.0 1.0	0.51983 0.60135	1 0.02287	0.51983 0.02287
0	1.0 1.0	0.51983 0.60135	1 0.60135	1 0.02287
0	1.0 1.0	0.5009 0.31288	0.01989 0.60135	0.5009 0.89136
0	1.0 1.0	0.5009 0.02287	0.01989 0.02287	0.5009 0.31288
0	1.0 1.0	0.01989 0.02287	0.01989 0.60135	0.5009 0.31288
0	1.0 1.0	0.01989 0.60135	0.01989 0.89136	0.5009 0.89136
0	1.0 1.0	0.5009 0.91077	0.01989 0.89136	0.01989 0.91077
0	1.0 1.0	0.5009 0.89136	0.01989 0.89136	0.5009 0.91077

NAMES 1
oolite_alloy_diffuse.png

NORMALS
0 1 0
0 1 0
0 1 0
0 1 0
-0.9816 -0.00795 0.1908
-0.9954 0.00117 0.09584
-0.9954 0.00117 0.09584
-0.99995 0.01028 0
0.99997 0.00762 0
0.97934 0.00141 -0.2022
0.97568 -0.01255 -0.21883
0.92251 -0.00364 -0.38595
0.9311 0.01089 -0.36459
0.83864 -0.00732 -0.54464
-0.83837 -0.02616 0.54447
-0.92718 -0.00168 0.37461
-0.92718 -0.00168 0.37461
-0.98137 0.02286 0.19076
0.09587 -0.00172 0.99539
0.12756 -0.05373 0.99037
0.3135 0.05155 0.94819
0 -0.15802 0.98744
0.37466 -0.00213 0.92716
0.53837 0.15129 0.82902
-0.37442 -0.05149 -0.92583
-0.19083 0.05556 -0.98005
-0.09577 0.00188 -0.9954
-0.5381 -0.1545 -0.8286
-0.4623 0.00235 -0.88672
0 0.1592 -0.98725
0 -1 0
0 -1 0
0 -1 0
0 -1 0

END
