// Converted by Obj2DatTexNorm.py Wavefront OBJ file conversion script
// (c) 2005-2013 By Giles Williams and Jens Ayton
// 
// original file: "shuttle.obj"
// 
// model size: 23.148 x 19.654 x 39.410
// 
// materials used: ['Hull']
// 
NVERTS 477
NFACES 292

VERTEX
-10.8737 5.35377 -17.852
-10.8737 1.35151 -17.0555
-10.8737 5.35377 -17.0555
-11.574 7.66652 -17.852
-7.42767 -0.12371 13.4755
-7.72521 -0.92996 13.4755
-8.54989 7.66652 -17.0555
8.54989 7.66652 -17.0555
-8.54989 7.66652 -17.852
-11.2765 8.47273 -17.852
8.54989 7.66652 -17.852
-2.38619 8.77027 -17.852
-2.38619 8.77027 7.19209
-10.979 8.77027 -17.852
-0.96746 9.82691 -17.852
0.96746 9.82691 7.19209
-0.96746 9.82691 7.19209
-3.29383 5.75174 -15.188
3.29383 5.75174 -19.705
-3.29383 5.75174 -19.705
-3.97148 6.57026 -19.705
3.97148 6.57026 -19.705
-3.97148 6.57026 -17.0555
0.96746 9.82691 -17.852
3.29383 5.75174 -15.188
3.97148 6.57026 -17.0555
10.979 8.77027 -17.852
2.38619 8.77027 7.19209
2.38619 8.77027 -17.852
11.2765 8.47273 -17.852
7.42767 -0.12371 13.4755
2.68373 8.47273 7.19209
-10.8737 1.35151 -17.852
-5.68091 2.45217 -17.0555
-3.92867 0.60852 -17.0555
-5.68091 2.45217 -19.705
-3.92867 0.60852 -19.705
-4.53838 4.41026 -19.705
-4.53838 2.77269 -15.188
-4.53838 4.41026 -15.188
-4.53838 2.77269 -19.705
4.53838 2.77269 -15.188
3.25946 1.42705 -15.188
4.53838 2.77269 -19.705
3.25946 1.42705 -19.705
5.68091 4.7277 -19.705
5.68091 2.45217 -17.0555
5.68091 4.7277 -17.0555
5.68091 2.45217 -19.705
10.8737 1.35151 -17.0555
8.54989 -0.92996 -17.0555
10.8737 1.35151 -17.852
-6.83862 -3.41489 -15.6944
-6.83862 -3.41489 -14.9505
-6.28814 -2.38804 -15.6944
-6.28814 -2.38804 -14.9505
-2.45194 -0.38763 -18.3944
-2.45194 -0.38763 -17.0555
-2.45194 -0.92996 -17.852
2.42901 -0.38763 -18.3944
-2.45194 -1.55918 -17.852
-2.45194 -0.92996 -17.0555
-2.45194 -1.55918 -15.6944
-2.45194 -2.38804 -15.6944
-2.45194 -2.37267 -18.3944
2.42901 -0.38763 -17.0555
6.83862 -3.41489 -14.9505
6.28814 -2.38804 -15.6944
6.28814 -2.38804 -14.9505
6.83862 -3.41489 -15.6944
9.77278 -1.85672 -15.6944
6.82218 -1.55918 13.4755
10.0703 -1.55918 -15.6944
8.54989 -0.92996 -17.852
11.2765 -1.55918 -17.852
7.72521 -0.92996 13.4755
11.574 -0.92996 -17.852
-3.50477 -9.04882 -15.6944
-3.15502 -9.29559 -15.6944
-3.15502 -9.29559 -14.9505
-3.50477 -9.04882 -14.9505
-4.86914 -9.82691 -15.6944
2.00179 -9.82691 11.9168
5.02525 -9.82691 -15.6944
3.31113 -9.29559 -15.6944
3.66088 -9.04882 -15.6944
3.31113 -9.29559 -14.9505
3.66088 -9.04882 -14.9505
2.38619 8.77027 7.19209
0.96746 6.80732 13.4755
0.96746 9.82691 7.19209
-0.96746 6.80732 13.4755
-7.42767 -0.12371 13.4755
-2.68373 8.47273 7.19209
-0.96746 6.80732 13.4755
0.96746 -0.12371 19.4074
-1.02266 -0.12371 19.4074
0.96746 6.80732 13.4755
-1.88257 4.80585 14.3482
-1.98015 0.88667 17.0159
-1.95524 4.30124 14.1164
-1.88257 0.82017 17.7593
5.5975 0.82017 14.3482
1.98015 0.88667 17.0159
5.11737 0.90865 14.1164
-7.42767 -1.55918 13.4755
-6.82218 -1.55918 13.4755
-10.0703 -1.55918 -15.6944
-6.52464 -1.85672 13.4755
-1.02266 -1.85672 18.438
-2.51302 -9.40706 11.899
-7.72521 -0.92996 13.4755
-1.02266 -0.92996 19.705
-7.42767 -1.55918 13.4755
7.42767 -1.55918 13.4755
7.72521 -0.92996 13.4755
0.96746 -0.92996 19.705
7.42767 -0.12371 13.4755
6.52464 -1.85672 13.4755
0.96746 -0.12371 19.4074
-2.00179 -9.82691 11.9168
2.51302 -9.40706 11.899
0.96746 -1.85672 18.438
6.52464 -1.85672 13.4755
1.88257 0.82017 17.7593
-1.02266 -1.85672 18.438
-1.02266 -1.55918 18.6696
-0.56246 -1.85672 18.7271
-1.02266 -1.55918 19.4818
-0.50451 -1.55918 18.9722
0.96746 -1.55918 18.6696
0.53211 -1.85672 18.7271
0.48158 -1.55918 18.9722
0.96746 -1.85672 18.438
-11.574 7.66652 -17.852
-7.72521 -0.92996 13.4755
-11.574 -0.92996 -17.852
-10.8737 5.35377 -17.0555
-8.54989 7.66652 -17.852
-10.8737 5.35377 -17.852
-10.979 8.77027 -17.852
-2.38619 8.77027 7.19209
-11.2765 8.47273 -17.852
-8.54989 7.66652 -17.0555
-2.68373 8.47273 7.19209
-3.29383 5.75174 -19.705
-4.53838 4.41026 -15.188
-3.29383 5.75174 -15.188
2.38619 8.77027 -17.852
0.96746 9.82691 7.19209
0.96746 9.82691 -17.852
2.38619 8.77027 7.19209
3.29383 5.75174 -15.188
4.53838 4.41026 -15.188
3.29383 5.75174 -19.705
3.97148 6.57026 -19.705
5.68091 4.7277 -17.0555
3.97148 6.57026 -17.0555
10.8737 5.35377 -17.0555
10.8737 1.35151 -17.0555
10.8737 5.35377 -17.852
11.2765 8.47273 -17.852
2.38619 8.77027 7.19209
10.979 8.77027 -17.852
2.68373 8.47273 7.19209
11.574 7.66652 -17.852
7.42767 -0.12371 13.4755
11.2765 8.47273 -17.852
10.8737 1.35151 -17.852
-10.8737 1.35151 -17.852
-8.54989 -0.92996 -17.0555
-10.8737 1.35151 -17.0555
-5.68091 4.7277 -19.705
-5.68091 4.7277 -17.0555
-5.68091 2.45217 -17.0555
-5.68091 2.45217 -19.705
-4.53838 4.41026 -19.705
-3.25946 1.42705 -19.705
3.25946 1.42705 -19.705
-3.25946 1.42705 -15.188
3.25946 1.42705 -15.188
-3.92867 0.60852 -17.0555
3.92868 0.60852 -19.705
-3.92867 0.60852 -19.705
3.92868 0.60852 -17.0555
4.53838 4.41026 -19.705
5.68091 4.7277 -19.705
-11.2765 -1.55918 -17.852
-7.42767 -1.55918 13.4755
-9.77278 -1.85672 -15.6944
-2.51302 -9.40706 11.899
-5.46422 -9.40706 -15.6944
-6.83862 -3.41489 -15.6944
-3.50477 -9.04882 -14.9505
-6.83862 -3.41489 -14.9505
-8.54989 -0.92996 -17.852
-2.45194 -1.55918 -17.852
-6.28814 -2.38804 -14.9505
6.28814 -2.38804 -15.6944
-6.28814 -2.38804 -15.6944
-2.45194 -0.38763 -18.3944
2.42901 -2.37267 -18.3944
2.42901 -0.38763 -18.3944
-2.45194 -1.55918 -15.6944
-2.45194 -2.37267 -18.3944
2.42901 -0.92996 -17.852
8.54989 -0.92996 -17.852
2.42901 -0.92996 -17.0555
8.54989 -0.92996 -17.0555
6.83862 -3.41489 -14.9505
3.66088 -9.04882 -14.9505
6.83862 -3.41489 -15.6944
6.28814 -2.38804 -14.9505
3.66088 -9.04882 -15.6944
9.77278 -1.85672 -15.6944
2.51302 -9.40706 11.899
6.52464 -1.85672 13.4755
-3.50477 -9.04882 -15.6944
-3.15502 -9.29559 -15.6944
3.31113 -9.29559 -14.9505
-3.15502 -9.29559 -14.9505
3.31113 -9.29559 -15.6944
5.62033 -9.40706 -15.6944
-0.96746 9.82691 7.19209
-0.96746 6.80732 13.4755
-2.38619 8.77027 7.19209
0.96746 9.82691 7.19209
0.96746 6.80732 13.4755
2.68373 8.47273 7.19209
7.42767 -0.12371 13.4755
0.96746 6.80732 13.4755
-5.11737 0.90865 14.1164
-5.5975 0.82017 14.3482
-1.95524 4.30124 14.1164
-1.88257 4.80585 14.3482
-1.98015 0.88667 17.0159
1.88257 4.80585 14.3482
1.98015 0.88667 17.0159
1.88257 0.82017 17.7593
1.95524 4.30124 14.1164
-6.82218 -1.55918 13.4755
-1.02266 -1.55918 18.6696
-6.52464 -1.85672 13.4755
-6.52464 -1.85672 13.4755
-1.02266 -1.85672 18.438
-7.42767 -0.12371 13.4755
-1.02266 -0.92996 19.705
-7.72521 -0.92996 13.4755
-1.02266 -0.12371 19.4074
7.42767 -1.55918 13.4755
0.96746 -0.92996 19.705
7.72521 -0.92996 13.4755
7.72521 -0.92996 13.4755
6.52464 -1.85672 13.4755
0.96746 -1.55918 18.6696
6.82218 -1.55918 13.4755
0.96746 -1.85672 18.438
-2.51302 -9.40706 11.899
-0.56246 -1.85672 18.7271
-2.00179 -9.82691 11.9168
2.00179 -9.82691 11.9168
0.53211 -1.85672 18.7271
2.51302 -9.40706 11.899
-1.02266 -1.85672 18.438
-1.02266 -0.92996 19.705
0.96746 -1.55918 19.4818
-1.02266 -1.55918 19.4818
0.96746 -0.92996 19.705
-0.50451 -1.55918 18.9722
0.53211 -1.85672 18.7271
-0.56246 -1.85672 18.7271
0.48158 -1.55918 18.9722
0.96746 -1.85672 18.438
-0.96746 9.82691 -17.852
-0.96746 9.82691 7.19209
-2.38619 8.77027 -17.852
-3.97148 6.57026 -19.705
-5.68091 4.7277 -17.0555
-5.68091 4.7277 -19.705
-3.97148 6.57026 -17.0555
8.54989 7.66652 -17.0555
10.8737 5.35377 -17.0555
8.54989 7.66652 -17.852
10.8737 5.35377 -17.852
-3.25946 1.42705 -19.705
-3.25946 1.42705 -15.188
-4.53838 2.77269 -19.705
-4.53838 2.77269 -15.188
4.53838 2.77269 -19.705
4.53838 4.41026 -19.705
4.53838 2.77269 -15.188
4.53838 4.41026 -15.188
3.92868 0.60852 -17.0555
5.68091 2.45217 -19.705
3.92868 0.60852 -19.705
5.68091 2.45217 -17.0555
-10.0703 -1.55918 -15.6944
-6.82218 -1.55918 13.4755
-9.77278 -1.85672 -15.6944
-6.83862 -3.41489 -14.9505
6.83862 -3.41489 -14.9505
-6.28814 -2.38804 -14.9505
-3.50477 -9.04882 -14.9505
2.42901 -0.38763 -18.3944
2.42901 -0.92996 -17.852
2.42901 -0.38763 -17.0555
2.42901 -1.55918 -17.852
2.42901 -2.37267 -18.3944
2.42901 -2.38804 -15.6944
2.42901 -0.92996 -17.0555
2.42901 -1.55918 -15.6944
6.28814 -2.38804 -14.9505
11.574 -0.92996 -17.852
7.72521 -0.92996 13.4755
11.574 7.66652 -17.852
-5.46422 -9.40706 -15.6944
-2.51302 -9.40706 11.899
-4.86914 -9.82691 -15.6944
-3.15502 -9.29559 -14.9505
3.66088 -9.04882 -14.9505
3.31113 -9.29559 -14.9505
5.02525 -9.82691 -15.6944
2.51302 -9.40706 11.899
5.62033 -9.40706 -15.6944
-2.38619 8.77027 7.19209
-2.68373 8.47273 7.19209
-7.42767 -0.12371 13.4755
-11.2765 8.47273 -17.852
-2.38619 8.77027 7.19209
-0.96746 6.80732 13.4755
-2.68373 8.47273 7.19209
2.68373 8.47273 7.19209
0.96746 6.80732 13.4755
2.38619 8.77027 7.19209
-0.96746 6.80732 13.4755
-1.02266 -0.12371 19.4074
-1.88257 4.80585 14.3482
0.96746 6.80732 13.4755
7.42767 -0.12371 13.4755
1.88257 4.80585 14.3482
-7.42767 -0.12371 13.4755
-1.88257 0.82017 17.7593
-5.5975 0.82017 14.3482
5.5975 0.82017 14.3482
0.96746 -0.12371 19.4074
5.11737 0.90865 14.1164
1.98015 0.88667 17.0159
1.95524 4.30124 14.1164
1.88257 0.82017 17.7593
-6.52464 -1.85672 13.4755
-2.00179 -9.82691 11.9168
-2.00179 -9.82691 11.9168
0.53211 -1.85672 18.7271
2.00179 -9.82691 11.9168
2.00179 -9.82691 11.9168
-0.56246 -1.85672 18.7271
-1.02266 -0.12371 19.4074
0.96746 -0.92996 19.705
-1.02266 -0.92996 19.705
0.96746 -0.12371 19.4074
-3.29383 5.75174 -15.188
-4.53838 4.41026 -15.188
3.29383 5.75174 -15.188
-3.97148 6.57026 -19.705
-5.68091 4.7277 -19.705
-3.29383 5.75174 -19.705
3.97148 6.57026 -19.705
3.29383 5.75174 -19.705
4.53838 4.41026 -19.705
-4.53838 4.41026 -19.705
-5.68091 2.45217 -19.705
-4.53838 2.77269 -19.705
-3.92867 0.60852 -19.705
-3.25946 1.42705 -19.705
3.92868 0.60852 -19.705
3.25946 1.42705 -19.705
-3.25946 1.42705 -15.188
3.25946 1.42705 -15.188
-4.53838 2.77269 -15.188
4.53838 4.41026 -15.188
4.53838 2.77269 -15.188
4.53838 2.77269 -19.705
5.68091 4.7277 -19.705
5.68091 2.45217 -19.705
-8.54989 -0.92996 -17.852
-2.45194 -0.92996 -17.852
-8.54989 -0.92996 -17.0555
-2.45194 -0.92996 -17.0555
-2.45194 -2.38804 -15.6944
2.42901 -2.38804 -15.6944
-2.45194 -2.37267 -18.3944
2.42901 -2.37267 -18.3944
2.42901 -1.55918 -15.6944
10.0703 -1.55918 -15.6944
2.42901 -1.55918 -17.852
11.2765 -1.55918 -17.852
7.42767 -1.55918 13.4755
6.82218 -1.55918 13.4755
-5.11737 0.90865 14.1164
-1.98015 0.88667 17.0159
-5.5975 0.82017 14.3482
1.88257 4.80585 14.3482
5.5975 0.82017 14.3482
1.95524 4.30124 14.1164
5.11737 0.90865 14.1164
-1.02266 -1.55918 19.4818
-1.02266 -1.55918 18.6696
0.96746 -1.55918 19.4818
-1.88257 0.82017 17.7593
-0.50451 -1.55918 18.9722
0.48158 -1.55918 18.9722
0.96746 -1.55918 18.6696
0.96746 -0.92996 19.705
-10.8737 5.35377 -17.852
-8.54989 7.66652 -17.852
-11.574 7.66652 -17.852
-11.574 -0.92996 -17.852
-10.8737 1.35151 -17.852
-11.2765 8.47273 -17.852
-10.8737 5.35377 -17.0555
-5.68091 4.7277 -17.0555
-8.54989 7.66652 -17.0555
-10.979 8.77027 -17.852
11.2765 8.47273 -17.852
10.979 8.77027 -17.852
-3.97148 6.57026 -17.0555
-2.38619 8.77027 -17.852
0.96746 9.82691 -17.852
-0.96746 9.82691 -17.852
2.38619 8.77027 -17.852
3.97148 6.57026 -17.0555
8.54989 7.66652 -17.0555
5.68091 4.7277 -17.0555
8.54989 7.66652 -17.852
11.574 7.66652 -17.852
10.8737 5.35377 -17.852
10.8737 5.35377 -17.0555
11.574 -0.92996 -17.852
-10.8737 1.35151 -17.0555
-5.68091 2.45217 -17.0555
-8.54989 -0.92996 -17.0555
-3.92867 0.60852 -17.0555
8.54989 -0.92996 -17.0555
3.92868 0.60852 -17.0555
5.68091 2.45217 -17.0555
10.8737 1.35151 -17.0555
10.8737 1.35151 -17.852
8.54989 -0.92996 -17.852
-8.54989 -0.92996 -17.852
-11.2765 -1.55918 -17.852
-2.45194 -1.55918 -17.852
-7.36089 -2.38804 -15.6944
-10.0703 -1.55918 -15.6944
-9.77278 -1.85672 -15.6944
-6.28814 -2.38804 -15.6944
-6.83862 -3.41489 -15.6944
-5.46422 -9.40706 -15.6944
-2.45194 -0.92996 -17.852
-2.45194 -1.55918 -15.6944
-2.45194 -2.38804 -15.6944
2.42901 -2.38804 -15.6944
6.28814 -2.38804 -15.6944
2.42901 -1.55918 -15.6944
2.42901 -1.55918 -17.852
2.42901 -0.92996 -17.852
11.2765 -1.55918 -17.852
6.83862 -3.41489 -15.6944
7.36089 -2.38804 -15.6944
9.77278 -1.85672 -15.6944
5.62033 -9.40706 -15.6944
10.0703 -1.55918 -15.6944
-3.50477 -9.04882 -15.6944
-4.86914 -9.82691 -15.6944
-3.15502 -9.29559 -15.6944
3.31113 -9.29559 -15.6944
5.02525 -9.82691 -15.6944
3.66088 -9.04882 -15.6944

FACES
0 0 0	0 0 0	3	0 1 2
0 0 0	0 0 0	3	3 4 5
0 0 0	0 0 0	3	6 7 8
0 0 0	0 0 0	3	9 4 3
0 0 0	0 0 0	3	8 7 10
0 0 0	0 0 0	3	11 12 13
0 0 0	0 0 0	3	14 15 16
0 0 0	0 0 0	3	17 18 19
0 0 0	0 0 0	3	20 21 22
0 0 0	0 0 0	3	23 15 14
0 0 0	0 0 0	3	24 18 17
0 0 0	0 0 0	3	21 25 22
0 0 0	0 0 0	3	26 27 28
0 0 0	0 0 0	3	29 30 31
0 0 0	0 0 0	3	32 1 0
0 0 0	0 0 0	3	33 34 35
0 0 0	0 0 0	3	35 34 36
0 0 0	0 0 0	3	37 38 39
0 0 0	0 0 0	3	40 38 37
0 0 0	0 0 0	3	41 42 43
0 0 0	0 0 0	3	42 44 43
0 0 0	0 0 0	3	45 46 47
0 0 0	0 0 0	3	48 46 45
0 0 0	0 0 0	3	49 50 51
0 0 0	0 0 0	3	52 53 54
0 0 0	0 0 0	3	54 53 55
0 0 0	0 0 0	3	56 57 58
0 0 0	0 0 0	3	56 59 57
0 0 0	0 0 0	3	58 60 56
0 0 0	0 0 0	3	58 57 61
0 0 0	0 0 0	3	62 63 60
0 0 0	0 0 0	3	60 64 56
0 0 0	0 0 0	3	63 64 60
0 0 0	0 0 0	3	57 59 65
0 0 0	0 0 0	3	66 67 68
0 0 0	0 0 0	3	69 67 66
0 0 0	0 0 0	3	70 71 72
0 0 0	0 0 0	3	50 73 51
0 0 0	0 0 0	3	74 75 76
0 0 0	0 0 0	3	77 78 79
0 0 0	0 0 0	3	79 80 77
0 0 0	0 0 0	3	81 82 83
0 0 0	0 0 0	3	84 85 86
0 0 0	0 0 0	3	85 87 86
0 0 0	0 0 0	3	88 89 90
0 0 0	0 0 0	3	91 92 93
0 0 0	0 0 0	3	94 95 96
0 0 0	0 0 0	3	97 95 94
0 0 0	0 0 0	3	98 99 100
0 0 0	0 0 0	3	98 101 99
0 0 0	0 0 0	3	102 103 104
0 0 0	0 0 0	3	105 106 107
0 0 0	0 0 0	3	108 109 110
0 0 0	0 0 0	3	111 112 113
0 0 0	0 0 0	3	114 75 74
0 0 0	0 0 0	3	115 116 117
0 0 0	0 0 0	3	118 71 70
0 0 0	0 0 0	3	117 116 119
0 0 0	0 0 0	3	120 82 81
0 0 0	0 0 0	3	121 122 123
0 0 0	0 0 0	3	124 103 102
0 0 0	0 0 0	3	125 126 127
0 0 0	0 0 0	3	112 128 113
0 0 0	0 0 0	3	126 129 127
0 0 0	0 0 0	3	130 131 132
0 0 0	0 0 0	3	130 133 131
0 0 0	0 0 0	3	134 135 136
0 0 0	0 0 0	3	137 138 139
0 0 0	0 0 0	3	140 141 142
0 0 0	0 0 0	3	143 138 137
0 0 0	0 0 0	3	142 141 144
0 0 0	0 0 0	3	145 146 147
0 0 0	0 0 0	3	148 149 150
0 0 0	0 0 0	3	148 151 149
0 0 0	0 0 0	3	152 153 154
0 0 0	0 0 0	3	155 156 157
0 0 0	0 0 0	3	158 159 160
0 0 0	0 0 0	3	161 162 163
0 0 0	0 0 0	3	161 164 162
0 0 0	0 0 0	3	165 166 167
0 0 0	0 0 0	3	160 159 168
0 0 0	0 0 0	3	169 170 171
0 0 0	0 0 0	3	172 173 174
0 0 0	0 0 0	3	174 175 172
0 0 0	0 0 0	3	176 146 145
0 0 0	0 0 0	3	177 178 179
0 0 0	0 0 0	3	179 178 180
0 0 0	0 0 0	3	181 182 183
0 0 0	0 0 0	3	181 184 182
0 0 0	0 0 0	3	153 185 154
0 0 0	0 0 0	3	186 156 155
0 0 0	0 0 0	3	136 135 187
0 0 0	0 0 0	3	187 188 107
0 0 0	0 0 0	3	187 135 188
0 0 0	0 0 0	3	189 190 191
0 0 0	0 0 0	3	192 193 194
0 0 0	0 0 0	3	195 170 169
0 0 0	0 0 0	3	107 196 187
0 0 0	0 0 0	3	197 198 199
0 0 0	0 0 0	3	200 201 202
0 0 0	0 0 0	3	203 196 107
0 0 0	0 0 0	3	204 201 200
0 0 0	0 0 0	3	205 206 207
0 0 0	0 0 0	3	207 206 208
0 0 0	0 0 0	3	209 210 211
0 0 0	0 0 0	3	212 198 197
0 0 0	0 0 0	3	211 210 213
0 0 0	0 0 0	3	214 215 216
0 0 0	0 0 0	3	217 193 192
0 0 0	0 0 0	3	218 219 220
0 0 0	0 0 0	3	221 219 218
0 0 0	0 0 0	3	222 215 214
0 0 0	0 0 0	3	223 224 225
0 0 0	0 0 0	3	226 224 223
0 0 0	0 0 0	3	226 227 224
0 0 0	0 0 0	3	228 229 230
0 0 0	0 0 0	3	231 232 233
0 0 0	0 0 0	3	233 232 234
0 0 0	0 0 0	3	233 235 231
0 0 0	0 0 0	3	236 237 238
0 0 0	0 0 0	3	239 237 236
0 0 0	0 0 0	3	240 241 242
0 0 0	0 0 0	3	243 190 189
0 0 0	0 0 0	3	242 241 244
0 0 0	0 0 0	3	245 246 247
0 0 0	0 0 0	3	245 248 246
0 0 0	0 0 0	3	249 250 251
0 0 0	0 0 0	3	252 166 165
0 0 0	0 0 0	3	253 254 255
0 0 0	0 0 0	3	253 256 254
0 0 0	0 0 0	3	257 258 259
0 0 0	0 0 0	3	260 261 262
0 0 0	0 0 0	3	263 258 257
0 0 0	0 0 0	3	264 265 266
0 0 0	0 0 0	3	264 267 265
0 0 0	0 0 0	3	268 269 270
0 0 0	0 0 0	3	271 269 268
0 0 0	0 0 0	3	261 272 262
0 0 0	0 0 0	3	273 274 275
0 0 0	0 0 0	3	276 277 278
0 0 0	0 0 0	3	279 277 276
0 0 0	0 0 0	3	280 281 282
0 0 0	0 0 0	3	281 283 282
0 0 0	0 0 0	3	284 285 286
0 0 0	0 0 0	3	285 287 286
0 0 0	0 0 0	3	288 289 290
0 0 0	0 0 0	3	290 289 291
0 0 0	0 0 0	3	292 293 294
0 0 0	0 0 0	3	292 295 293
0 0 0	0 0 0	3	296 297 298
0 0 0	0 0 0	3	299 300 301
0 0 0	0 0 0	3	299 302 300
0 0 0	0 0 0	3	303 304 305
0 0 0	0 0 0	3	303 306 304
0 0 0	0 0 0	3	307 306 303
0 0 0	0 0 0	3	308 306 307
0 0 0	0 0 0	3	304 309 305
0 0 0	0 0 0	3	310 306 308
0 0 0	0 0 0	3	300 311 301
0 0 0	0 0 0	3	312 313 314
0 0 0	0 0 0	3	315 316 317
0 0 0	0 0 0	3	318 319 302
0 0 0	0 0 0	3	302 319 300
0 0 0	0 0 0	3	320 319 318
0 0 0	0 0 0	3	321 322 323
0 0 0	0 0 0	3	274 324 275
0 0 0	0 0 0	3	325 326 327
0 0 0	0 0 0	3	328 329 330
0 0 0	0 0 0	3	331 332 333
0 0 0	0 0 0	3	334 335 336
0 0 0	0 0 0	3	337 338 339
0 0 0	0 0 0	3	336 340 334
0 0 0	0 0 0	3	336 335 341
0 0 0	0 0 0	3	342 340 336
0 0 0	0 0 0	3	342 335 340
0 0 0	0 0 0	3	339 338 343
0 0 0	0 0 0	3	339 344 337
0 0 0	0 0 0	3	345 346 347
0 0 0	0 0 0	3	343 344 348
0 0 0	0 0 0	3	297 349 298
0 0 0	0 0 0	3	338 344 343
0 0 0	0 0 0	3	316 350 317
0 0 0	0 0 0	3	351 352 353
0 0 0	0 0 0	3	354 322 321
0 0 0	0 0 0	3	341 335 342
0 0 0	0 0 0	3	348 344 339
0 0 0	0 0 0	3	355 352 351
0 0 0	0 0 0	3	356 357 358
0 0 0	0 0 0	3	359 357 356
0 0 0	0 0 0	3	360 361 362
0 0 0	0 0 0	3	363 364 365
0 0 0	0 0 0	3	365 366 363
0 0 0	0 0 0	3	367 366 365
0 0 0	0 0 0	3	367 368 366
0 0 0	0 0 0	3	364 369 365
0 0 0	0 0 0	3	370 369 364
0 0 0	0 0 0	3	370 371 369
0 0 0	0 0 0	3	372 371 370
0 0 0	0 0 0	3	372 373 371
0 0 0	0 0 0	3	372 374 373
0 0 0	0 0 0	3	373 374 375
0 0 0	0 0 0	3	376 377 378
0 0 0	0 0 0	3	361 379 362
0 0 0	0 0 0	3	361 380 379
0 0 0	0 0 0	3	378 380 361
0 0 0	0 0 0	3	378 377 380
0 0 0	0 0 0	3	381 382 368
0 0 0	0 0 0	3	381 383 382
0 0 0	0 0 0	3	368 382 366
0 0 0	0 0 0	3	375 383 381
0 0 0	0 0 0	3	374 383 375
0 0 0	0 0 0	3	384 385 386
0 0 0	0 0 0	3	386 385 387
0 0 0	0 0 0	3	388 389 390
0 0 0	0 0 0	3	390 389 391
0 0 0	0 0 0	3	392 393 394
0 0 0	0 0 0	3	393 395 394
0 0 0	0 0 0	3	393 396 395
0 0 0	0 0 0	3	393 397 396
0 0 0	0 0 0	3	398 399 400
0 0 0	0 0 0	3	401 402 403
0 0 0	0 0 0	3	403 402 404
0 0 0	0 0 0	3	105 405 106
0 0 0	0 0 0	3	106 405 406
0 0 0	0 0 0	3	397 407 396
0 0 0	0 0 0	3	399 408 400
0 0 0	0 0 0	3	405 409 406
0 0 0	0 0 0	3	405 407 409
0 0 0	0 0 0	3	409 407 410
0 0 0	0 0 0	3	410 407 411
0 0 0	0 0 0	3	411 407 397
0 0 0	0 0 0	3	407 412 396
0 0 0	0 0 0	3	413 414 415
0 0 0	0 0 0	3	413 416 417
0 0 0	0 0 0	3	415 414 418
0 0 0	0 0 0	3	415 416 413
0 0 0	0 0 0	3	419 420 421
0 0 0	0 0 0	3	422 423 424
0 0 0	0 0 0	3	421 420 425
0 0 0	0 0 0	3	418 423 422
0 0 0	0 0 0	3	414 423 418
0 0 0	0 0 0	3	426 427 428
0 0 0	0 0 0	3	426 429 427
0 0 0	0 0 0	3	425 430 421
0 0 0	0 0 0	3	430 431 421
0 0 0	0 0 0	3	430 432 431
0 0 0	0 0 0	3	433 423 414
0 0 0	0 0 0	3	433 434 423
0 0 0	0 0 0	3	433 435 434
0 0 0	0 0 0	3	431 432 436
0 0 0	0 0 0	3	435 437 434
0 0 0	0 0 0	3	438 439 419
0 0 0	0 0 0	3	438 440 439
0 0 0	0 0 0	3	439 420 419
0 0 0	0 0 0	3	439 440 441
0 0 0	0 0 0	3	441 442 443
0 0 0	0 0 0	3	443 442 444
0 0 0	0 0 0	3	432 444 436
0 0 0	0 0 0	3	444 445 436
0 0 0	0 0 0	3	444 442 445
0 0 0	0 0 0	3	446 437 435
0 0 0	0 0 0	3	446 447 437
0 0 0	0 0 0	3	416 448 417
0 0 0	0 0 0	3	449 448 416
0 0 0	0 0 0	3	449 450 448
0 0 0	0 0 0	3	451 452 453
0 0 0	0 0 0	3	451 454 452
0 0 0	0 0 0	3	453 455 451
0 0 0	0 0 0	3	453 456 455
0 0 0	0 0 0	3	455 454 451
0 0 0	0 0 0	3	448 450 457
0 0 0	0 0 0	3	440 442 441
0 0 0	0 0 0	3	454 458 452
0 0 0	0 0 0	3	454 459 458
0 0 0	0 0 0	3	460 461 462
0 0 0	0 0 0	3	463 447 464
0 0 0	0 0 0	3	463 465 447
0 0 0	0 0 0	3	466 467 461
0 0 0	0 0 0	3	466 468 467
0 0 0	0 0 0	3	466 469 468
0 0 0	0 0 0	3	461 470 462
0 0 0	0 0 0	3	467 470 461
0 0 0	0 0 0	3	468 470 467
0 0 0	0 0 0	3	447 465 437
0 0 0	0 0 0	3	456 471 455
0 0 0	0 0 0	3	456 472 471
0 0 0	0 0 0	3	471 472 473
0 0 0	0 0 0	3	472 474 473
0 0 0	0 0 0	3	472 475 474
0 0 0	0 0 0	3	475 476 474
0 0 0	0 0 0	3	475 469 476
0 0 0	0 0 0	3	476 469 466

TEXTURES
0	1.0 1.0	0.0537 0.99833	0.11638 0.98586	0.0537 0.98586
0	1.0 1.0	0.99604 0.04829	0.50026 0.1699	0.50096 0.18334
0	1.0 1.0	0.51968 0.96603	0.25738 0.96606	0.51968 0.97825
0	1.0 1.0	0.99534 0.03486	0.50026 0.1699	0.99604 0.04829
0	1.0 1.0	0.51968 0.97825	0.25738 0.96606	0.25738 0.97828
0	1.0 1.0	0.49785 0.35483	0.49767 0.74713	0.63281 0.35435
0	1.0 1.0	0.46903 0.35476	0.43873 0.74693	0.46903 0.74693
0	1.0 1.0	0.67223 0.83557	0.55516 0.91627	0.67223 0.91627
0	1.0 1.0	0.87379 0.95992	0.99799 0.95992	0.87379 0.91893
0	1.0 1.0	0.43873 0.35476	0.43873 0.74693	0.46903 0.35476
0	1.0 1.0	0.55516 0.83557	0.55516 0.91627	0.67223 0.83557
0	1.0 1.0	0.99799 0.95992	0.99799 0.91893	0.87379 0.91893
0	1.0 1.0	0.27606 0.35387	0.41081 0.74759	0.41097 0.35483
0	1.0 1.0	0.00315 0.03443	0.49763 0.16893	0.41785 0.00486
0	1.0 1.0	0.11638 0.99833	0.11638 0.98586	0.0537 0.99833
0	1.0 1.0	0.79911 0.91893	0.7598 0.91893	0.79911 0.95992
0	1.0 1.0	0.79911 0.95992	0.7598 0.91893	0.7598 0.95992
0	1.0 1.0	0.70479 0.91627	0.734 0.83557	0.70479 0.83557
0	1.0 1.0	0.734 0.91627	0.734 0.83557	0.70479 0.91627
0	1.0 1.0	0.91588 0.83557	0.88254 0.83557	0.91588 0.91627
0	1.0 1.0	0.88254 0.83557	0.88254 0.91627	0.91588 0.91627
0	1.0 1.0	0.56289 0.95992	0.59804 0.91893	0.56289 0.91893
0	1.0 1.0	0.59804 0.95992	0.59804 0.91893	0.56289 0.95992
0	1.0 1.0	0.14555 0.96606	0.09556 0.96606	0.14555 0.97828
0	1.0 1.0	0.28688 0.99638	0.28688 0.98474	0.2687 0.99638
0	1.0 1.0	0.2687 0.99638	0.28688 0.98474	0.2687 0.98474
0	1.0 1.0	0.3074 0.76351	0.28471 0.76351	0.29818 0.77241
0	1.0 1.0	0.3074 0.76351	0.38995 0.76351	0.3074 0.7409
0	1.0 1.0	0.29818 0.77241	0.29815 0.78307	0.3074 0.76351
0	1.0 1.0	0.29818 0.77241	0.28471 0.76351	0.28471 0.77241
0	1.0 1.0	0.26165 0.78308	0.26165 0.79731	0.29815 0.78307
0	1.0 1.0	0.29815 0.78307	0.3074 0.79731	0.3074 0.76351
0	1.0 1.0	0.26165 0.79731	0.3074 0.79731	0.29815 0.78307
0	1.0 1.0	0.3074 0.7409	0.38995 0.76351	0.38995 0.7409
0	1.0 1.0	0.60536 0.98474	0.62349 0.99638	0.62349 0.98474
0	1.0 1.0	0.60536 0.99638	0.62349 0.99638	0.60536 0.98474
0	1.0 1.0	0.03932 0.21447	0.49786 0.20392	0.03886 0.2079
0	1.0 1.0	0.09556 0.96606	0.09556 0.97828	0.14555 0.97828
0	1.0 1.0	0.00345 0.19331	0.49679 0.18327	0.00254 0.18327
0	1.0 1.0	0.38938 0.99638	0.39606 0.99638	0.39606 0.98474
0	1.0 1.0	0.39606 0.98474	0.38938 0.98474	0.38938 0.99638
0	1.0 1.0	0.99552 0.66607	0.56315 0.77366	0.99552 0.82101
0	1.0 1.0	0.49732 0.99638	0.50408 0.99638	0.49732 0.98474
0	1.0 1.0	0.50408 0.99638	0.50408 0.98474	0.49732 0.98474
0	1.0 1.0	0.12173 0.38231	0.14867 0.48456	0.14867 0.3754
0	1.0 1.0	0.17897 0.48456	0.31922 0.53274	0.21216 0.38503
0	1.0 1.0	0.17893 0.49532	0.14766 0.63817	0.17893 0.63817
0	1.0 1.0	0.14766 0.49532	0.14766 0.63817	0.17893 0.49532
0	1.0 1.0	0.60907 0.53269	0.56549 0.65187	0.61857 0.54433
0	1.0 1.0	0.60907 0.53269	0.54694 0.65901	0.56549 0.65187
0	1.0 1.0	0.41263 0.88749	0.53259 0.874	0.41796 0.874
0	1.0 1.0	0.50123 0.19439	0.50116 0.20416	0.96047 0.20898
0	1.0 1.0	0.28564 0.73006	0.17982 0.68294	0.2033 0.83933
0	1.0 1.0	0.32259 0.65162	0.17893 0.65162	0.31906 0.66191
0	1.0 1.0	0.49736 0.19415	0.49679 0.18327	0.00345 0.19331
0	1.0 1.0	0.00417 0.65162	0.14766 0.65162	0.00731 0.63807
0	1.0 1.0	0.49832 0.2105	0.49786 0.20392	0.03932 0.21447
0	1.0 1.0	0.00731 0.63807	0.14766 0.65162	0.14463 0.63807
0	1.0 1.0	0.56315 0.71097	0.56315 0.77366	0.99552 0.66607
0	1.0 1.0	0.12231 0.83929	0.14689 0.68295	0.04043 0.73052
0	1.0 1.0	0.54797 0.88749	0.53259 0.874	0.41263 0.88749
0	1.0 1.0	0.17982 0.68294	0.17976 0.67703	0.17163 0.68032
0	1.0 1.0	0.17893 0.65162	0.18157 0.66191	0.31906 0.66191
0	1.0 1.0	0.17976 0.67703	0.17082 0.67423	0.17163 0.68032
0	1.0 1.0	0.14694 0.67705	0.15449 0.68032	0.15538 0.67423
0	1.0 1.0	0.14694 0.67705	0.14689 0.68295	0.15449 0.68032
0	1.0 1.0	0.99604 0.04829	0.50096 0.18334	0.99573 0.18322
0	1.0 1.0	0.0537 0.98586	0.00236 0.99833	0.0537 0.99833
0	1.0 1.0	0.63281 0.35435	0.49767 0.74713	0.63884 0.35492
0	1.0 1.0	0.00236 0.98586	0.00236 0.99833	0.0537 0.98586
0	1.0 1.0	0.63884 0.35492	0.49767 0.74713	0.50424 0.74771
0	1.0 1.0	0.67223 0.91627	0.70479 0.83557	0.67223 0.83557
0	1.0 1.0	0.41097 0.35483	0.43873 0.74693	0.43873 0.35476
0	1.0 1.0	0.41097 0.35483	0.41081 0.74759	0.43873 0.74693
0	1.0 1.0	0.97765 0.83557	0.94502 0.83557	0.97765 0.91627
0	1.0 1.0	0.52355 0.95992	0.56289 0.91893	0.52355 0.91893
0	1.0 1.0	0.2069 0.96606	0.14555 0.96606	0.2069 0.97828
0	1.0 1.0	0.26949 0.35445	0.41081 0.74759	0.27606 0.35387
0	1.0 1.0	0.26949 0.35445	0.40424 0.74816	0.41081 0.74759
0	1.0 1.0	0.00245 0.04787	0.49763 0.16893	0.00315 0.03443
0	1.0 1.0	0.2069 0.97828	0.14555 0.96606	0.14555 0.97828
0	1.0 1.0	0.11638 0.99833	0.16707 0.98586	0.11638 0.98586
0	1.0 1.0	0.83444 0.95992	0.83444 0.91893	0.79911 0.91893
0	1.0 1.0	0.79911 0.91893	0.79911 0.95992	0.83444 0.95992
0	1.0 1.0	0.70479 0.91627	0.70479 0.83557	0.67223 0.91627
0	1.0 1.0	0.76648 0.91627	0.88254 0.91627	0.76648 0.83557
0	1.0 1.0	0.76648 0.83557	0.88254 0.91627	0.88254 0.83557
0	1.0 1.0	0.7598 0.91893	0.63728 0.95992	0.7598 0.95992
0	1.0 1.0	0.7598 0.91893	0.63728 0.91893	0.63728 0.95992
0	1.0 1.0	0.94502 0.83557	0.94502 0.91627	0.97765 0.91627
0	1.0 1.0	0.56289 0.95992	0.56289 0.91893	0.52355 0.95992
0	1.0 1.0	0.99573 0.18322	0.50096 0.18334	0.9952 0.19421
0	1.0 1.0	0.9952 0.19421	0.50123 0.19439	0.96047 0.20898
0	1.0 1.0	0.9952 0.19421	0.50096 0.18334	0.50123 0.19439
0	1.0 1.0	0.95971 0.21526	0.51597 0.34601	0.95045 0.35368
0	1.0 1.0	0.28688 0.99638	0.38938 0.98474	0.28688 0.98474
0	1.0 1.0	0.16707 0.99833	0.16707 0.98586	0.11638 0.99833
0	1.0 1.0	0.96047 0.20898	0.98623 0.32989	0.9952 0.19421
0	1.0 1.0	0.82042 0.98474	0.62349 0.99638	0.82042 0.99638
0	1.0 1.0	0.3074 0.76351	0.38995 0.79731	0.38995 0.76351
0	1.0 1.0	0.95249 0.32812	0.98623 0.32989	0.96047 0.20898
0	1.0 1.0	0.3074 0.79731	0.38995 0.79731	0.3074 0.76351
0	1.0 1.0	0.00163 0.97828	0.09556 0.97828	0.00163 0.96606
0	1.0 1.0	0.00163 0.96606	0.09556 0.97828	0.09556 0.96606
0	1.0 1.0	0.60536 0.98474	0.50408 0.98474	0.60536 0.99638
0	1.0 1.0	0.62349 0.98474	0.62349 0.99638	0.82042 0.98474
0	1.0 1.0	0.60536 0.99638	0.50408 0.98474	0.50408 0.99638
0	1.0 1.0	0.03932 0.21447	0.48003 0.34601	0.49832 0.2105
0	1.0 1.0	0.38938 0.99638	0.38938 0.98474	0.28688 0.99638
0	1.0 1.0	0.39606 0.99638	0.49732 0.98474	0.39606 0.98474
0	1.0 1.0	0.49732 0.99638	0.49732 0.98474	0.39606 0.99638
0	1.0 1.0	0.04522 0.35368	0.48003 0.34601	0.03932 0.21447
0	1.0 1.0	0.17897 0.3754	0.17897 0.48456	0.20595 0.38298
0	1.0 1.0	0.14867 0.3754	0.17897 0.48456	0.17897 0.3754
0	1.0 1.0	0.14867 0.3754	0.14867 0.48456	0.17897 0.48456
0	1.0 1.0	0.1155 0.38432	0.00831 0.53277	0.14867 0.48456
0	1.0 1.0	0.68012 0.65187	0.69449 0.65607	0.61857 0.54433
0	1.0 1.0	0.61857 0.54433	0.69449 0.65607	0.62118 0.52957
0	1.0 1.0	0.61857 0.54433	0.56549 0.65187	0.68012 0.65187
0	1.0 1.0	0.48997 0.75499	0.53259 0.874	0.5521 0.8813
0	1.0 1.0	0.48046 0.76662	0.53259 0.874	0.48997 0.75499
0	1.0 1.0	0.29111 0.72642	0.17976 0.67703	0.28564 0.73006
0	1.0 1.0	0.50059 0.21072	0.51597 0.34601	0.95971 0.21526
0	1.0 1.0	0.28564 0.73006	0.17976 0.67703	0.17982 0.68294
0	1.0 1.0	0.31913 0.63807	0.17893 0.65162	0.32259 0.65162
0	1.0 1.0	0.31913 0.63807	0.18248 0.63807	0.17893 0.65162
0	1.0 1.0	0.00745 0.66191	0.14766 0.65162	0.00417 0.65162
0	1.0 1.0	0.49679 0.18327	0.49763 0.16893	0.00245 0.04787
0	1.0 1.0	0.04043 0.73052	0.14694 0.67705	0.03498 0.72683
0	1.0 1.0	0.04043 0.73052	0.14689 0.68295	0.14694 0.67705
0	1.0 1.0	0.2033 0.83933	0.17163 0.68032	0.19417 0.84448
0	1.0 1.0	0.13148 0.84448	0.15449 0.68032	0.12231 0.83929
0	1.0 1.0	0.17982 0.68294	0.17163 0.68032	0.2033 0.83933
0	1.0 1.0	0.17893 0.65162	0.14766 0.66191	0.17893 0.66191
0	1.0 1.0	0.17893 0.65162	0.14766 0.65162	0.14766 0.66191
0	1.0 1.0	0.17082 0.67423	0.15449 0.68032	0.17163 0.68032
0	1.0 1.0	0.15538 0.67423	0.15449 0.68032	0.17082 0.67423
0	1.0 1.0	0.15449 0.68032	0.14689 0.68295	0.12231 0.83929
0	1.0 1.0	0.46903 0.35476	0.46903 0.74693	0.49785 0.35483
0	1.0 1.0	0.87379 0.95992	0.83444 0.91893	0.83444 0.95992
0	1.0 1.0	0.87379 0.91893	0.83444 0.91893	0.87379 0.95992
0	1.0 1.0	0.25738 0.96606	0.2069 0.96606	0.25738 0.97828
0	1.0 1.0	0.2069 0.96606	0.2069 0.97828	0.25738 0.97828
0	1.0 1.0	0.76648 0.91627	0.76648 0.83557	0.734 0.91627
0	1.0 1.0	0.76648 0.83557	0.734 0.83557	0.734 0.91627
0	1.0 1.0	0.91588 0.91627	0.94502 0.91627	0.91588 0.83557
0	1.0 1.0	0.91588 0.83557	0.94502 0.91627	0.94502 0.83557
0	1.0 1.0	0.63728 0.91893	0.59804 0.95992	0.63728 0.95992
0	1.0 1.0	0.63728 0.91893	0.59804 0.91893	0.59804 0.95992
0	1.0 1.0	0.96047 0.20898	0.50116 0.20416	0.95971 0.21526
0	1.0 1.0	0.71038 0.56238	0.92422 0.56238	0.71899 0.54649
0	1.0 1.0	0.71038 0.56238	0.7625 0.64954	0.92422 0.56238
0	1.0 1.0	0.38995 0.76351	0.39917 0.77269	0.41264 0.76351
0	1.0 1.0	0.38995 0.76351	0.39921 0.78329	0.39917 0.77269
0	1.0 1.0	0.38995 0.79731	0.39921 0.78329	0.38995 0.76351
0	1.0 1.0	0.4357 0.79731	0.39921 0.78329	0.38995 0.79731
0	1.0 1.0	0.39917 0.77269	0.41264 0.77269	0.41264 0.76351
0	1.0 1.0	0.4357 0.78329	0.39921 0.78329	0.4357 0.79731
0	1.0 1.0	0.92422 0.56238	0.91562 0.54649	0.71899 0.54649
0	1.0 1.0	0.00254 0.18327	0.49679 0.18327	0.00245 0.04787
0	1.0 1.0	0.99553 0.65441	0.56324 0.70076	0.99552 0.66607
0	1.0 1.0	0.76797 0.65335	0.87454 0.64954	0.7625 0.64954
0	1.0 1.0	0.7625 0.64954	0.87454 0.64954	0.92422 0.56238
0	1.0 1.0	0.86907 0.65335	0.87454 0.64954	0.76797 0.65335
0	1.0 1.0	0.99552 0.82101	0.56371 0.78397	0.99555 0.83277
0	1.0 1.0	0.46903 0.74693	0.49767 0.74713	0.49785 0.35483
0	1.0 1.0	0.58005 0.00566	0.50026 0.1699	0.99534 0.03486
0	1.0 1.0	0.20595 0.38298	0.17897 0.48456	0.21216 0.38503
0	1.0 1.0	0.1155 0.38432	0.14867 0.48456	0.12173 0.38231
0	1.0 1.0	0.17893 0.49532	0.17893 0.63817	0.19561 0.52795
0	1.0 1.0	0.08183 0.50977	0.00731 0.63807	0.08052 0.54682
0	1.0 1.0	0.24604 0.54709	0.31913 0.63807	0.24473 0.51004
0	1.0 1.0	0.19561 0.52795	0.17893 0.63817	0.19604 0.6101
0	1.0 1.0	0.28889 0.62087	0.31913 0.63807	0.24604 0.54709
0	1.0 1.0	0.28889 0.62087	0.18243 0.63807	0.31913 0.63807
0	1.0 1.0	0.08052 0.54682	0.00731 0.63807	0.03764 0.62089
0	1.0 1.0	0.13028 0.52886	0.14766 0.63817	0.14766 0.49532
0	1.0 1.0	0.41796 0.874	0.53259 0.874	0.48046 0.76662
0	1.0 1.0	0.03764 0.62089	0.14463 0.63807	0.11662 0.62089
0	1.0 1.0	0.50116 0.20416	0.50059 0.21072	0.95971 0.21526
0	1.0 1.0	0.00731 0.63807	0.14463 0.63807	0.03764 0.62089
0	1.0 1.0	0.56324 0.70076	0.56315 0.71097	0.99552 0.66607
0	1.0 1.0	0.19417 0.84448	0.15449 0.68032	0.13148 0.84448
0	1.0 1.0	0.56315 0.77366	0.56371 0.78397	0.99552 0.82101
0	1.0 1.0	0.20982 0.62094	0.18243 0.63807	0.28889 0.62087
0	1.0 1.0	0.13041 0.611	0.14766 0.63817	0.13028 0.52886
0	1.0 1.0	0.17163 0.68032	0.15449 0.68032	0.19417 0.84448
0	1.0 1.0	0.17893 0.63817	0.14766 0.65162	0.17893 0.65162
0	1.0 1.0	0.14766 0.63817	0.14766 0.65162	0.17893 0.63817
0	1.0 1.0	0.21896 0.85382	0.19074 0.88437	0.36901 0.85382
0	1.0 1.0	0.02982 0.86413	0.00305 0.89298	0.04077 0.87677
0	1.0 1.0	0.04077 0.87677	0.1542 0.86413	0.02982 0.86413
0	1.0 1.0	0.14392 0.87677	0.1542 0.86413	0.04077 0.87677
0	1.0 1.0	0.14392 0.87677	0.16341 0.89777	0.1542 0.86413
0	1.0 1.0	0.00305 0.89298	0.02128 0.89777	0.04077 0.87677
0	1.0 1.0	0.00305 0.92861	0.02128 0.89777	0.00305 0.89298
0	1.0 1.0	0.00305 0.92861	0.02128 0.92342	0.02128 0.89777
0	1.0 1.0	0.03049 0.95748	0.02128 0.92342	0.00305 0.92861
0	1.0 1.0	0.03049 0.95748	0.04131 0.94449	0.02128 0.92342
0	1.0 1.0	0.03049 0.95748	0.15353 0.95748	0.04131 0.94449
0	1.0 1.0	0.04131 0.94449	0.15353 0.95748	0.14339 0.94449
0	1.0 1.0	0.21975 0.95244	0.36823 0.95244	0.19074 0.92167
0	1.0 1.0	0.19074 0.88437	0.39748 0.88437	0.36901 0.85382
0	1.0 1.0	0.19074 0.88437	0.39748 0.92167	0.39748 0.88437
0	1.0 1.0	0.19074 0.92167	0.39748 0.92167	0.19074 0.88437
0	1.0 1.0	0.19074 0.92167	0.36823 0.95244	0.39748 0.92167
0	1.0 1.0	0.16341 0.92342	0.18097 0.89298	0.16341 0.89777
0	1.0 1.0	0.16341 0.92342	0.18097 0.92861	0.18097 0.89298
0	1.0 1.0	0.16341 0.89777	0.18097 0.89298	0.1542 0.86413
0	1.0 1.0	0.14339 0.94449	0.18097 0.92861	0.16341 0.92342
0	1.0 1.0	0.15353 0.95748	0.18097 0.92861	0.14339 0.94449
0	1.0 1.0	0.16707 0.99833	0.26256 0.99833	0.16707 0.98586
0	1.0 1.0	0.16707 0.98586	0.26256 0.99833	0.26256 0.98586
0	1.0 1.0	0.3074 0.84296	0.38995 0.84296	0.3074 0.79731
0	1.0 1.0	0.3074 0.79731	0.38995 0.84296	0.38995 0.79731
0	1.0 1.0	0.04444 0.32989	0.03886 0.2079	0.01071 0.33166
0	1.0 1.0	0.03886 0.2079	0.00345 0.19331	0.01071 0.33166
0	1.0 1.0	0.03886 0.2079	0.49736 0.19415	0.00345 0.19331
0	1.0 1.0	0.03886 0.2079	0.49786 0.20392	0.49736 0.19415
0	1.0 1.0	0.68012 0.65187	0.56549 0.65187	0.68545 0.66535
0	1.0 1.0	0.47902 0.75246	0.40352 0.87765	0.48046 0.76662
0	1.0 1.0	0.48046 0.76662	0.40352 0.87765	0.41796 0.874
0	1.0 1.0	0.31906 0.66191	0.18157 0.66191	0.31213 0.6688
0	1.0 1.0	0.31213 0.6688	0.18157 0.66191	0.19024 0.67125
0	1.0 1.0	0.01429 0.66822	0.14558 0.66191	0.00745 0.66191
0	1.0 1.0	0.56549 0.65187	0.55012 0.66535	0.68545 0.66535
0	1.0 1.0	0.17893 0.66191	0.17074 0.66983	0.17893 0.67448
0	1.0 1.0	0.17893 0.66191	0.14766 0.66191	0.17074 0.66983
0	1.0 1.0	0.17074 0.66983	0.14766 0.66191	0.1553 0.66983
0	1.0 1.0	0.1553 0.66983	0.14766 0.66191	0.14766 0.6745
0	1.0 1.0	0.13681 0.67126	0.14558 0.66191	0.01429 0.66822
0	1.0 1.0	0.14558 0.66191	0.14766 0.65162	0.00745 0.66191
0	1.0 1.0	0.64729 0.42672	0.68363 0.39094	0.63634 0.39094
0	1.0 1.0	0.64729 0.42672	0.63634 0.52393	0.64729 0.48864
0	1.0 1.0	0.63634 0.39094	0.68363 0.39094	0.641 0.37846
0	1.0 1.0	0.63634 0.39094	0.63634 0.52393	0.64729 0.42672
0	1.0 1.0	0.65026 0.42701	0.72903 0.43641	0.68551 0.39229
0	1.0 1.0	0.64565 0.37386	0.99361 0.37846	0.98896 0.37386
0	1.0 1.0	0.68551 0.39229	0.72903 0.43641	0.75496 0.40875
0	1.0 1.0	0.641 0.37846	0.99361 0.37846	0.64565 0.37386
0	1.0 1.0	0.68363 0.39094	0.99361 0.37846	0.641 0.37846
0	1.0 1.0	0.77951 0.37398	0.83203 0.35743	0.80173 0.35743
0	1.0 1.0	0.77951 0.37398	0.85424 0.37398	0.83203 0.35743
0	1.0 1.0	0.75496 0.40875	0.87954 0.40875	0.68551 0.39229
0	1.0 1.0	0.87954 0.40875	0.94899 0.39229	0.68551 0.39229
0	1.0 1.0	0.87954 0.40875	0.90547 0.43641	0.94899 0.39229
0	1.0 1.0	0.95098 0.39094	0.99361 0.37846	0.68363 0.39094
0	1.0 1.0	0.95098 0.39094	0.99826 0.39094	0.99361 0.37846
0	1.0 1.0	0.95098 0.39094	0.98731 0.42672	0.99826 0.39094
0	1.0 1.0	0.94899 0.39229	0.90547 0.43641	0.98424 0.42701
0	1.0 1.0	0.98731 0.42672	0.99826 0.52393	0.99826 0.39094
0	1.0 1.0	0.65026 0.48708	0.72903 0.47056	0.65026 0.42701
0	1.0 1.0	0.65026 0.48708	0.68551 0.52133	0.72903 0.47056
0	1.0 1.0	0.72903 0.47056	0.72903 0.43641	0.65026 0.42701
0	1.0 1.0	0.72903 0.47056	0.68551 0.52133	0.7556 0.49823
0	1.0 1.0	0.7556 0.49823	0.94899 0.52133	0.87889 0.49823
0	1.0 1.0	0.87889 0.49823	0.94899 0.52133	0.90547 0.47056
0	1.0 1.0	0.90547 0.43641	0.90547 0.47056	0.98424 0.42701
0	1.0 1.0	0.90547 0.47056	0.98424 0.48708	0.98424 0.42701
0	1.0 1.0	0.90547 0.47056	0.94899 0.52133	0.98424 0.48708
0	1.0 1.0	0.98731 0.48864	0.99826 0.52393	0.98731 0.42672
0	1.0 1.0	0.98731 0.48864	0.95098 0.52393	0.99826 0.52393
0	1.0 1.0	0.63634 0.52393	0.68363 0.52393	0.64729 0.48864
0	1.0 1.0	0.641 0.53367	0.68363 0.52393	0.63634 0.52393
0	1.0 1.0	0.641 0.53367	0.77897 0.53367	0.68363 0.52393
0	1.0 1.0	0.70222 0.54649	0.65985 0.53467	0.66451 0.53827
0	1.0 1.0	0.70222 0.54649	0.71899 0.54649	0.65985 0.53467
0	1.0 1.0	0.66451 0.53827	0.70928 0.56238	0.70222 0.54649
0	1.0 1.0	0.66451 0.53827	0.73187 0.65508	0.70928 0.56238
0	1.0 1.0	0.70928 0.56238	0.71798 0.54649	0.70222 0.54649
0	1.0 1.0	0.68363 0.52393	0.77897 0.53367	0.77897 0.52393
0	1.0 1.0	0.68551 0.52133	0.94899 0.52133	0.7556 0.49823
0	1.0 1.0	0.71899 0.54649	0.77897 0.53467	0.65985 0.53467
0	1.0 1.0	0.71899 0.54649	0.77897 0.54649	0.77897 0.53467
0	1.0 1.0	0.85528 0.54649	0.91562 0.54649	0.85528 0.53467
0	1.0 1.0	0.85528 0.53367	0.95098 0.52393	0.85528 0.52393
0	1.0 1.0	0.85528 0.53367	0.99361 0.53367	0.95098 0.52393
0	1.0 1.0	0.92527 0.56238	0.93239 0.54649	0.91657 0.54649
0	1.0 1.0	0.92527 0.56238	0.9701 0.53827	0.93239 0.54649
0	1.0 1.0	0.92527 0.56238	0.90517 0.65508	0.9701 0.53827
0	1.0 1.0	0.91562 0.54649	0.97475 0.53467	0.85528 0.53467
0	1.0 1.0	0.93239 0.54649	0.97475 0.53467	0.91562 0.54649
0	1.0 1.0	0.9701 0.53827	0.97475 0.53467	0.93239 0.54649
0	1.0 1.0	0.95098 0.52393	0.99361 0.53367	0.99826 0.52393
0	1.0 1.0	0.73187 0.65508	0.76093 0.64954	0.70928 0.56238
0	1.0 1.0	0.73187 0.65508	0.74117 0.66157	0.76093 0.64954
0	1.0 1.0	0.76093 0.64954	0.74117 0.66157	0.76645 0.6541
0	1.0 1.0	0.74117 0.66157	0.87081 0.6541	0.76645 0.6541
0	1.0 1.0	0.74117 0.66157	0.89587 0.66157	0.87081 0.6541
0	1.0 1.0	0.89587 0.66157	0.87633 0.64954	0.87081 0.6541
0	1.0 1.0	0.89587 0.66157	0.90517 0.65508	0.87633 0.64954
0	1.0 1.0	0.87633 0.64954	0.90517 0.65508	0.92527 0.56238

NAMES 1
Hull

NORMALS
1 0 0
1 0 0
1 0 0
-0.91808 0.3388 0.20576
-0.91808 0.3388 0.20576
-0.91808 0.33881 0.20576
0 -1 0
0 -1 0
0 -1 0
-0.91809 0.33878 0.20576
0 -1 0
0 1 0
0 1 0
0 1 0
0 1 0
0 1 0
0 1 0
0 -1 0
0 -1 0
0 -1 0
0 1 0
0 1 0
0 1 0
0 1 0
0 -1 0
0 1 0
0 1 0
0 1 0
0 1 0
0.75336 0.60468 0.25848
0.75336 0.60468 0.25848
0.75336 0.60468 0.25848
1 0 0
-0.72485 -0.68891 0
-0.72485 -0.68891 0
-0.72485 -0.68891 0
-0.72485 -0.68891 0
1 0 0
1 0 0
1 0 0
1 0 0
-0.72485 0.68891 0
-0.72485 0.68891 0
-0.72485 0.68891 0
-0.72485 0.68891 0
1 0 0
1 0 0
1 0 0
1 0 0
-0.70058 0.71358 0
-0.70058 0.71358 0
-0.70058 0.71358 0
0.88134 -0.47248 0
0.88134 -0.47248 0
0.88134 -0.47248 0
0.88134 -0.47248 0
-0.94868 0.31623 0
-0.70711 0.70711 0
-1 0 0
0 1 0
-1 0 0
-1 0 0
-1 0 0
-1 0 0
-1 0 0
0 1 0
-0.88134 -0.47248 0
-0.88134 -0.47248 0
-0.88134 -0.47248 0
-0.88134 -0.47248 0
0.70494 -0.70491 0.0785
0.70494 -0.70491 0.0785
0.70495 -0.7049 0.0785
-0.70058 0.71358 0
0.89851 -0.42485 0.11039
0.89851 -0.42485 0.11039
0.89852 -0.42483 0.11039
0.57651 0.81709 0
0.57651 0.81709 0
0.57651 0.81709 0
0.57651 0.81709 0
0 -1 0
0 -1 0
0 -1 0
-0.57651 0.81709 0
-0.57651 0.81709 0
-0.57651 0.81709 0
-0.57651 0.81709 0
0.55735 0.74835 0.35963
0.55735 0.74835 0.35963
0.55735 0.74835 0.35963
-0.68369 0.63725 0.35565
-0.68369 0.63725 0.35565
-0.68369 0.63725 0.35565
0 0.65022 0.75974
0 0.65022 0.75974
0 0.65022 0.75974
0 0.65022 0.75974
-0.98676 0.10735 0.12161
-0.98676 0.10735 0.12161
-0.99008 0.09506 0.10345
-0.98294 0.11958 0.13972
0.10466 0.98757 0.1173
0.10466 0.98757 0.1173
0.11676 0.98411 0.13379
0 -1 0
0 -1 0
0 -1 0
-0.59643 -0.45497 0.66127
-0.59643 -0.45497 0.66127
-0.59643 -0.45497 0.66127
-0.64803 -0.30644 0.69724
-0.65541 -0.27859 0.70202
-0.65541 -0.27859 0.70202
0.8985 -0.42487 0.11039
0.65753 0.24266 0.71329
0.65513 0.25252 0.71207
0.65513 0.25252 0.71207
0.70493 -0.70493 0.0785
0.65265 0.26236 0.71078
0 -1 0
0.59345 -0.45407 0.66456
0.59345 -0.45407 0.66456
0.59345 -0.45407 0.66456
0.09252 0.9906 0.10076
-0.44415 -0.55033 0.70701
-0.43714 -0.53663 0.72176
-0.43714 -0.53663 0.72176
-0.66223 -0.2505 0.70619
-0.42993 -0.52269 0.73618
0.45787 -0.53234 0.71202
0.45787 -0.53234 0.71202
0.45142 -0.52042 0.72483
0.46416 -0.54406 0.69897
-0.99254 0 0.12194
-0.95007 -0.28939 0.11672
-0.96875 -0.21763 0.11902
0.70542 -0.70879 0
0.70542 -0.70879 0
0.70542 -0.70879 0
-0.68722 0.68712 0.23579
-0.68719 0.68715 0.23578
-0.68719 0.68715 0.23578
0.70542 -0.70879 0
-0.68717 0.68717 0.23577
0.7331 -0.68013 0
0.7331 -0.68013 0
0.7331 -0.68013 0
0.59732 0.80201 0
0.59732 0.80201 0
0.59732 0.80201 0
0.59732 0.80201 0
-0.7331 -0.68013 0
-0.7331 -0.68013 0
-0.7331 -0.68013 0
0.73309 0.68013 0
0.73309 0.68013 0
0.73309 0.68013 0
-1 0 0
-1 0 0
-1 0 0
0.68719 0.68715 0.23578
0.68719 0.68715 0.23578
0.68722 0.68712 0.23579
0.68717 0.68717 0.23577
0.91808 0.3388 0.20576
0.91808 0.3388 0.20576
0.91809 0.33878 0.20576
-1 0 0
0.70058 0.71358 0
0.70058 0.71358 0
0.70058 0.71358 0
-1 0 0
-1 0 0
-1 0 0
-1 0 0
0.7331 -0.68013 0
0 1 0
0 1 0
0 1 0
0 1 0
0 -1 0
0 -1 0
0 -1 0
0 -1 0
-0.7331 -0.68013 0
0.73309 0.68013 0
-0.53226 -0.84405 0.06539
-0.53225 -0.84406 0.06539
-0.86763 -0.48811 0.09471
-0.86763 -0.48811 0.09471
-0.86481 -0.4935 0.09249
0.86061 0.50926 0
0.86061 0.50926 0
0.86061 0.50926 0
0.70058 0.71358 0
0 -1 0
0 -1 0
0 -1 0
0 -1 0
0 0 -1
0 0 -1
0 0 -1
0 -1 0
0 0 -1
0 1 0
0 1 0
0 1 0
0 1 0
-0.871 0.49128 0
-0.871 0.49128 0
-0.871 0.49128 0
0 -1 0
-0.871 0.49128 0
0.8712 -0.48113 0.09756
0.8712 -0.48113 0.09756
0.87041 -0.4827 0.09692
0.86061 0.50926 0
0 1 0
0 1 0
0 1 0
0 1 0
0.87199 -0.47957 0.0982
-0.29131 0.86223 0.41436
-0.19321 0.88434 0.42498
-0.55735 0.74835 0.35963
0 0.90132 0.43315
0 0.90132 0.43315
0.68369 0.63725 0.35565
0.68369 0.63725 0.35565
0.68369 0.63725 0.35565
-0.08222 0.07664 0.99366
0.45587 -0.42491 0.78207
0.15188 -0.14156 0.97821
0.45587 -0.42491 0.78207
-0.57215 0.53328 0.6231
0.98676 0.10735 0.12161
0.98676 0.10735 0.12161
0.98294 0.11958 0.13972
0.99008 0.09506 0.10345
-0.55498 -0.55498 0.61967
-0.56772 -0.52798 0.63161
-0.56772 -0.52798 0.63161
-0.87041 -0.4827 0.09692
-0.57987 -0.50043 0.64291
-0.65809 0.25254 0.70932
-0.65809 0.25254 0.70932
-0.66027 0.24367 0.71041
-0.65587 0.2614 0.70817
0.64544 -0.30521 0.70018
0.64544 -0.30521 0.70018
0.64544 -0.30521 0.70018
0.91808 0.33881 0.20576
0.56474 -0.52776 0.63445
0.56474 -0.52776 0.63445
0.55295 -0.55295 0.62328
0.57602 -0.5021 0.64505
-0.45447 -0.53003 0.71591
-0.45447 -0.53003 0.71591
-0.45851 -0.528 0.71483
0.45789 -0.52721 0.71581
0.46528 -0.52345 0.7138
0.46528 -0.52345 0.7138
-0.45041 -0.53204 0.71698
0 -0.33431 0.94246
0 -0.33431 0.94246
0 -0.33431 0.94246
0 -0.33431 0.94246
0 -0.63581 0.77184
0 -0.63581 0.77184
0 -0.63581 0.77184
0 -0.63581 0.77184
0.47264 -0.51965 0.71174
-0.59732 0.80201 0
-0.59732 0.80201 0
-0.59732 0.80201 0
-0.73309 0.68013 0
-0.73309 0.68013 0
-0.73309 0.68013 0
-0.73309 0.68013 0
-0.70542 -0.70879 0
-0.70542 -0.70879 0
-0.70542 -0.70879 0
-0.70542 -0.70879 0
0.72485 0.68891 0
0.72485 0.68891 0
0.72485 0.68891 0
0.72485 0.68891 0
-1 0 0
-1 0 0
-1 0 0
-1 0 0
0.72485 -0.68891 0
0.72485 -0.68891 0
0.72485 -0.68891 0
0.72485 -0.68891 0
-0.70495 -0.7049 0.0785
-0.70494 -0.70491 0.0785
-0.70494 -0.70491 0.0785
0 0 -1
0 0 -1
0 0 -1
0 0 -1
1 0 0
1 0 0
1 0 0
1 0 0
1 0 0
1 0 0
1 0 0
1 0 0
0 0 -1
0.99254 0 0.12194
0.99254 0 0.12194
0.99254 0 0.12194
-0.5754 -0.81555 0.06154
-0.60545 -0.79333 0.06377
-0.60545 -0.79333 0.06377
0 0 -1
0 0 -1
0 0 -1
0.60535 -0.79312 0.06718
0.60535 -0.79312 0.06718
0.57528 -0.81538 0.06478
-0.59732 0.80201 0
-0.75336 0.60468 0.25848
-0.75336 0.60468 0.25848
-0.75336 0.60468 0.25848
-0.66087 0.66087 0.35567
-0.66087 0.66087 0.35567
-0.66087 0.66087 0.35567
0.66087 0.66087 0.35567
0.66087 0.66087 0.35567
0.66087 0.66087 0.35567
-0.57482 0.53339 0.62054
-0.57709 0.53777 0.61463
-0.57951 0.53057 0.61859
0.57214 0.53329 0.6231
0.57215 0.53328 0.6231
0.57215 0.53328 0.6231
-0.57228 0.53505 0.62147
-0.57916 0.5395 0.61116
-0.5689 0.54285 0.61779
0.57215 0.53328 0.6231
0.57215 0.53328 0.6231
0.57215 0.53328 0.6231
0.57215 0.53328 0.6231
0.57215 0.53328 0.6231
0.57215 0.53328 0.6231
-0.70493 -0.70493 0.0785
-0.63465 -0.76999 0.06591
0 -0.64962 0.76026
0 -0.64962 0.76026
0 -0.64962 0.76026
0.63457 -0.76974 0.06949
0 -0.64962 0.76026
0 0.34628 0.93813
0 0.34628 0.93813
0 0.34628 0.93813
0 0.34628 0.93813
0 0 -1
0 0 -1
0 0 -1
0 0 -1
0 0 -1
0 0 -1
0 0 -1
0 0 -1
0 0 -1
0 0 -1
0 0 -1
0 0 -1
0 0 -1
0 0 -1
0 0 -1
0 0 -1
0 0 -1
0 0 -1
0 0 -1
0 0 -1
0 0 -1
0 0 -1
0 0 -1
0 0 -1
0 1 0
0 1 0
0 1 0
0 1 0
0 -0.99998 -0.00569
0 -0.99998 -0.00569
0 -0.99998 -0.00569
0 -0.99998 -0.00569
0 -1 0
0 -1 0
0 -1 0
0 -1 0
0.19427 -0.95844 0.20895
0 -1 0
-0.11676 0.98411 0.13379
-0.10466 0.98757 0.1173
-0.10466 0.98757 0.1173
-0.45587 -0.42491 0.78207
-0.45587 -0.42491 0.78207
-0.45587 -0.42491 0.78207
-0.45588 -0.42491 0.78207
0 -1 0
0 -1 0
0.12342 -0.98344 0.13274
-0.09252 0.9906 0.10076
0 -1 0
0 -1 0
0 -1 0
0.65903 -0.25144 0.70884
0 0 -1
0 0 -1
0 0 -1
0 0 -1
0 0 -1
0 0 -1
0 0 -1
0 0 -1
0 0 -1
0 0 -1
0 0 -1
0 0 -1
0 0 -1
0 0 -1
0 0 -1
0 0 -1
0 0 -1
0 0 -1
0 0 -1
0 0 -1
0 0 -1
0 0 -1
0 0 -1
0 0 -1
0 0 -1
0 0 -1
0 0 -1
0 0 -1
0 0 -1
0 0 -1
0 0 -1
0 0 -1
0 0 -1
0 0 -1
0 0 -1
0 0 -1
0 0 -1
0 0 -1
0 0 -1
0 0 -1
0 0 -1
0 0 -1
0 0 -1
0 0 -1
0 0 -1
0 0 -1
0 0 -1
0 0 -1
0 0 -1
0 0 -1
0 0 -1
0 0 -1
0 0 -1
0 0 -1
0 0 -1
0 0 -1
0 0 -1
0 0 -1
0 0 -1
0 0 -1
0 0 -1
0 0 -1
0 0 -1
0 0 -1

END
