// Converted by Obj2DatTexNorm.py Wavefront OBJ file conversion script
// (c) 2005-2013 By Giles Williams and Jens Ayton
// 
// original file: "Hard.obj"
// 
// model size: 4.274 x 4.274 x 18.734
// 
// materials used: ['Hull']
// 
NVERTS 491
NFACES 358

VERTEX
2.1372 1.87855 -9.28168
1.02084 1.27806 -1.7954
1.87927 2.13649 -9.28168
2.03691 -0.21694 -0.486
1.62556 -0.21694 -0.486
1.74189 -0.21694 0.62254
1.98177 -1.72455 -9.69881
0.37938 -0.63803 -9.69881
1.72383 -1.98249 -9.69881
1.87855 -2.1372 -9.28168
1.27805 -1.02084 -1.7954
2.13648 -1.87927 -9.28168
1.02012 -1.27877 -1.7954
1.62556 -0.21694 0.72519
1.74189 0.21694 0.62254
1.62556 0.21694 -0.486
2.03691 0.21694 -0.486
1.72456 1.98177 -9.69881
0.63803 0.37938 -9.69881
1.98249 1.72384 -9.69881
0.38009 0.63731 -9.69881
1.62556 0.21694 0.72519
1.62556 0.36209 -4.69949
1.43104 -0.20647 -5.08854
1.62556 -0.36209 -4.69949
1.43104 0.20647 -5.08854
1.62556 0.36209 -9.41845
0.77122 0.51257 -9.41845
1.43104 0.20647 -9.41845
1.62556 0.67334 -9.41845
1.43104 0.20646 -9.14647
1.18092 -0.10286 -9.14647
1.43104 -0.20646 -9.14647
1.18092 0.10286 -9.14647
1.18093 0.10286 -9.41845
1.27877 1.02012 -1.7954
1.27877 1.02012 -9.41845
1.18093 -0.10286 -9.14647
1.18093 0.10286 -8.36243
1.18093 -0.10286 -8.36243
1.18093 0.10286 -9.14647
1.18093 0.10286 -8.36243
0.10286 1.18092 -9.41845
0.10286 1.18092 -8.36243
1.18093 0.10286 -9.41845
0.67333 1.62556 -9.41845
0.51329 0.7705 -9.41845
1.02084 1.27806 -9.41845
0.36208 1.62556 -9.41845
0.63731 -0.3801 -9.69881
0.20646 1.43104 -9.41845
0.21693 -1.7419 0.62254
-0.21693 -1.7419 0.62254
0.21693 -1.62556 0.72519
0.21693 -1.62556 -0.486
-0.21693 -2.03691 -0.486
0.21693 -2.03691 -0.486
-0.21693 -1.62556 -0.486
0.21693 1.62556 0.72519
0.21693 1.7419 0.62254
0.21693 1.62556 -0.486
0.21693 2.03691 -0.486
0.20646 -1.43104 -9.14647
-0.20646 -1.43104 -5.08854
0.20646 -1.43104 -5.08854
-0.20646 -1.43104 -9.14647
0.20646 1.43104 -5.08854
-0.20646 1.43104 -9.14647
0.20646 1.43104 -9.14647
0.10286 1.18092 -9.41845
0.10286 -1.18092 -8.36243
-0.10286 -1.18092 -9.14647
0.10286 -1.18092 -9.14647
0.10286 1.18092 -9.14647
-0.10286 1.18092 -8.36243
0.10286 1.18092 -8.36243
-0.10286 1.18092 -9.14647
-0.10286 -1.18092 -8.36243
-0.10286 1.18092 -9.41845
-1.18093 0.10286 -9.41845
-0.10286 1.18092 -8.36243
-0.20646 -1.43104 -9.41845
-0.51329 -0.7705 -9.41845
-0.36208 -1.62556 -9.41845
-0.10286 -1.18092 -9.41845
-0.20646 1.43104 -5.08854
-0.20646 1.43104 -9.41845
-0.51257 0.77122 -9.41845
-0.10286 1.18092 -9.41845
-0.21693 -1.62556 0.72519
-0.21693 1.62556 -0.486
-0.21693 1.7419 0.62254
-0.21693 1.62556 0.72519
-0.21693 2.03691 -0.486
-0.36208 1.62556 -9.41845
-0.67333 1.62556 -9.41845
-0.37937 0.63803 -9.69881
-1.98177 1.72455 -9.69881
-0.6373 0.3801 -9.69881
-0.67333 -1.62556 -9.41845
-1.02084 -1.27806 -9.41845
-0.63803 -0.37937 -9.69881
-1.72456 -1.98177 -9.69881
-0.3801 -0.6373 -9.69881
-1.98249 -1.72384 -9.69881
-1.02012 1.27878 -9.41845
-0.7705 0.51328 -9.41845
-1.43104 0.20647 -9.41845
-1.18093 0.10286 -9.41845
-1.62557 0.36209 -9.41845
-1.62557 0.67334 -9.41845
-0.77122 -0.51257 -9.41845
-1.62557 -0.67334 -9.41845
-1.27878 -1.02012 -9.41845
-1.62557 -0.36209 -9.41845
-1.02084 -1.27806 -1.7954
-2.1372 -1.87855 -9.28168
-1.27878 -1.02012 -1.7954
-1.18092 0.10286 -9.14647
-1.43104 -0.20646 -9.14647
-1.18092 -0.10286 -9.14647
-1.43104 0.20646 -9.14647
-1.18093 -0.10286 -8.36243
-1.18093 0.10286 -8.36243
-1.18093 -0.10286 -9.14647
-1.18093 -0.10286 -8.36243
-0.10286 -1.18092 -9.41845
-0.10286 -1.18092 -8.36243
-1.18093 -0.10286 -9.41845
-1.43104 -0.20647 -9.41845
-1.18093 -0.10286 -9.41845
-1.18093 0.10286 -9.14647
-1.27806 1.02084 -1.7954
-1.87855 2.1372 -9.28168
-1.02012 1.27878 -1.7954
-2.13649 1.87928 -9.28168
-1.27806 1.02084 -9.41845
-1.43104 -0.20647 -5.08854
-1.62557 0.36209 -4.69949
-1.62557 -0.36209 -4.69949
-1.43104 0.20647 -5.08854
-1.62557 -0.21694 0.72519
-1.74189 -0.21694 0.62254
-1.62557 0.21694 0.72519
-1.62557 0.21694 -0.486
-2.03691 -0.21694 -0.486
-1.62557 -0.21694 -0.486
-2.03691 0.21694 -0.486
-1.72383 1.98249 -9.69881
-1.74189 0.21694 0.62254
-1.87927 -2.13648 -9.28168
2.1372 1.87855 -9.28168
1.87927 2.13649 -9.28168
1.98249 1.72384 -9.69881
2.13648 -1.87927 -9.28168
1.72383 -1.98249 -9.69881
1.87855 -2.1372 -9.28168
2.03691 -0.21694 -0.486
1.62556 0.21694 -0.486
1.62556 -0.21694 -0.486
2.03691 0.21694 -0.486
1.98177 -1.72455 -9.69881
1.72456 1.98177 -9.69881
1.74189 -0.21694 0.62254
1.62556 0.21694 0.72519
1.74189 0.21694 0.62254
1.62556 -0.67334 -9.41845
0.7705 -0.51328 -9.41845
1.27805 -1.02084 -9.41845
1.62556 -0.36209 -9.41845
1.62556 -0.21694 0.72519
1.43104 -0.20647 -5.08854
1.43104 0.20646 -9.14647
1.43104 -0.20646 -9.14647
1.43104 0.20647 -5.08854
1.43104 -0.20647 -9.41845
1.18093 -0.10286 -8.36243
0.10286 -1.18092 -8.36243
1.18093 -0.10286 -9.41845
1.18093 -0.10286 -9.41845
1.02012 -1.27877 -9.41845
0.51257 -0.77122 -9.41845
0.67333 -1.62556 -9.41845
0.63803 0.37938 -8.36243
0.38009 0.63731 -9.69881
0.38009 0.63731 -8.36243
0.63803 0.37938 -9.69881
0.63731 -0.3801 -8.36243
0.37938 -0.63803 -8.36243
0.63731 -0.3801 -9.69881
0.36208 -1.62556 -9.41845
0.20646 -1.43104 -9.41845
0.10286 -1.18092 -9.41845
0.37938 -0.63803 -9.69881
0.21693 -2.03691 -0.486
-0.21693 -1.7419 0.62254
0.21693 -1.7419 0.62254
0.21693 1.62556 0.72519
-0.21693 1.7419 0.62254
0.21693 1.7419 0.62254
0.21693 1.62556 -0.486
-0.21693 2.03691 -0.486
-0.21693 1.62556 -0.486
0.21693 2.03691 -0.486
0.20646 -1.43104 -5.08854
-0.20646 -1.43104 -5.08854
0.36208 -1.62556 -4.69949
0.20646 1.43104 -9.14647
-0.20646 1.43104 -9.14647
0.10286 1.18092 -9.14647
0.10286 -1.18092 -9.41845
0.10286 -1.18092 -9.14647
-0.10286 -1.18092 -9.14647
0.20646 -1.43104 -9.14647
-0.10286 1.18092 -9.14647
-0.20646 -1.43104 -9.14647
-1.18093 0.10286 -8.36243
-0.36208 -1.62556 -4.69949
-0.21693 -2.03691 -0.486
-0.21693 1.62556 0.72519
-0.37937 0.63803 -8.36243
-0.51257 0.77122 -9.41845
-0.37937 0.63803 -9.69881
-1.87855 2.1372 -9.28168
-1.72383 1.98249 -9.69881
-0.3801 -0.6373 -8.36243
-0.63803 -0.37937 -8.36243
-0.3801 -0.6373 -9.69881
-0.51257 0.77122 -8.36243
-1.02012 1.27878 -9.41845
-0.6373 0.3801 -8.36243
-0.7705 0.51328 -9.41845
-0.7705 0.51328 -8.36243
-0.6373 0.3801 -9.69881
-1.27806 1.02084 -9.41845
-2.13649 1.87928 -9.28168
-0.63803 -0.37937 -9.69881
-1.02012 1.27878 -1.7954
-1.27806 1.02084 -1.7954
-1.43104 -0.20646 -9.14647
-1.43104 0.20646 -9.14647
-1.43104 -0.20647 -5.08854
-1.43104 0.20647 -5.08854
-1.72456 -1.98177 -9.69881
-1.98249 -1.72384 -9.69881
-1.87927 -2.13648 -9.28168
-1.74189 -0.21694 0.62254
-2.03691 0.21694 -0.486
-1.74189 0.21694 0.62254
-1.98177 1.72455 -9.69881
-2.1372 -1.87855 -9.28168
-2.03691 -0.21694 -0.486
2.1372 1.87855 -9.28168
1.27877 1.02012 -9.41845
1.27877 1.02012 -1.7954
0.63803 0.37938 -9.69881
2.13648 -1.87927 -9.28168
0.63731 -0.3801 -9.69881
1.98177 -1.72455 -9.69881
2.03691 -0.21694 -0.486
1.74189 -0.21694 0.62254
2.03691 0.21694 -0.486
1.98249 1.72384 -9.69881
1.87927 2.13649 -9.28168
0.38009 0.63731 -9.69881
1.72456 1.98177 -9.69881
1.87855 -2.1372 -9.28168
1.02012 -1.27877 -9.41845
1.02012 -1.27877 -1.7954
0.37938 -0.63803 -9.69881
1.74189 0.21694 0.62254
1.72383 -1.98249 -9.69881
1.62556 -0.36209 -4.69949
1.43104 -0.20647 -5.08854
1.62556 -0.36208 -9.41845
1.62556 0.36208 -9.41845
1.43104 0.20647 -5.08854
1.62556 0.36209 -4.69949
1.43104 -0.20646 -9.41845
1.43104 -0.20646 -9.14647
1.18092 -0.10286 -9.14647
1.43104 0.20646 -9.14647
1.18092 0.10286 -9.41845
1.18092 0.10286 -9.14647
1.43104 0.20646 -9.41845
0.77122 0.51257 -9.41845
1.27805 -1.02084 -1.7954
1.27805 -1.02084 -9.41845
1.18093 -0.10286 -8.36243
-0.10286 -1.18092 -8.36243
0.10286 -1.18092 -8.36243
-1.18093 -0.10286 -8.36243
1.18093 0.10286 -8.36243
-1.18093 0.10286 -8.36243
1.18092 -0.10286 -9.41845
1.02084 1.27806 -1.7954
1.02084 1.27806 -9.41845
0.51257 -0.77122 -9.41845
0.63803 0.37938 -8.36243
0.77122 0.51257 -8.36243
0.7705 -0.51328 -8.36243
0.63731 -0.3801 -8.36243
0.7705 -0.51328 -9.41845
0.51329 0.7705 -8.36243
0.38009 0.63731 -8.36243
0.51329 0.7705 -9.41845
0.37938 -0.63803 -8.36243
0.51257 -0.77122 -8.36243
0.36208 -1.62556 -9.41845
0.20646 -1.43104 -5.08854
0.36208 -1.62556 -4.69949
0.20646 -1.43104 -9.41845
0.21693 -1.7419 0.62254
0.21693 -1.62556 -0.486
0.21693 -2.03691 -0.486
0.21693 -1.62556 0.72519
0.21693 1.7419 0.62254
-0.21693 1.7419 0.62254
0.21693 2.03691 -0.486
0.20646 -1.43104 -9.14647
0.10286 -1.18092 -9.41845
0.10286 -1.18092 -9.14647
0.20646 -1.43104 -9.41845
0.10286 1.18092 -8.36243
-0.10286 1.18092 -8.36243
-0.10286 1.18092 -9.14647
-0.20646 1.43104 -9.14647
-0.10286 1.18092 -9.41845
-0.20646 1.43104 -5.08854
-0.36208 1.62556 -9.41845
-0.20646 1.43104 -9.41845
-0.20646 1.43104 -9.41845
-0.21693 -2.03691 -0.486
-0.21693 -1.62556 -0.486
-0.21693 -1.7419 0.62254
-0.21693 -1.62556 0.72519
-0.21693 2.03691 -0.486
-0.36208 1.62556 -4.69949
-0.3801 -0.6373 -8.36243
-0.51329 -0.7705 -9.41845
-0.51329 -0.7705 -8.36243
-0.3801 -0.6373 -9.69881
-1.02084 -1.27806 -9.41845
-1.87927 -2.13648 -9.28168
-0.63803 -0.37937 -8.36243
-0.77122 -0.51257 -9.41845
-0.63803 -0.37937 -9.69881
-2.1372 -1.87855 -9.28168
-1.98249 -1.72384 -9.69881
-0.77122 -0.51257 -8.36243
-1.27878 -1.02012 -9.41845
-1.02084 -1.27806 -1.7954
-1.27878 -1.02012 -1.7954
-1.62557 -0.21694 -0.486
-1.74189 -0.21694 0.62254
-1.62557 -0.21694 0.72519
-2.03691 -0.21694 -0.486
-1.62557 0.21694 0.72519
-1.74189 0.21694 0.62254
-1.62557 0.21694 -0.486
-1.72456 -1.98177 -9.69881
-2.03691 0.21694 -0.486
-1.87855 2.1372 -9.28168
-1.98177 1.72455 -9.69881
-1.72383 1.98249 -9.69881
-2.13649 1.87928 -9.28168
0.36208 1.62556 -4.69949
0.20646 1.43104 -5.08854
0.36208 1.62556 -9.41845
-0.36208 1.62556 -4.69949
0.20646 1.43104 -9.41845
-0.20646 1.43104 -5.08854
0.20646 1.43104 -9.14647
0.10286 1.18092 -9.14647
0.20646 1.43104 -9.41845
0.10286 1.18092 -9.41845
-0.10286 -1.18092 -9.14647
-0.20646 -1.43104 -9.41845
-0.20646 -1.43104 -9.14647
-0.10286 -1.18092 -9.41845
-0.20646 -1.43104 -5.08854
-0.36208 -1.62556 -9.41845
-0.36208 -1.62556 -4.69949
-0.20646 -1.43104 -9.41845
-0.37937 0.63803 -8.36243
-0.6373 0.3801 -9.69881
-0.6373 0.3801 -8.36243
-0.37937 0.63803 -9.69881
1.62556 -0.67334 6.35742
1.62556 -0.21694 0.72519
1.62556 -0.67334 -1.7954
1.62556 0.21694 0.72519
1.62556 0.67334 -1.7954
1.29634 -0.53696 7.83137
1.62556 0.67334 6.35742
0.67333 -1.62556 6.35742
1.62556 -0.36209 -4.69949
1.62556 -0.67334 -9.41845
1.27805 -1.02084 -1.7954
1.27805 -1.02084 -9.41845
1.62556 -0.36209 -9.41845
1.62556 0.36209 -4.69949
1.62556 -0.21694 -0.486
1.62556 0.21694 -0.486
1.62556 0.67334 -9.41845
1.62556 0.36209 -9.41845
1.27877 1.02012 -1.7954
1.02084 1.27806 -1.7954
0.67333 1.62556 6.35742
1.27877 1.02012 -9.41845
1.29634 0.53696 7.83137
0.71941 -0.29799 8.71878
0.53696 -1.29634 7.83137
0.53696 1.29634 7.83137
0.67333 1.62556 -9.41845
1.02084 1.27806 -9.41845
1.02012 -1.27877 -1.7954
0.67333 -1.62556 -1.7954
1.02012 -1.27877 -9.41845
0.67333 -1.62556 -9.41845
0.71941 0.29799 8.71878
0 0.00001 9.0355
0.29799 0.71941 8.71878
-0.67333 -1.62556 6.35742
0.21693 -1.62556 -0.486
0.21693 -1.62556 0.72519
-0.21693 -1.62556 -0.486
-0.67333 -1.62556 -1.7954
0.36208 -1.62556 -4.69949
0.36208 -1.62556 -9.41845
0.67333 1.62556 -1.7954
0.21693 1.62556 0.72519
-0.21693 1.62556 0.72519
-0.67333 1.62556 -1.7954
0.36208 1.62556 -4.69949
0.29799 -0.71941 8.71878
-0.29799 -0.71941 8.71878
-0.53696 -1.29634 7.83137
-0.67333 1.62556 6.35742
-0.36208 -1.62556 -4.69949
0.36208 1.62556 -9.41845
-0.36208 1.62556 -4.69949
-0.29799 0.71941 8.71878
0.21693 1.62556 -0.486
-0.71941 0.29799 8.71878
-0.21693 -1.62556 0.72519
-0.21693 1.62556 -0.486
-0.71941 -0.29799 8.71878
-0.53696 1.29634 7.83137
-0.67333 -1.62556 -9.41845
-0.36208 -1.62556 -9.41845
-0.67333 1.62556 -9.41845
-0.36208 1.62556 -9.41845
-1.29634 -0.53696 7.83137
-1.29634 0.53696 7.83137
-1.62557 -0.67334 6.35742
-1.02084 -1.27806 -1.7954
-1.02084 -1.27806 -9.41845
-1.02012 1.27878 -1.7954
-1.27806 1.02084 -1.7954
-1.62557 0.67334 6.35742
-1.02012 1.27878 -9.41845
-1.18092 -0.10286 -9.14647
-1.43104 -0.20646 -9.14647
-1.18092 -0.10286 -9.41845
-1.18092 0.10286 -9.14647
-1.43104 0.20646 -9.41845
-1.43104 0.20646 -9.14647
-1.18092 0.10286 -9.41845
-1.62557 0.67334 -9.41845
-1.27806 1.02084 -9.41845
-1.27878 -1.02012 -1.7954
-1.62557 -0.67334 -1.7954
-1.27878 -1.02012 -9.41845
-1.62557 -0.67334 -9.41845
-1.43104 -0.20647 -5.08854
-1.62556 -0.36208 -9.41845
-1.43104 -0.20646 -9.41845
-1.62557 -0.36209 -4.69949
-1.62556 0.36208 -9.41845
-1.43104 0.20647 -5.08854
-1.62557 0.36209 -4.69949
-1.62557 -0.21694 0.72519
-1.62557 -0.21694 -0.486
-1.62557 0.67334 -1.7954
-1.62557 -0.36209 -4.69949
-1.62557 -0.36209 -9.41845
-1.62557 0.36209 -4.69949
-1.62557 0.21694 -0.486
-1.62557 0.21694 0.72519
-1.62557 0.36209 -9.41845

FACES
0 0 0	0 0 0	3	0 1 2
0 0 0	0 0 0	3	3 4 5
0 0 0	0 0 0	3	6 7 8
0 0 0	0 0 0	3	9 10 11
0 0 0	0 0 0	3	9 12 10
0 0 0	0 0 0	3	5 4 13
0 0 0	0 0 0	3	14 15 16
0 0 0	0 0 0	3	17 18 19
0 0 0	0 0 0	3	17 20 18
0 0 0	0 0 0	3	21 15 14
0 0 0	0 0 0	3	22 23 24
0 0 0	0 0 0	3	22 25 23
0 0 0	0 0 0	3	26 27 28
0 0 0	0 0 0	3	29 27 26
0 0 0	0 0 0	3	30 31 32
0 0 0	0 0 0	3	30 33 31
0 0 0	0 0 0	3	28 27 34
0 0 0	0 0 0	3	35 1 0
0 0 0	0 0 0	3	36 27 29
0 0 0	0 0 0	3	37 38 39
0 0 0	0 0 0	3	37 40 38
0 0 0	0 0 0	3	41 42 43
0 0 0	0 0 0	3	44 42 41
0 0 0	0 0 0	3	45 46 47
0 0 0	0 0 0	3	45 48 46
0 0 0	0 0 0	3	49 7 6
0 0 0	0 0 0	3	48 50 46
0 0 0	0 0 0	3	51 52 53
0 0 0	0 0 0	3	54 55 56
0 0 0	0 0 0	3	54 57 55
0 0 0	0 0 0	3	58 59 60
0 0 0	0 0 0	3	59 61 60
0 0 0	0 0 0	3	62 63 64
0 0 0	0 0 0	3	62 65 63
0 0 0	0 0 0	3	66 67 68
0 0 0	0 0 0	3	50 69 46
0 0 0	0 0 0	3	70 71 72
0 0 0	0 0 0	3	73 74 75
0 0 0	0 0 0	3	73 76 74
0 0 0	0 0 0	3	77 71 70
0 0 0	0 0 0	3	78 79 80
0 0 0	0 0 0	3	81 82 83
0 0 0	0 0 0	3	81 84 82
0 0 0	0 0 0	3	85 67 66
0 0 0	0 0 0	3	86 87 88
0 0 0	0 0 0	3	52 89 53
0 0 0	0 0 0	3	90 91 92
0 0 0	0 0 0	3	90 93 91
0 0 0	0 0 0	3	94 87 86
0 0 0	0 0 0	3	94 95 87
0 0 0	0 0 0	3	96 97 98
0 0 0	0 0 0	3	82 99 83
0 0 0	0 0 0	3	82 100 99
0 0 0	0 0 0	3	101 102 103
0 0 0	0 0 0	3	101 104 102
0 0 0	0 0 0	3	95 105 87
0 0 0	0 0 0	3	106 107 108
0 0 0	0 0 0	3	106 109 107
0 0 0	0 0 0	3	106 110 109
0 0 0	0 0 0	3	111 112 113
0 0 0	0 0 0	3	111 114 112
0 0 0	0 0 0	3	115 116 117
0 0 0	0 0 0	3	118 119 120
0 0 0	0 0 0	3	118 121 119
0 0 0	0 0 0	3	122 123 124
0 0 0	0 0 0	3	125 126 127
0 0 0	0 0 0	3	128 129 111
0 0 0	0 0 0	3	130 126 125
0 0 0	0 0 0	3	123 131 124
0 0 0	0 0 0	3	132 133 134
0 0 0	0 0 0	3	132 135 133
0 0 0	0 0 0	3	136 110 106
0 0 0	0 0 0	3	137 138 139
0 0 0	0 0 0	3	129 114 111
0 0 0	0 0 0	3	140 138 137
0 0 0	0 0 0	3	141 142 143
0 0 0	0 0 0	3	144 145 146
0 0 0	0 0 0	3	144 147 145
0 0 0	0 0 0	3	148 97 96
0 0 0	0 0 0	3	142 149 143
0 0 0	0 0 0	3	150 116 115
0 0 0	0 0 0	3	151 152 153
0 0 0	0 0 0	3	154 155 156
0 0 0	0 0 0	3	157 158 159
0 0 0	0 0 0	3	160 158 157
0 0 0	0 0 0	3	161 155 154
0 0 0	0 0 0	3	152 162 153
0 0 0	0 0 0	3	163 164 165
0 0 0	0 0 0	3	166 167 168
0 0 0	0 0 0	3	169 167 166
0 0 0	0 0 0	3	170 164 163
0 0 0	0 0 0	3	171 172 173
0 0 0	0 0 0	3	171 174 172
0 0 0	0 0 0	3	175 167 169
0 0 0	0 0 0	3	176 177 178
0 0 0	0 0 0	3	179 167 175
0 0 0	0 0 0	3	180 181 182
0 0 0	0 0 0	3	183 184 185
0 0 0	0 0 0	3	186 184 183
0 0 0	0 0 0	3	187 188 189
0 0 0	0 0 0	3	181 190 182
0 0 0	0 0 0	3	181 191 190
0 0 0	0 0 0	3	181 192 191
0 0 0	0 0 0	3	188 193 189
0 0 0	0 0 0	3	194 195 196
0 0 0	0 0 0	3	197 198 199
0 0 0	0 0 0	3	200 201 202
0 0 0	0 0 0	3	203 201 200
0 0 0	0 0 0	3	204 205 206
0 0 0	0 0 0	3	207 208 209
0 0 0	0 0 0	3	177 210 178
0 0 0	0 0 0	3	211 212 213
0 0 0	0 0 0	3	209 208 214
0 0 0	0 0 0	3	212 215 213
0 0 0	0 0 0	3	80 79 216
0 0 0	0 0 0	3	205 217 206
0 0 0	0 0 0	3	218 195 194
0 0 0	0 0 0	3	219 198 197
0 0 0	0 0 0	3	220 221 222
0 0 0	0 0 0	3	222 223 224
0 0 0	0 0 0	3	225 226 227
0 0 0	0 0 0	3	228 221 220
0 0 0	0 0 0	3	221 229 222
0 0 0	0 0 0	3	230 231 232
0 0 0	0 0 0	3	233 231 230
0 0 0	0 0 0	3	233 234 231
0 0 0	0 0 0	3	233 235 234
0 0 0	0 0 0	3	226 236 227
0 0 0	0 0 0	3	237 223 229
0 0 0	0 0 0	3	229 223 222
0 0 0	0 0 0	3	234 235 238
0 0 0	0 0 0	3	239 240 241
0 0 0	0 0 0	3	240 242 241
0 0 0	0 0 0	3	243 244 245
0 0 0	0 0 0	3	246 247 248
0 0 0	0 0 0	3	249 235 233
0 0 0	0 0 0	3	244 250 245
0 0 0	0 0 0	3	251 247 246
0 0 0	0 0 0	3	252 253 254
0 0 0	0 0 0	3	252 255 253
0 0 0	0 0 0	3	256 257 258
0 0 0	0 0 0	3	259 260 261
0 0 0	0 0 0	3	262 255 252
0 0 0	0 0 0	3	263 264 265
0 0 0	0 0 0	3	266 267 268
0 0 0	0 0 0	3	266 269 267
0 0 0	0 0 0	3	260 270 261
0 0 0	0 0 0	3	271 269 266
0 0 0	0 0 0	3	272 273 274
0 0 0	0 0 0	3	275 276 277
0 0 0	0 0 0	3	273 278 274
0 0 0	0 0 0	3	279 280 278
0 0 0	0 0 0	3	281 282 283
0 0 0	0 0 0	3	284 276 275
0 0 0	0 0 0	3	284 282 281
0 0 0	0 0 0	3	253 255 285
0 0 0	0 0 0	3	286 287 256
0 0 0	0 0 0	3	287 257 256
0 0 0	0 0 0	3	288 289 290
0 0 0	0 0 0	3	288 291 289
0 0 0	0 0 0	3	292 291 288
0 0 0	0 0 0	3	292 293 291
0 0 0	0 0 0	3	280 294 278
0 0 0	0 0 0	3	295 296 263
0 0 0	0 0 0	3	296 264 263
0 0 0	0 0 0	3	267 269 297
0 0 0	0 0 0	3	285 298 299
0 0 0	0 0 0	3	285 255 298
0 0 0	0 0 0	3	300 301 302
0 0 0	0 0 0	3	302 257 287
0 0 0	0 0 0	3	301 257 302
0 0 0	0 0 0	3	303 304 305
0 0 0	0 0 0	3	305 264 296
0 0 0	0 0 0	3	297 306 307
0 0 0	0 0 0	3	297 269 306
0 0 0	0 0 0	3	304 264 305
0 0 0	0 0 0	3	308 309 310
0 0 0	0 0 0	3	308 311 309
0 0 0	0 0 0	3	312 313 314
0 0 0	0 0 0	3	315 313 312
0 0 0	0 0 0	3	316 317 318
0 0 0	0 0 0	3	319 320 321
0 0 0	0 0 0	3	322 320 319
0 0 0	0 0 0	3	323 293 292
0 0 0	0 0 0	3	324 293 323
0 0 0	0 0 0	3	325 326 327
0 0 0	0 0 0	3	328 329 330
0 0 0	0 0 0	3	326 331 327
0 0 0	0 0 0	3	332 333 334
0 0 0	0 0 0	3	334 333 335
0 0 0	0 0 0	3	317 336 318
0 0 0	0 0 0	3	337 329 328
0 0 0	0 0 0	3	338 339 340
0 0 0	0 0 0	3	341 339 338
0 0 0	0 0 0	3	341 342 339
0 0 0	0 0 0	3	341 343 342
0 0 0	0 0 0	3	344 345 346
0 0 0	0 0 0	3	346 347 348
0 0 0	0 0 0	3	349 345 344
0 0 0	0 0 0	3	345 350 346
0 0 0	0 0 0	3	342 343 351
0 0 0	0 0 0	3	352 347 350
0 0 0	0 0 0	3	350 347 346
0 0 0	0 0 0	3	353 354 355
0 0 0	0 0 0	3	353 356 354
0 0 0	0 0 0	3	357 358 359
0 0 0	0 0 0	3	360 343 341
0 0 0	0 0 0	3	358 361 359
0 0 0	0 0 0	3	362 363 364
0 0 0	0 0 0	3	362 365 363
0 0 0	0 0 0	3	366 367 368
0 0 0	0 0 0	3	366 369 367
0 0 0	0 0 0	3	367 370 368
0 0 0	0 0 0	3	367 369 371
0 0 0	0 0 0	3	372 373 374
0 0 0	0 0 0	3	373 375 374
0 0 0	0 0 0	3	376 377 378
0 0 0	0 0 0	3	376 379 377
0 0 0	0 0 0	3	380 381 382
0 0 0	0 0 0	3	383 381 380
0 0 0	0 0 0	3	384 385 386
0 0 0	0 0 0	3	387 385 384
0 0 0	0 0 0	3	388 389 390
0 0 0	0 0 0	3	388 391 389
0 0 0	0 0 0	3	388 392 391
0 0 0	0 0 0	3	388 393 394
0 0 0	0 0 0	3	388 395 393
0 0 0	0 0 0	3	390 396 397
0 0 0	0 0 0	3	390 392 396
0 0 0	0 0 0	3	390 398 388
0 0 0	0 0 0	3	397 398 390
0 0 0	0 0 0	3	397 399 398
0 0 0	0 0 0	3	396 400 397
0 0 0	0 0 0	3	396 392 401
0 0 0	0 0 0	3	389 402 390
0 0 0	0 0 0	3	402 392 390
0 0 0	0 0 0	3	391 392 403
0 0 0	0 0 0	3	403 392 402
0 0 0	0 0 0	3	401 404 405
0 0 0	0 0 0	3	394 392 388
0 0 0	0 0 0	3	394 406 392
0 0 0	0 0 0	3	394 407 406
0 0 0	0 0 0	3	394 408 407
0 0 0	0 0 0	3	392 404 401
0 0 0	0 0 0	3	392 409 404
0 0 0	0 0 0	3	393 410 394
0 0 0	0 0 0	3	393 411 410
0 0 0	0 0 0	3	393 412 411
0 0 0	0 0 0	3	410 408 394
0 0 0	0 0 0	3	410 413 408
0 0 0	0 0 0	3	406 409 392
0 0 0	0 0 0	3	398 395 388
0 0 0	0 0 0	3	407 414 415
0 0 0	0 0 0	3	416 395 398
0 0 0	0 0 0	3	416 417 395
0 0 0	0 0 0	3	418 417 416
0 0 0	0 0 0	3	418 419 417
0 0 0	0 0 0	3	411 420 410
0 0 0	0 0 0	3	411 421 420
0 0 0	0 0 0	3	420 413 410
0 0 0	0 0 0	3	420 422 413
0 0 0	0 0 0	3	420 421 422
0 0 0	0 0 0	3	395 412 393
0 0 0	0 0 0	3	395 423 412
0 0 0	0 0 0	3	417 424 425
0 0 0	0 0 0	3	417 426 424
0 0 0	0 0 0	3	417 423 395
0 0 0	0 0 0	3	417 427 426
0 0 0	0 0 0	3	419 428 417
0 0 0	0 0 0	3	419 429 428
0 0 0	0 0 0	3	408 430 407
0 0 0	0 0 0	3	408 431 430
0 0 0	0 0 0	3	408 432 431
0 0 0	0 0 0	3	408 433 432
0 0 0	0 0 0	3	430 414 407
0 0 0	0 0 0	3	430 434 414
0 0 0	0 0 0	3	430 433 434
0 0 0	0 0 0	3	412 435 411
0 0 0	0 0 0	3	412 436 435
0 0 0	0 0 0	3	412 437 436
0 0 0	0 0 0	3	412 423 437
0 0 0	0 0 0	3	413 438 408
0 0 0	0 0 0	3	428 439 417
0 0 0	0 0 0	3	434 440 414
0 0 0	0 0 0	3	434 433 441
0 0 0	0 0 0	3	435 421 411
0 0 0	0 0 0	3	435 436 421
0 0 0	0 0 0	3	422 442 413
0 0 0	0 0 0	3	425 423 417
0 0 0	0 0 0	3	431 443 430
0 0 0	0 0 0	3	443 433 430
0 0 0	0 0 0	3	421 442 422
0 0 0	0 0 0	3	421 444 442
0 0 0	0 0 0	3	445 423 425
0 0 0	0 0 0	3	445 427 423
0 0 0	0 0 0	3	426 427 445
0 0 0	0 0 0	3	432 433 446
0 0 0	0 0 0	3	446 433 443
0 0 0	0 0 0	3	436 447 421
0 0 0	0 0 0	3	442 448 413
0 0 0	0 0 0	3	442 444 448
0 0 0	0 0 0	3	439 427 417
0 0 0	0 0 0	3	439 449 427
0 0 0	0 0 0	3	450 449 439
0 0 0	0 0 0	3	441 451 452
0 0 0	0 0 0	3	437 447 436
0 0 0	0 0 0	3	437 453 447
0 0 0	0 0 0	3	448 438 413
0 0 0	0 0 0	3	448 454 438
0 0 0	0 0 0	3	423 453 437
0 0 0	0 0 0	3	423 455 453
0 0 0	0 0 0	3	427 456 423
0 0 0	0 0 0	3	449 456 427
0 0 0	0 0 0	3	449 457 456
0 0 0	0 0 0	3	438 433 408
0 0 0	0 0 0	3	438 458 433
0 0 0	0 0 0	3	438 459 458
0 0 0	0 0 0	3	438 460 459
0 0 0	0 0 0	3	433 451 441
0 0 0	0 0 0	3	433 461 451
0 0 0	0 0 0	3	447 444 421
0 0 0	0 0 0	3	447 454 444
0 0 0	0 0 0	3	444 454 448
0 0 0	0 0 0	3	458 461 433
0 0 0	0 0 0	3	456 455 423
0 0 0	0 0 0	3	462 463 464
0 0 0	0 0 0	3	465 466 467
0 0 0	0 0 0	3	468 466 465
0 0 0	0 0 0	3	459 469 470
0 0 0	0 0 0	3	471 455 456
0 0 0	0 0 0	3	471 472 455
0 0 0	0 0 0	3	473 472 471
0 0 0	0 0 0	3	473 474 472
0 0 0	0 0 0	3	453 454 447
0 0 0	0 0 0	3	453 460 454
0 0 0	0 0 0	3	454 460 438
0 0 0	0 0 0	3	475 476 477
0 0 0	0 0 0	3	475 478 476
0 0 0	0 0 0	3	463 477 464
0 0 0	0 0 0	3	466 479 480
0 0 0	0 0 0	3	479 481 480
0 0 0	0 0 0	3	455 460 453
0 0 0	0 0 0	3	472 482 455
0 0 0	0 0 0	3	472 483 482
0 0 0	0 0 0	3	472 484 483
0 0 0	0 0 0	3	474 485 472
0 0 0	0 0 0	3	474 486 485
0 0 0	0 0 0	3	485 487 472
0 0 0	0 0 0	3	482 460 455
0 0 0	0 0 0	3	483 484 488
0 0 0	0 0 0	3	489 460 482
0 0 0	0 0 0	3	489 484 460
0 0 0	0 0 0	3	488 484 489
0 0 0	0 0 0	3	487 484 472
0 0 0	0 0 0	3	487 469 484
0 0 0	0 0 0	3	490 469 487
0 0 0	0 0 0	3	460 484 459
0 0 0	0 0 0	3	484 469 459

TEXTURES
0	1.0 1.0	0.96171 0.60379	0.97966 0.97691	0.97966 0.60379
0	1.0 1.0	0.36962 0.79479	0.38462 0.79304	0.36962 0.7288
0	1.0 1.0	0.77107 0.18161	0.86819 0.16294	0.77107 0.16294
0	1.0 1.0	0.14007 0.60974	0.51318 0.59179	0.14007 0.59179
0	1.0 1.0	0.14007 0.60974	0.51318 0.60974	0.51318 0.59179
0	1.0 1.0	0.36962 0.7288	0.38462 0.79304	0.37655 0.72205
0	1.0 1.0	0.34409 0.7288	0.32984 0.79304	0.34409 0.79479
0	1.0 1.0	0.77107 0.04516	0.86819 0.02649	0.77107 0.02649
0	1.0 1.0	0.77107 0.04516	0.86819 0.04516	0.86819 0.02649
0	1.0 1.0	0.33856 0.72207	0.32984 0.79304	0.34409 0.7288
0	1.0 1.0	0.76508 0.66261	0.79556 0.686	0.80394 0.66261
0	1.0 1.0	0.76508 0.66261	0.77346 0.686	0.79556 0.686
0	1.0 1.0	0.6069 0.63165	0.54847 0.62136	0.5936 0.64229
0	1.0 1.0	0.6069 0.61036	0.54847 0.62136	0.6069 0.63165
0	1.0 1.0	0.06151 0.5892	0.04611 0.57583	0.0412 0.5892
0	1.0 1.0	0.06151 0.5892	0.05624 0.57583	0.04611 0.57583
0	1.0 1.0	0.5936 0.64229	0.54847 0.62136	0.57649 0.64938
0	1.0 1.0	0.96171 0.97691	0.97966 0.97691	0.96171 0.60379
0	1.0 1.0	0.58318 0.58665	0.54847 0.62136	0.6069 0.61036
0	1.0 1.0	0.0152 0.82695	0.05377 0.83708	0.05377 0.82695
0	1.0 1.0	0.0152 0.82695	0.0152 0.83708	0.05377 0.83708
0	1.0 1.0	0.05377 0.83708	0.00184 0.91207	0.05377 0.91207
0	1.0 1.0	0.00184 0.83708	0.00184 0.91207	0.05377 0.83708
0	1.0 1.0	0.55716 0.56022	0.54621 0.6187	0.58093 0.58399
0	1.0 1.0	0.55716 0.56022	0.53587 0.56022	0.54621 0.6187
0	1.0 1.0	0.86819 0.18161	0.86819 0.16294	0.77107 0.18161
0	1.0 1.0	0.53587 0.56022	0.52523 0.57353	0.54621 0.6187
0	1.0 1.0	0.34409 0.62164	0.36962 0.62164	0.34409 0.61248
0	1.0 1.0	0.34409 0.71757	0.36962 0.68764	0.34409 0.68764
0	1.0 1.0	0.34409 0.71757	0.36962 0.71757	0.36962 0.68764
0	1.0 1.0	0.37655 0.82906	0.36962 0.83581	0.38462 0.90006
0	1.0 1.0	0.36962 0.83581	0.36962 0.90181	0.38462 0.90006
0	1.0 1.0	0.66757 0.79696	0.68967 0.57926	0.66757 0.57926
0	1.0 1.0	0.66757 0.79696	0.68967 0.79696	0.68967 0.57926
0	1.0 1.0	0.57773 0.68832	0.55563 0.90602	0.57773 0.90602
0	1.0 1.0	0.52523 0.57353	0.51815 0.59063	0.54621 0.6187
0	1.0 1.0	0.17821 0.84899	0.13963 0.83887	0.13963 0.84899
0	1.0 1.0	0.0152 0.91207	0.05377 0.92219	0.05377 0.91207
0	1.0 1.0	0.0152 0.91207	0.0152 0.92219	0.05377 0.92219
0	1.0 1.0	0.17821 0.83887	0.13963 0.83887	0.17821 0.84899
0	1.0 1.0	0.00184 0.92219	0.00184 0.99718	0.05377 0.92219
0	1.0 1.0	0.28781 0.69259	0.26682 0.64742	0.27716 0.70589
0	1.0 1.0	0.28781 0.69259	0.29489 0.67548	0.26682 0.64742
0	1.0 1.0	0.55563 0.68832	0.55563 0.90602	0.57773 0.68832
0	1.0 1.0	0.08476 0.62386	0.06382 0.66898	0.09184 0.64096
0	1.0 1.0	0.36962 0.62164	0.36962 0.61248	0.34409 0.61248
0	1.0 1.0	0.32984 0.90006	0.34409 0.83581	0.33856 0.82908
0	1.0 1.0	0.32984 0.90006	0.34409 0.90181	0.34409 0.83581
0	1.0 1.0	0.07411 0.61055	0.06382 0.66898	0.08476 0.62386
0	1.0 1.0	0.07411 0.61055	0.05283 0.61055	0.06382 0.66898
0	1.0 1.0	0.86819 0.43932	0.77107 0.45799	0.86819 0.45799
0	1.0 1.0	0.26682 0.64742	0.25588 0.70589	0.27716 0.70589
0	1.0 1.0	0.26682 0.64742	0.23211 0.68213	0.25588 0.70589
0	1.0 1.0	0.86819 0.30183	0.77107 0.3205	0.86819 0.3205
0	1.0 1.0	0.86819 0.30183	0.77107 0.30183	0.77107 0.3205
0	1.0 1.0	0.05283 0.61055	0.02911 0.63427	0.06382 0.66898
0	1.0 1.0	0.06153 0.67133	0.01636 0.69231	0.03346 0.69939
0	1.0 1.0	0.06153 0.67133	0.00306 0.68167	0.01636 0.69231
0	1.0 1.0	0.06153 0.67133	0.00306 0.66038	0.00306 0.68167
0	1.0 1.0	0.26476 0.64453	0.20633 0.65553	0.23005 0.67924
0	1.0 1.0	0.26476 0.64453	0.20633 0.63424	0.20633 0.65553
0	1.0 1.0	0.51318 0.57261	0.14007 0.59056	0.51318 0.59056
0	1.0 1.0	0.07775 0.57677	0.09315 0.59014	0.08787 0.57677
0	1.0 1.0	0.07775 0.57677	0.07283 0.59014	0.09315 0.59014
0	1.0 1.0	0.10982 0.92212	0.10982 0.91198	0.07124 0.92212
0	1.0 1.0	0.10982 0.92212	0.05789 0.99709	0.10982 0.99709
0	1.0 1.0	0.23674 0.61651	0.21964 0.6236	0.26476 0.64453
0	1.0 1.0	0.05789 0.92212	0.05789 0.99709	0.10982 0.92212
0	1.0 1.0	0.10982 0.91198	0.07124 0.91198	0.07124 0.92212
0	1.0 1.0	0.51318 0.55368	0.14007 0.57163	0.51318 0.57163
0	1.0 1.0	0.51318 0.55368	0.14007 0.55368	0.14007 0.57163
0	1.0 1.0	0.02682 0.63661	0.00306 0.66038	0.06153 0.67133
0	1.0 1.0	0.88068 0.57902	0.91116 0.55563	0.87231 0.55563
0	1.0 1.0	0.21964 0.6236	0.20633 0.63424	0.26476 0.64453
0	1.0 1.0	0.90278 0.57902	0.91116 0.55563	0.88068 0.57902
0	1.0 1.0	0.77186 0.55407	0.77186 0.56323	0.79738 0.55407
0	1.0 1.0	0.79738 0.65925	0.77186 0.62923	0.77186 0.65925
0	1.0 1.0	0.79738 0.65925	0.79738 0.62923	0.77186 0.62923
0	1.0 1.0	0.77107 0.43932	0.77107 0.45799	0.86819 0.43932
0	1.0 1.0	0.77186 0.56323	0.79738 0.56323	0.79738 0.55407
0	1.0 1.0	0.14007 0.57261	0.14007 0.59056	0.51318 0.57261
0	1.0 1.0	0.96171 0.60379	0.97966 0.60379	0.96171 0.58066
0	1.0 1.0	0.14007 0.59179	0.11694 0.60974	0.14007 0.60974
0	1.0 1.0	0.36962 0.79479	0.34409 0.82472	0.36962 0.82472
0	1.0 1.0	0.34409 0.79479	0.34409 0.82472	0.36962 0.79479
0	1.0 1.0	0.11694 0.59179	0.11694 0.60974	0.14007 0.59179
0	1.0 1.0	0.97966 0.60379	0.97966 0.58066	0.96171 0.58066
0	1.0 1.0	0.36962 0.7288	0.34409 0.71964	0.34409 0.7288
0	1.0 1.0	0.51088 0.65709	0.4524 0.64614	0.48711 0.68085
0	1.0 1.0	0.51088 0.6358	0.4524 0.64614	0.51088 0.65709
0	1.0 1.0	0.36962 0.71964	0.34409 0.71964	0.36962 0.7288
0	1.0 1.0	0.79556 0.686	0.77346 0.90369	0.79556 0.90369
0	1.0 1.0	0.79556 0.686	0.77346 0.686	0.77346 0.90369
0	1.0 1.0	0.49757 0.62516	0.4524 0.64614	0.51088 0.6358
0	1.0 1.0	0.17821 0.92405	0.17821 0.84899	0.12628 0.92405
0	1.0 1.0	0.48047 0.61808	0.4524 0.64614	0.49757 0.62516
0	1.0 1.0	0.48474 0.68286	0.45003 0.64815	0.46103 0.70657
0	1.0 1.0	0.93659 0.02649	0.86819 0.04516	0.93659 0.04516
0	1.0 1.0	0.86819 0.02649	0.86819 0.04516	0.93659 0.02649
0	1.0 1.0	0.93659 0.18161	0.93659 0.16294	0.86819 0.18161
0	1.0 1.0	0.45003 0.64815	0.43974 0.70657	0.46103 0.70657
0	1.0 1.0	0.45003 0.64815	0.4291 0.69327	0.43974 0.70657
0	1.0 1.0	0.45003 0.64815	0.42202 0.67617	0.4291 0.69327
0	1.0 1.0	0.93659 0.16294	0.86819 0.16294	0.86819 0.18161
0	1.0 1.0	0.34409 0.68764	0.36962 0.62164	0.34409 0.62164
0	1.0 1.0	0.36962 0.82666	0.34409 0.83581	0.36962 0.83581
0	1.0 1.0	0.36962 0.93174	0.34409 0.90181	0.34409 0.93174
0	1.0 1.0	0.36962 0.90181	0.34409 0.90181	0.36962 0.93174
0	1.0 1.0	0.66757 0.57926	0.68967 0.57926	0.65919 0.55587
0	1.0 1.0	0.14923 0.64718	0.16954 0.64718	0.15414 0.63381
0	1.0 1.0	0.17821 0.84899	0.12628 0.84899	0.12628 0.92405
0	1.0 1.0	0.02455 0.57634	0.01442 0.57634	0.02982 0.58971
0	1.0 1.0	0.15414 0.63381	0.16954 0.64718	0.16426 0.63381
0	1.0 1.0	0.01442 0.57634	0.00951 0.58971	0.02982 0.58971
0	1.0 1.0	0.05377 0.92219	0.00184 0.99718	0.05377 0.99718
0	1.0 1.0	0.68967 0.57926	0.69805 0.55587	0.65919 0.55587
0	1.0 1.0	0.36962 0.68764	0.36962 0.62164	0.34409 0.68764
0	1.0 1.0	0.34409 0.82666	0.34409 0.83581	0.36962 0.82666
0	1.0 1.0	0.35768 0.93383	0.34841 0.98579	0.35768 0.99958
0	1.0 1.0	0.35768 0.99958	0.25337 0.97908	0.26413 0.99958
0	1.0 1.0	0.93659 0.3205	0.93659 0.30183	0.86819 0.3205
0	1.0 1.0	0.34841 0.93383	0.34841 0.98579	0.35768 0.93383
0	1.0 1.0	0.34841 0.98579	0.3131 0.98579	0.35768 0.99958
0	1.0 1.0	0.14557 0.93383	0.15483 0.98579	0.15483 0.93383
0	1.0 1.0	0.14557 0.99958	0.15483 0.98579	0.14557 0.93383
0	1.0 1.0	0.14557 0.99958	0.19015 0.98579	0.15483 0.98579
0	1.0 1.0	0.14557 0.99958	0.24988 0.97908	0.19015 0.98579
0	1.0 1.0	0.93659 0.30183	0.86819 0.30183	0.86819 0.3205
0	1.0 1.0	0.3131 0.61073	0.25337 0.97908	0.3131 0.98579
0	1.0 1.0	0.3131 0.98579	0.25337 0.97908	0.35768 0.99958
0	1.0 1.0	0.19015 0.98579	0.24988 0.97908	0.19015 0.61073
0	1.0 1.0	0.88068 0.79672	0.90278 0.79672	0.88068 0.57902
0	1.0 1.0	0.90278 0.79672	0.90278 0.57902	0.88068 0.57902
0	1.0 1.0	0.11694 0.57261	0.11694 0.59056	0.14007 0.57261
0	1.0 1.0	0.77186 0.56323	0.79738 0.62923	0.79738 0.56323
0	1.0 1.0	0.23911 0.99958	0.24988 0.97908	0.14557 0.99958
0	1.0 1.0	0.11694 0.59056	0.14007 0.59056	0.14007 0.57261
0	1.0 1.0	0.77186 0.62923	0.79738 0.62923	0.77186 0.56323
0	1.0 1.0	0.893 0.97906	0.95273 0.98579	0.95273 0.61073
0	1.0 1.0	0.893 0.97906	0.99731 0.99958	0.95273 0.98579
0	1.0 1.0	0.67761 0.97918	0.5733 0.99958	0.66685 0.99958
0	1.0 1.0	0.36962 0.79479	0.36962 0.7288	0.34409 0.79479
0	1.0 1.0	0.90376 0.99958	0.99731 0.99958	0.893 0.97906
0	1.0 1.0	0.89053 0.979	0.78622 0.99958	0.87977 0.99958
0	1.0 1.0	0.68018 0.97918	0.73991 0.98579	0.73991 0.61073
0	1.0 1.0	0.68018 0.97918	0.78449 0.99958	0.73991 0.98579
0	1.0 1.0	0.36962 0.7288	0.34409 0.7288	0.34409 0.79479
0	1.0 1.0	0.69095 0.99958	0.78449 0.99958	0.68018 0.97918
0	1.0 1.0	0.80893 0.66513	0.79556 0.686	0.80893 0.91834
0	1.0 1.0	0.76024 0.91834	0.77346 0.686	0.76024 0.66513
0	1.0 1.0	0.79556 0.686	0.79556 0.91834	0.80893 0.91834
0	1.0 1.0	0.0378 0.57499	0.05112 0.57499	0.0378 0.56161
0	1.0 1.0	0.06474 0.57499	0.05142 0.56161	0.05142 0.57499
0	1.0 1.0	0.77346 0.91834	0.77346 0.686	0.76024 0.91834
0	1.0 1.0	0.06474 0.56161	0.05142 0.56161	0.06474 0.57499
0	1.0 1.0	0.95273 0.98579	0.99731 0.99958	0.98804 0.98579
0	1.0 1.0	0.61788 0.61073	0.61788 0.98579	0.67761 0.97918
0	1.0 1.0	0.61788 0.98579	0.5733 0.99958	0.67761 0.97918
0	1.0 1.0	0.18614 0.76185	0.08536 0.84648	0.10151 0.84648
0	1.0 1.0	0.18614 0.76185	0.00073 0.76185	0.08536 0.84648
0	1.0 1.0	0.18614 0.74571	0.00073 0.76185	0.18614 0.76185
0	1.0 1.0	0.18614 0.74571	0.00073 0.74571	0.00073 0.76185
0	1.0 1.0	0.05112 0.57499	0.05112 0.56161	0.0378 0.56161
0	1.0 1.0	0.83081 0.61073	0.83081 0.98579	0.89053 0.979
0	1.0 1.0	0.83081 0.98579	0.78622 0.99958	0.89053 0.979
0	1.0 1.0	0.73991 0.98579	0.78449 0.99958	0.77523 0.98579
0	1.0 1.0	0.98804 0.98579	0.99731 0.93383	0.98804 0.93383
0	1.0 1.0	0.98804 0.98579	0.99731 0.99958	0.99731 0.93383
0	1.0 1.0	0.58257 0.93383	0.5733 0.93383	0.58257 0.98579
0	1.0 1.0	0.58257 0.98579	0.5733 0.99958	0.61788 0.98579
0	1.0 1.0	0.5733 0.93383	0.5733 0.99958	0.58257 0.98579
0	1.0 1.0	0.79549 0.93383	0.78622 0.93383	0.79549 0.98579
0	1.0 1.0	0.79549 0.98579	0.78622 0.99958	0.83081 0.98579
0	1.0 1.0	0.77523 0.98579	0.78449 0.93383	0.77523 0.93383
0	1.0 1.0	0.77523 0.98579	0.78449 0.99958	0.78449 0.93383
0	1.0 1.0	0.78622 0.93383	0.78622 0.99958	0.79549 0.98579
0	1.0 1.0	0.65435 0.8116	0.66757 0.57926	0.65435 0.55839
0	1.0 1.0	0.65435 0.8116	0.66757 0.8116	0.66757 0.57926
0	1.0 1.0	0.34409 0.62164	0.32984 0.68589	0.34409 0.68764
0	1.0 1.0	0.33856 0.61491	0.32984 0.68589	0.34409 0.62164
0	1.0 1.0	0.36962 0.83581	0.34409 0.83581	0.36962 0.90181
0	1.0 1.0	0.03305 0.57551	0.01973 0.56212	0.01973 0.57551
0	1.0 1.0	0.03305 0.56212	0.01973 0.56212	0.03305 0.57551
0	1.0 1.0	0.10151 0.66108	0.00073 0.74571	0.18614 0.74571
0	1.0 1.0	0.08536 0.66108	0.00073 0.74571	0.10151 0.66108
0	1.0 1.0	0.15945 0.63298	0.17277 0.63298	0.15945 0.6196
0	1.0 1.0	0.55563 0.68832	0.54241 0.92066	0.55563 0.92066
0	1.0 1.0	0.17277 0.63298	0.17277 0.6196	0.15945 0.6196
0	1.0 1.0	0.36962 0.68764	0.38462 0.68589	0.36962 0.62164
0	1.0 1.0	0.36962 0.62164	0.38462 0.68589	0.37655 0.61489
0	1.0 1.0	0.34409 0.83581	0.34409 0.90181	0.36962 0.90181
0	1.0 1.0	0.54241 0.66746	0.54241 0.92066	0.55563 0.68832
0	1.0 1.0	0.35935 0.93383	0.36862 0.98579	0.36862 0.93383
0	1.0 1.0	0.35935 0.99958	0.36862 0.98579	0.35935 0.93383
0	1.0 1.0	0.35935 0.99958	0.40394 0.98579	0.36862 0.98579
0	1.0 1.0	0.35935 0.99958	0.46366 0.9793	0.40394 0.98579
0	1.0 1.0	0.57152 0.93383	0.56225 0.98579	0.57152 0.99958
0	1.0 1.0	0.57152 0.99958	0.46721 0.9793	0.47797 0.99958
0	1.0 1.0	0.56225 0.93383	0.56225 0.98579	0.57152 0.93383
0	1.0 1.0	0.56225 0.98579	0.52694 0.98579	0.57152 0.99958
0	1.0 1.0	0.40394 0.98579	0.46366 0.9793	0.40394 0.61073
0	1.0 1.0	0.52694 0.61073	0.46721 0.9793	0.52694 0.98579
0	1.0 1.0	0.52694 0.98579	0.46721 0.9793	0.57152 0.99958
0	1.0 1.0	0.75761 0.62748	0.77186 0.56323	0.76632 0.5565
0	1.0 1.0	0.75761 0.62748	0.77186 0.62923	0.77186 0.56323
0	1.0 1.0	0.80432 0.55648	0.79738 0.56323	0.81239 0.62748
0	1.0 1.0	0.4529 0.99958	0.46366 0.9793	0.35935 0.99958
0	1.0 1.0	0.79738 0.56323	0.79738 0.62923	0.81239 0.62748
0	1.0 1.0	0.14007 0.57163	0.11694 0.55368	0.11694 0.57163
0	1.0 1.0	0.14007 0.57163	0.14007 0.55368	0.11694 0.55368
0	1.0 1.0	0.5911 0.66746	0.57773 0.68832	0.5911 0.92066
0	1.0 1.0	0.58611 0.66494	0.54725 0.66494	0.57773 0.68832
0	1.0 1.0	0.57773 0.68832	0.57773 0.92066	0.5911 0.92066
0	1.0 1.0	0.57773 0.68832	0.54725 0.66494	0.55563 0.68832
0	1.0 1.0	0.14582 0.63298	0.15914 0.63298	0.14582 0.6196
0	1.0 1.0	0.15914 0.63298	0.15914 0.6196	0.14582 0.6196
0	1.0 1.0	0.01942 0.57551	0.0061 0.56212	0.0061 0.57551
0	1.0 1.0	0.01942 0.57551	0.01942 0.56212	0.0061 0.56212
0	1.0 1.0	0.68967 0.57926	0.70304 0.8116	0.70304 0.55839
0	1.0 1.0	0.68967 0.8116	0.70304 0.8116	0.68967 0.57926
0	1.0 1.0	0.93659 0.43932	0.86819 0.45799	0.93659 0.45799
0	1.0 1.0	0.86819 0.43932	0.86819 0.45799	0.93659 0.43932
0	1.0 1.0	0.1887 0.41484	0.47931 0.43778	0.60833 0.41484
0	1.0 1.0	0.1887 0.41484	0.47931 0.45998	0.47931 0.43778
0	1.0 1.0	0.1887 0.41484	0.60833 0.48334	0.47931 0.45998
0	1.0 1.0	0.1887 0.41484	0.09564 0.4219	0.1887 0.48334
0	1.0 1.0	0.1887 0.41484	0.1887 0.34527	0.09564 0.40768
0	1.0 1.0	0.60833 0.41484	0.757 0.43042	0.99853 0.41484
0	1.0 1.0	0.60833 0.41484	0.60833 0.48334	0.757 0.43042
0	1.0 1.0	0.60833 0.41484	0.60833 0.38969	0.1887 0.41484
0	1.0 1.0	0.99853 0.41484	0.60833 0.38969	0.60833 0.41484
0	1.0 1.0	0.99853 0.41484	0.99853 0.38969	0.60833 0.38969
0	1.0 1.0	0.757 0.43042	0.99853 0.43042	0.99853 0.41484
0	1.0 1.0	0.757 0.43042	0.60833 0.48334	0.757 0.46748
0	1.0 1.0	0.47931 0.43778	0.54131 0.43778	0.60833 0.41484
0	1.0 1.0	0.54131 0.43778	0.60833 0.48334	0.60833 0.41484
0	1.0 1.0	0.47931 0.45998	0.60833 0.48334	0.54131 0.45998
0	1.0 1.0	0.54131 0.45998	0.60833 0.48334	0.54131 0.43778
0	1.0 1.0	0.757 0.46748	0.99853 0.48334	0.99853 0.46748
0	1.0 1.0	0.1887 0.48334	0.60833 0.48334	0.1887 0.41484
0	1.0 1.0	0.1887 0.48334	0.60833 0.50844	0.60833 0.48334
0	1.0 1.0	0.1887 0.48334	0.60833 0.52697	0.60833 0.50844
0	1.0 1.0	0.1887 0.48334	0.1887 0.55212	0.60833 0.52697
0	1.0 1.0	0.60833 0.48334	0.99853 0.48334	0.757 0.46748
0	1.0 1.0	0.60833 0.48334	0.99853 0.50844	0.99853 0.48334
0	1.0 1.0	0.09564 0.4219	0.09564 0.47686	0.1887 0.48334
0	1.0 1.0	0.09564 0.4219	0.0295 0.43413	0.09564 0.47686
0	1.0 1.0	0.09564 0.40768	0.09564 0.35272	0.0295 0.39546
0	1.0 1.0	0.09564 0.49026	0.1887 0.55212	0.1887 0.48334
0	1.0 1.0	0.09564 0.49026	0.09564 0.54522	0.1887 0.55212
0	1.0 1.0	0.60833 0.50844	0.99853 0.50844	0.60833 0.48334
0	1.0 1.0	0.60833 0.38969	0.1887 0.34527	0.1887 0.41484
0	1.0 1.0	0.60833 0.52697	0.99853 0.55212	0.99853 0.52697
0	1.0 1.0	0.60833 0.37037	0.1887 0.34527	0.60833 0.38969
0	1.0 1.0	0.60833 0.37037	0.60833 0.34527	0.1887 0.34527
0	1.0 1.0	0.99853 0.37037	0.60833 0.34527	0.60833 0.37037
0	1.0 1.0	0.99853 0.37037	0.99853 0.34527	0.60833 0.34527
0	1.0 1.0	0.0295 0.43413	0.0295 0.46464	0.09564 0.47686
0	1.0 1.0	0.0295 0.43413	0.00026 0.44939	0.0295 0.46464
0	1.0 1.0	0.0295 0.50249	0.09564 0.54522	0.09564 0.49026
0	1.0 1.0	0.0295 0.50249	0.0295 0.533	0.09564 0.54522
0	1.0 1.0	0.0295 0.50249	0.00026 0.51775	0.0295 0.533
0	1.0 1.0	0.1887 0.34527	0.09564 0.35272	0.09564 0.40768
0	1.0 1.0	0.1887 0.34527	0.1887 0.27665	0.09564 0.33857
0	1.0 1.0	0.60833 0.34527	0.54131 0.3222	0.47931 0.3222
0	1.0 1.0	0.60833 0.34527	0.54131 0.3	0.54131 0.3222
0	1.0 1.0	0.60833 0.34527	0.1887 0.27665	0.1887 0.34527
0	1.0 1.0	0.60833 0.34527	0.60833 0.27665	0.54131 0.3
0	1.0 1.0	0.99853 0.34527	0.757 0.32964	0.60833 0.34527
0	1.0 1.0	0.99853 0.34527	0.99853 0.32964	0.757 0.32964
0	1.0 1.0	0.1887 0.55212	0.60833 0.55212	0.60833 0.52697
0	1.0 1.0	0.1887 0.00099	0.47931 0.02421	0.60833 0.00099
0	1.0 1.0	0.1887 0.00099	0.47931 0.04641	0.47931 0.02421
0	1.0 1.0	0.1887 0.00099	0.60833 0.06959	0.47931 0.04641
0	1.0 1.0	0.60833 0.55212	0.99853 0.55212	0.60833 0.52697
0	1.0 1.0	0.60833 0.00099	0.757 0.01692	0.99853 0.00099
0	1.0 1.0	0.60833 0.00099	0.60833 0.06959	0.757 0.01692
0	1.0 1.0	0.09564 0.35272	0.0295 0.36495	0.0295 0.39546
0	1.0 1.0	0.09564 0.33857	0.0295 0.29584	0.0295 0.32634
0	1.0 1.0	0.09564 0.33857	0.09564 0.2836	0.0295 0.29584
0	1.0 1.0	0.09564 0.33857	0.1887 0.27665	0.09564 0.2836
0	1.0 1.0	0.09564 0.00772	0.1887 0.06959	0.1887 0.00099
0	1.0 1.0	0.757 0.32964	0.757 0.29258	0.60833 0.34527
0	1.0 1.0	0.757 0.01692	0.99853 0.01692	0.99853 0.00099
0	1.0 1.0	0.757 0.01692	0.60833 0.06959	0.757 0.05398
0	1.0 1.0	0.0295 0.36495	0.00026 0.38021	0.0295 0.39546
0	1.0 1.0	0.0295 0.32634	0.0295 0.29584	0.00026 0.31109
0	1.0 1.0	0.0295 0.01995	0.0295 0.05045	0.09564 0.00772
0	1.0 1.0	0.47931 0.3222	0.1887 0.27665	0.60833 0.34527
0	1.0 1.0	0.47931 0.02421	0.54131 0.02421	0.60833 0.00099
0	1.0 1.0	0.54131 0.02421	0.60833 0.06959	0.60833 0.00099
0	1.0 1.0	0.00026 0.0352	0.0295 0.05045	0.0295 0.01995
0	1.0 1.0	0.00026 0.10409	0.0295 0.11934	0.0295 0.08883
0	1.0 1.0	0.47931 0.3	0.1887 0.27665	0.47931 0.3222
0	1.0 1.0	0.47931 0.3	0.60833 0.27665	0.1887 0.27665
0	1.0 1.0	0.54131 0.3	0.60833 0.27665	0.47931 0.3
0	1.0 1.0	0.47931 0.04641	0.60833 0.06959	0.54131 0.04641
0	1.0 1.0	0.54131 0.04641	0.60833 0.06959	0.54131 0.02421
0	1.0 1.0	0.0295 0.25743	0.0295 0.22693	0.00026 0.24218
0	1.0 1.0	0.0295 0.05045	0.09564 0.06268	0.09564 0.00772
0	1.0 1.0	0.0295 0.08883	0.0295 0.11934	0.09564 0.0766
0	1.0 1.0	0.757 0.29258	0.60833 0.27665	0.60833 0.34527
0	1.0 1.0	0.757 0.29258	0.99853 0.27665	0.60833 0.27665
0	1.0 1.0	0.99853 0.29258	0.99853 0.27665	0.757 0.29258
0	1.0 1.0	0.757 0.05398	0.99853 0.06959	0.99853 0.05398
0	1.0 1.0	0.09564 0.26966	0.0295 0.22693	0.0295 0.25743
0	1.0 1.0	0.09564 0.26966	0.09564 0.21469	0.0295 0.22693
0	1.0 1.0	0.09564 0.06268	0.1887 0.06959	0.09564 0.00772
0	1.0 1.0	0.09564 0.0766	0.09564 0.13157	0.1887 0.06959
0	1.0 1.0	0.1887 0.27665	0.09564 0.21469	0.09564 0.26966
0	1.0 1.0	0.1887 0.27665	0.1887 0.20762	0.09564 0.21469
0	1.0 1.0	0.60833 0.27665	0.60833 0.25138	0.1887 0.27665
0	1.0 1.0	0.99853 0.27665	0.60833 0.25138	0.60833 0.27665
0	1.0 1.0	0.99853 0.27665	0.99853 0.25138	0.60833 0.25138
0	1.0 1.0	0.1887 0.06959	0.60833 0.06959	0.1887 0.00099
0	1.0 1.0	0.1887 0.06959	0.60833 0.09469	0.60833 0.06959
0	1.0 1.0	0.1887 0.06959	0.60833 0.1136	0.60833 0.09469
0	1.0 1.0	0.1887 0.06959	0.1887 0.13875	0.60833 0.1136
0	1.0 1.0	0.60833 0.06959	0.99853 0.06959	0.757 0.05398
0	1.0 1.0	0.60833 0.06959	0.99853 0.09469	0.99853 0.06959
0	1.0 1.0	0.0295 0.18845	0.0295 0.15795	0.00026 0.1732
0	1.0 1.0	0.0295 0.18845	0.09564 0.14572	0.0295 0.15795
0	1.0 1.0	0.0295 0.11934	0.09564 0.13157	0.09564 0.0766
0	1.0 1.0	0.60833 0.09469	0.99853 0.09469	0.60833 0.06959
0	1.0 1.0	0.60833 0.25138	0.1887 0.20762	0.1887 0.27665
0	1.0 1.0	0.08319 0.57552	0.09651 0.57552	0.08319 0.56214
0	1.0 1.0	0.08288 0.57552	0.06956 0.56214	0.06956 0.57552
0	1.0 1.0	0.08288 0.56214	0.06956 0.56214	0.08288 0.57552
0	1.0 1.0	0.60833 0.1136	0.99853 0.13875	0.99853 0.1136
0	1.0 1.0	0.60833 0.23272	0.1887 0.20762	0.60833 0.25138
0	1.0 1.0	0.60833 0.23272	0.60833 0.20762	0.1887 0.20762
0	1.0 1.0	0.99853 0.23272	0.60833 0.20762	0.60833 0.23272
0	1.0 1.0	0.99853 0.23272	0.99853 0.20762	0.60833 0.20762
0	1.0 1.0	0.09564 0.20068	0.09564 0.14572	0.0295 0.18845
0	1.0 1.0	0.09564 0.20068	0.1887 0.13875	0.09564 0.14572
0	1.0 1.0	0.09564 0.13157	0.1887 0.13875	0.1887 0.06959
0	1.0 1.0	0.88068 0.57902	0.86746 0.81136	0.88068 0.81136
0	1.0 1.0	0.88068 0.57902	0.86746 0.55816	0.86746 0.81136
0	1.0 1.0	0.09651 0.57552	0.09651 0.56214	0.08319 0.56214
0	1.0 1.0	0.90278 0.81136	0.91615 0.81136	0.90278 0.57902
0	1.0 1.0	0.91615 0.81136	0.91615 0.55816	0.90278 0.57902
0	1.0 1.0	0.1887 0.20762	0.1887 0.13875	0.09564 0.20068
0	1.0 1.0	0.60833 0.20762	0.47931 0.18429	0.1887 0.20762
0	1.0 1.0	0.60833 0.20762	0.54131 0.18429	0.47931 0.18429
0	1.0 1.0	0.60833 0.20762	0.60833 0.13875	0.54131 0.18429
0	1.0 1.0	0.99853 0.20762	0.757 0.19179	0.60833 0.20762
0	1.0 1.0	0.99853 0.20762	0.99853 0.19179	0.757 0.19179
0	1.0 1.0	0.757 0.19179	0.757 0.15472	0.60833 0.20762
0	1.0 1.0	0.47931 0.18429	0.1887 0.13875	0.1887 0.20762
0	1.0 1.0	0.54131 0.18429	0.60833 0.13875	0.54131 0.16208
0	1.0 1.0	0.47931 0.16208	0.1887 0.13875	0.47931 0.18429
0	1.0 1.0	0.47931 0.16208	0.60833 0.13875	0.1887 0.13875
0	1.0 1.0	0.54131 0.16208	0.60833 0.13875	0.47931 0.16208
0	1.0 1.0	0.757 0.15472	0.60833 0.13875	0.60833 0.20762
0	1.0 1.0	0.757 0.15472	0.99853 0.13875	0.60833 0.13875
0	1.0 1.0	0.99853 0.15472	0.99853 0.13875	0.757 0.15472
0	1.0 1.0	0.1887 0.13875	0.60833 0.13875	0.60833 0.1136
0	1.0 1.0	0.60833 0.13875	0.99853 0.13875	0.60833 0.1136

NAMES 1
Hull

NORMALS
0.698 0.69798 0.16007
0.698 0.69798 0.16007
0.698 0.69798 0.16007
0 -1 0
0 -1 0
0 -1 0
0 0 -1
0 0 -1
0 0 -1
0.69799 -0.69799 0.16007
0.69799 -0.69799 0.16007
0.69799 -0.69799 0.16007
0.69799 -0.69799 0.16007
0 -1 0
0 1 0
0 1 0
0 1 0
0 0 -1
0 0 -1
0 0 -1
0 0 -1
0 1 0
0.89443 0 -0.4472
0.89443 0 -0.4472
0.89443 0 -0.4472
0.89443 0 -0.4472
0 0 -1
0 0 -1
0 0 -1
0 0 -1
0 0 -1
0 0 -1
0 0 -1
0 0 -1
0 0 -1
0.698 0.69798 0.16007
0 0 -1
-1 0 0
-1 0 0
-1 0 0
-1 0 0
-0.7071 -0.70711 0
-0.7071 -0.70711 0
-0.7071 -0.70711 0
-0.7071 -0.70711 0
0 0 -1
0 0 -1
0 0 -1
0 0 -1
0 0 -1
0 0 -1
0 -0.66161 0.74985
0 -0.66161 0.74985
0 -0.66161 0.74985
0 0 -1
0 0 -1
0 0 -1
0 0 -1
1 0 0
1 0 0
1 0 0
1 0 0
0 -1 0
0 -1 0
0 -1 0
0 -1 0
0 1 0
0 1 0
0 1 0
0 0 -1
0 1 0
0 1 0
0 1 0
0 -1 0
0 -1 0
0 -1 0
0 -1 0
0 1 0
0.7071 -0.70711 0
0.7071 -0.70711 0
0.7071 -0.70711 0
0 0 -1
0 0 -1
0 0 -1
0 0 -1
0 1 0
0 0 -1
0 0 -1
0 0 -1
0 -0.66161 0.74985
-1 0 0
-1 0 0
-1 0 0
-1 0 0
0 0 -1
0 0 -1
0 0 -1
0 0 -1
0 0 -1
0 0 -1
0 0 -1
0 0 -1
0 0 -1
0 0 -1
0 0 -1
0 0 -1
0 0 -1
0 0 -1
0 0 -1
0 0 -1
0 0 -1
0 0 -1
0 0 -1
0 0 -1
0 0 -1
-0.69799 -0.69799 0.16007
-0.69799 -0.69799 0.16007
-0.69799 -0.69799 0.16007
0 0 -1
0 0 -1
0 0 -1
0 0 -1
1 0 0
1 0 0
1 0 0
0.7071 0.70711 0
0.7071 0.70711 0
0.7071 0.70711 0
0 0 -1
0 0 -1
0.7071 0.70711 0
1 0 0
-0.69798 0.698 0.16007
-0.69798 0.698 0.16007
-0.69799 0.69799 0.16007
-0.69796 0.69802 0.16007
0 0 -1
-0.89442 0 -0.44722
-0.89442 0 -0.44722
-0.89442 0 -0.44722
-0.89442 0 -0.44722
-0.66167 0 0.74979
-0.66167 0 0.74979
-0.66167 0 0.74979
0 0 -1
0 0 -1
0 0 -1
0 0 -1
0 0 -1
-0.66167 0 0.74979
-0.69799 -0.69799 0.16007
0.62621 0.62618 -0.4645
0.6262 0.62619 -0.46451
0.6262 0.62619 -0.46451
0.62619 -0.62619 -0.46451
0.62619 -0.62619 -0.46451
0.62619 -0.62619 -0.46451
0 0 -1
0 0 -1
0 0 -1
0 0 -1
0.62619 -0.62619 -0.46451
0.62619 0.62619 -0.46451
0.66164 0 0.74982
0.66164 0 0.74982
0.66164 0 0.74982
0 0 -1
0 0 -1
0 0 -1
0 0 -1
0.66164 0 0.74982
1 0 0
1 0 0
1 0 0
1 0 0
0 0 -1
-0.7071 0.70711 0
-0.7071 0.70711 0
-0.7071 0.70711 0
0 0 -1
0 0 -1
0 0 -1
0 0 -1
-0.70709 -0.70712 0
-0.70709 -0.70712 0
-0.70709 -0.70712 0
-0.70709 -0.70712 0
-0.70711 0.70711 0
-0.70711 0.70711 0
-0.70711 0.70711 0
0 0 -1
0 0 -1
0 0 -1
-0.70711 0.70711 0
0 -0.96637 0.25717
0 -0.96637 0.25717
0 -0.96637 0.25717
0 0.66161 0.74985
0 0.66161 0.74985
0 0.66161 0.74985
0 0 -1
0 0 -1
0 0 -1
0 0 -1
0 -0.89443 -0.4472
0 -0.89443 -0.4472
0 -0.89443 -0.4472
0 0 -1
0 0 -1
0 0 -1
-0.7071 0.70711 0
0 0 -1
0 0 -1
0 0 -1
0 0 -1
0 0 -1
0.7071 -0.70711 0
0 -0.89443 -0.4472
0 -0.96637 0.25717
0 0.66161 0.74985
0.70708 0.70713 0
0.70709 0.70712 0.00001
0.7071 0.70711 0
0.7071 0.70711 0
0.70711 0.70711 0.00002
0.70711 0.70711 0
0.70711 0.70711 0
0.70711 0.70711 0
0.70708 0.70713 0
0.70711 0.70711 0
-0.70705 -0.70716 0
-0.70707 -0.70714 -0.00002
-0.70705 -0.70716 0
-0.7071 -0.70712 -0.00003
-0.70711 -0.7071 -0.00005
-0.70711 -0.7071 -0.00003
0.70711 0.70711 0
0.7071 0.70711 0
-0.70711 -0.7071 0
-1 0 0
-1 0 0
-1 0 0
-1 0 0
-0.62619 -0.62619 -0.4645
-0.62619 -0.62619 -0.4645
-0.62619 -0.62619 -0.4645
-0.96636 0 0.25718
-0.96636 0 0.25718
-0.96636 0 0.25718
-0.7071 -0.70711 0.00002
-0.62619 -0.62619 -0.4645
-0.96636 0 0.25718
0.70711 -0.70711 0
0.70711 -0.70711 0
0.70711 -0.70711 0
0.70711 -0.70711 0
0.70711 0.70711 0.00001
0.7071 0.70711 0
0.7071 0.70711 0.00002
0.96636 0 0.25718
0.96636 0 0.25718
0.96636 0 0.25718
0.70711 -0.70711 0
-0.70711 0.70711 -0.00001
-0.7071 0.70711 0
-0.7071 0.70711 -0.00002
-0.70711 -0.70711 0.00001
-0.70711 -0.70711 0
-0.70711 -0.70711 0
-0.70711 -0.70711 0
0.96636 0 0.25718
-0.70711 -0.7071 0.00002
0.6247 0.78086 0
0.6247 0.78086 0
0.6247 0.78086 0
0.6247 -0.78086 0
0.6247 -0.78086 0
0.6247 -0.78086 0
0.46747 0.88401 0
0.38267 0.92388 0
0.38267 0.92388 0
0.38267 -0.92388 0
0.38267 -0.92388 0
0.38267 -0.92388 0
0.50874 -0.86092 0
0.70711 -0.70711 0
0.70711 0.70711 0
0.70711 0.7071 -0.00001
0 0 -1
0 0 -1
0 0 -1
0 0 -1
0 0 -1
0 0 -1
0.38267 0.92388 0
-0.70711 0.70711 0
-0.70711 0.7071 0.00001
-0.70711 -0.70711 0
0.70711 -0.70711 0
0.70711 -0.70711 0
0.70708 0.70713 0
0.70708 0.70713 0
0.70709 0.70712 -0.00001
-0.70708 0.70713 0
-0.70708 0.70713 0
-0.70709 0.70712 0.00001
-0.70711 -0.70711 0
-0.70711 -0.70711 0
-0.78086 -0.6247 0
-0.78086 -0.6247 0
-0.78086 -0.6247 0
-0.78086 -0.6247 0
1 0 0
1 0 0
1 0 0
1 0 0
0 0.96637 0.25717
0 0.96637 0.25717
0 0.96637 0.25717
-0.92388 -0.38267 0
-0.92388 -0.38267 0
-0.92388 -0.38267 0
-0.92388 -0.38267 0
0 0 -1
0 0 -1
0.92388 0.38267 0
0.92388 0.38267 0
0.92388 0.38267 0
0.78086 0.6247 0
0.78086 0.6247 0
0.78086 0.6247 0
0.92388 0.38267 0
-1 0 0
-1 0 0
-1 0 0
-1 0 0
0 0.96637 0.25717
0.78086 0.6247 0
0.70713 -0.70708 0
0.70713 -0.70709 -0.00001
0.70713 -0.70708 0
0.70711 -0.7071 -0.00003
0.7071 -0.70711 -0.00004
0.7071 -0.70711 -0.00004
-0.70713 0.70708 0
-0.70712 0.70709 0.00001
-0.70711 0.7071 0
-0.70711 0.7071 -0.00001
-0.70711 0.7071 0
-0.70713 0.70708 0
-0.70711 0.70711 0
0.7071 -0.70711 0
-0.70711 0.7071 0
0 -1 0
0 -1 0
0 -1 0
0 -1 0
0 1 0
0 1 0
0 1 0
0.70711 -0.7071 0
0 1 0
-0.62617 0.6262 -0.46452
-0.62617 0.6262 -0.46452
-0.62619 0.62619 -0.46451
-0.62616 0.62621 -0.46454
-0.44225 0.86038 -0.25328
-0.44225 0.86038 -0.25328
-0.78086 0.6247 0
0 0.89443 -0.4472
-0.78086 0.6247 0
0 0.89443 -0.4472
-0.92388 0.38267 0
-0.92388 0.38267 0
-0.92388 0.38267 0
-0.92388 0.38267 0
0.92388 -0.38267 0
0.92388 -0.38267 0
0.92388 -0.38267 0
0.92388 -0.38267 0
0.78086 -0.6247 0
0.78086 -0.6247 0
0.78086 -0.6247 0
0.78086 -0.6247 0
0.70711 -0.70711 0
0.70711 -0.70711 0
0.70711 -0.70711 0
0.70711 -0.70711 0
0.95689 -0.2844 0.05892
1 0 0
0.97654 -0.21531 0
1 0 0
0.97873 0.20514 0
0.86347 -0.35766 0.35567
0.89413 0.43617 0.10146
0.5359 -0.83832 0.10009
1 0 0
0.92388 -0.38269 0
0.7071 -0.70711 0
0.7071 -0.70712 0
1 0 0
1 0 0
1 0 0
1 0 0
0.96754 0.25273 0
1 0 0
0.7071 0.70711 0
0.7071 0.70711 0
0.33735 0.93806 0.07895
0.7071 0.70712 0
0.83717 0.35708 0.41429
0.63917 -0.26475 0.72206
0.28995 -0.85087 0.43811
0.28995 0.85087 0.43811
0.38268 0.92388 0
0.7071 0.70712 0
0.70711 -0.70711 0
0.20513 -0.97873 0
0.70711 -0.70711 0
0.25272 -0.96754 0
0.58449 0.31695 0.74694
0 0 1
0.23636 0.57063 0.78646
-0.30297 -0.9483 0.09454
0 -1 0
0 -1 0
0 -1 0
-0.21531 -0.97655 0
0 -1 0
0 -1 0
0.21531 0.97655 0
0 1 0
0 1 0
-0.20513 0.97873 0
0 1 0
0.23636 -0.57063 0.78646
-0.18918 -0.63741 0.74694
-0.40524 -0.79722 0.44746
-0.47357 0.87282 0.11793
0 -1 0
0 1 0
0 1 0
-0.18918 0.63741 0.74694
0 1 0
-0.58449 0.31695 0.74694
0 -1 0
0 1 0
-0.63917 -0.26475 0.72206
-0.40524 0.79722 0.44746
-0.38268 -0.92388 0
0 -1 0
-0.25272 0.96754 0
0 1 0
-0.86347 -0.35766 0.35568
-0.83717 0.35708 0.41429
-0.89742 -0.43596 0.06761
-0.7071 -0.70711 0
-0.7071 -0.70712 0
-0.7071 0.70711 0
-0.7071 0.70711 0
-0.95454 0.28467 0.08847
-0.7071 0.70712 0
-0.38267 0.92388 0
-0.38267 0.92388 0
-0.38267 0.92388 0
-0.38267 -0.92388 0
-0.46747 -0.88401 0
-0.38267 -0.92388 0
-0.38267 -0.92388 0
-0.92388 0.38269 0
-0.7071 0.70712 0
-0.7071 -0.70711 0
-0.96754 -0.25273 0
-0.7071 -0.70712 0
-0.96754 -0.25273 0
-0.62469 0.78087 0
-0.62469 0.78087 0
-0.50874 0.86092 0
-0.62468 0.78088 0
-0.62469 -0.78087 0
-0.62469 -0.78087 0
-0.62468 -0.78088 0
-1 0 0
-1 0 0
-0.98229 0.18737 0
-1 0 0
-1 0 0
-1 0 0
-1 0 0
-1 0 0
-1 0 0

END
