// Converted by Obj2DatTexNorm.py Wavefront OBJ file conversion script
// (c) 2005-2013 By Giles Williams and Jens Ayton
// 
// original file: "oolite_ferdy.obj"
// 
// model size: 40.464 x 20.353 x 94.494
// 
// materials used: ['Engine', 'Hull']
// 
NVERTS 921
NFACES 601

VERTEX
-3.48161 4.01944 -40.8519
-3.48161 -1.00403 -47.0948
-3.48161 -1.00403 -40.8519
-2.55469 -1.93095 -40.8519
-2.55469 -1.93095 -47.0948
2.54794 -1.93095 -40.8519
3.47486 4.01944 -40.8519
3.47486 4.01944 -47.0948
2.54794 4.94636 -40.8519
-3.48161 4.01944 -47.0948
2.54794 4.94636 -47.0948
2.54794 -1.93095 -47.0948
-0.54696 -5.29324 47.3988
0.54475 -5.29324 47.3988
-0.27403 -5.76596 47.3988
-0.27403 -4.82051 47.3988
0.27182 -4.82051 47.3988
0.27182 -5.76596 47.3988
-3.48161 -1.00403 -40.8519
-2.55469 -1.93095 -47.0948
-2.55469 -1.93095 -40.8519
-3.48161 -1.00403 -47.0948
3.47486 4.01944 -40.8519
3.47486 -1.00403 -47.0948
3.47486 4.01944 -47.0948
-2.55469 4.94636 -40.8519
-3.48161 4.01944 -47.0948
-3.48161 4.01944 -40.8519
3.47486 -1.00403 -40.8519
-2.55469 4.94636 -47.0948
-0.27403 -4.82051 41.7741
-0.27403 -4.82051 47.3988
-0.54696 -5.29324 41.7741
-0.54696 -5.29324 47.3988
-0.27403 -5.76596 41.7741
0.27182 -4.82051 41.7741
0.27182 -4.82051 47.3988
0.54475 -5.29324 41.7741
-0.27403 -5.76596 47.3988
0.27182 -5.76596 41.7741
0.27182 -5.76596 47.3988
0.54475 -5.29324 47.3988
2.54794 4.94636 -40.8519
2.54794 4.94636 -47.0948
-2.55469 4.94636 -40.8519
-2.55469 4.94636 -47.0948
2.54794 -1.93095 -40.8519
2.54794 -1.93095 -47.0948
3.47486 -1.00403 -40.8519
3.47486 -1.00403 -47.0948
-3.48161 -1.00403 -40.8519
-2.55469 -1.93095 -40.8519
-3.48161 4.01944 -40.8519
-2.55469 4.94636 -40.8519
2.54794 -1.93095 -40.8519
2.54794 4.94636 -40.8519
3.47486 -1.00403 -40.8519
3.47486 4.01944 -40.8519
4.02665 -4.57636 -41.3697
3.81158 -4.12903 -41.3697
-4.02665 -4.57636 -41.3697
-5.2623 5.86536 -41.3697
-4.23235 7.2958 -43.2799
-4.23272 7.2958 -41.3697
-5.26649 5.86536 -43.2799
-4.44204 6.00971 -43.2799
-4.44204 6.00971 -40.3849
-3.90296 6.64615 -43.2799
-4.23272 7.2958 -41.3697
-3.76027 7.2958 -42.0843
-4.13 8.00872 -41.3697
-3.90319 6.64615 -40.3849
3.77275 7.2958 -42.0843
4.23272 7.2958 -41.3697
4.11364 8.00872 -41.3697
4.23086 7.2958 -43.2799
5.2623 5.86536 -41.3697
4.23272 7.2958 -41.3697
4.44204 6.00971 -43.2799
4.44204 -2.13692 -40.3849
4.44204 -2.13692 -43.2799
5.26649 5.86536 -43.2799
4.56013 7.2958 -41.3697
18.7595 5.49081 -9.16514
3.67252 10.5311 -15.8061
-5.68261 0.45103 -41.3697
-5.68261 0.15892 -33.665
-5.68261 -2.94492 -41.3697
-5.2623 -2.73511 -41.3697
-3.81693 -4.12903 -43.2799
-5.26649 -2.73511 -43.2799
-3.81158 -4.12903 -41.3697
-4.44204 -2.13692 -43.2799
-3.30825 -3.47485 -40.3849
-4.44204 -2.13692 -40.3849
5.26649 -2.73511 -43.2799
3.81693 -4.12903 -43.2799
5.2623 -2.73511 -41.3697
-3.30825 -3.47485 -43.2799
-4.02665 -4.57636 -41.3697
-3.80172 -4.57636 -33.665
4.02665 -4.57636 -41.3697
3.81158 -4.12903 -41.3697
5.68792 -2.94492 -41.3697
5.68792 0.15892 -33.665
5.68792 0.45103 -41.3697
5.68792 -2.85384 -33.665
4.44204 6.00971 -40.3849
5.68792 0.15892 -41.2944
19.0927 0.15892 -8.58093
20.232 0.86846 -8.58093
-5.68261 -2.85384 -33.665
7.40515 0.15892 -33.665
10.7078 -3.73832 -17.8251
10.6936 0.15892 -17.8251
-7.36652 -3.73832 -33.665
-10.7078 -3.73832 -17.8251
-6.95425 -4.75275 -33.665
-6.95425 -4.75275 -33.665
-4.68719 -5.48232 -11.6778
-5.9996 -5.48232 -33.665
3.80172 -4.57636 -33.665
5.9996 -5.48232 -33.665
4.68719 -5.48232 -11.6778
6.95425 -4.75275 -33.665
7.36652 -3.73832 -33.665
-3.67321 10.5311 -15.8061
-18.7595 5.49081 -9.16514
-4.56013 7.2958 -41.3697
-2.05866 12.5223 -14.8579
-3.44463 8.23712 -6.54814
-3.54428 10.5536 -14.8579
-1.78817 10.306 -6.55125
-2.39367 12.5187 -18.1667
2.04632 12.5223 -14.8579
-2.05866 12.5223 -14.8579
2.37923 12.5187 -18.1667
2.04632 12.5223 -14.8579
3.44405 8.23712 -6.54814
1.78726 10.306 -6.55125
3.5436 10.5536 -14.8579
-10.6936 0.15892 -17.8251
-19.0927 0.15892 -8.58093
-10.7078 -3.73832 -17.8251
-10.4659 -5.49959 -16.4061
-18.7595 5.49081 -9.16514
-18.6979 5.49081 -8.03653
-20.232 4.06037 -8.58093
-20.232 4.06037 -8.58093
-2.8744 -5.01878 41.0038
-20.232 -4.08068 -8.58093
20.232 4.06037 -8.58093
2.8744 -5.01878 41.0038
18.6979 5.49081 -8.03653
-20.232 0.86846 -8.58093
-19.0927 0.15892 -8.58093
-5.68261 0.15892 -41.2944
-19.0927 -4.20636 -8.58093
-20.232 -4.08068 -8.58093
-17.8708 -5.48232 -8.58093
-19.0927 -4.20636 -8.58093
-2.8458 -5.48232 41.0038
20.232 -4.08068 -8.58093
19.0927 -4.20636 -8.58093
17.8784 -5.48232 -8.58093
-1.47495 9.94226 -6.55125
-2.12061 7.94457 -3.39421
-2.7115 8.52497 -6.55125
2.12061 7.94457 -3.39421
2.7115 8.52497 -6.55125
3.44405 8.23712 -6.54814
2.8458 -5.48232 41.0038
2.8744 -5.01878 41.0038
-0.07635 -7.21714 39.784
0.0332 -7.54856 39.9331
-0.06133 -7.21714 39.6357
0.05522 -7.64713 39.8233
0.08711 -7.21714 39.6507
0.07208 -7.21714 39.7991
0.16758 -7.48928 39.9068
0.1896 -7.58785 39.797
0.24973 -7.83057 40.2425
0.20116 -7.6926 40.272
0.32669 -7.63613 40.2144
0.37526 -7.7741 40.185
0.5116 -7.68749 41.1509
0.5871 -7.81314 41.1787
0.63283 -7.62887 41.0866
0.70832 -7.75453 41.1144
0.9031 -7.46693 42.0529
0.83738 -7.33685 42.021
0.94195 -5.77739 44.2188
1.26917 -6.0798 44.0376
1.01144 -5.71735 44.3364
0.96206 -7.29045 41.9534
1.02778 -7.42052 41.9854
1.10147 -7.02349 42.9274
1.09195 -6.88307 42.8778
1.23853 -6.88296 42.85
1.24805 -7.02337 42.8995
1.26185 -6.58923 43.6179
0.89737 -5.8918 44.3036
1.27501 -6.44881 43.5693
0.96686 -5.83175 44.4211
1.23061 -6.1942 44.1252
1.30813 -6.13416 44.2377
1.34669 -6.01975 44.15
1.4058 -6.58911 43.6572
1.41896 -6.4487 43.6085
-4.33621 4.37343 -47.0948
-2.90868 5.80096 -40.3641
-4.33621 4.37343 -40.3641
-2.90868 5.80096 -47.0948
2.90192 5.80096 -47.0948
4.32945 4.37343 -40.3641
2.90192 5.80096 -40.3641
4.32945 4.37343 -47.0948
-2.90868 -2.78554 -47.0948
-2.90868 -2.78554 -40.3641
2.90192 -2.78554 -47.0948
2.90192 -2.78554 -40.3641
-0.44223 -5.47804 31.8232
-0.33281 -6.86903 38.7014
0.45289 -5.47804 31.8232
0.35048 -6.86903 38.7014
-0.41593 -4.4195 40.943
0.44342 -4.4195 40.943
-0.41593 -4.4195 41.7741
-0.84635 -4.93907 40.943
-0.84635 -4.93907 41.7741
-0.33281 -6.86903 40.9437
-0.33281 -6.86903 41.7741
0.18799 -6.04603 40.0427
0.18799 -6.86903 41.7741
0.18799 -6.86903 40.0427
0.18799 -6.04603 41.7741
0.44342 -4.4195 41.7741
0.87383 -4.93907 41.7741
0.87383 -4.93907 40.943
0.35048 -6.86903 40.9437
-0.38383 -4.65656 43.6437
0.72726 -5.29805 43.6437
0.3569 -4.65656 43.6437
-0.75419 -5.29805 43.6437
-0.38383 -5.93954 43.6437
0.3569 -5.93954 43.6437
-0.75419 -5.29805 44.9876
0.72726 -5.29805 44.9876
-0.38383 -5.93954 44.9876
-0.38383 -4.65656 44.9876
0.3569 -4.65656 44.9876
0.3569 -5.93954 44.9876
-1.1391 -5.6472 44.4508
-0.89919 -6.06273 44.4508
-1.09328 -5.72656 44.1688
-1.01914 -5.85496 44.6251
-0.94501 -5.98337 44.1688
-0.94164 -5.85605 41.4911
-0.64324 -5.76381 41.4911
-0.87947 -6.05941 41.6456
-0.9179 -5.93373 41.2411
-0.58106 -5.96718 41.6456
-0.82042 -6.25274 41.4911
-0.61949 -5.84149 41.2411
-0.54263 -6.09286 41.2411
-0.84417 -6.17507 41.2411
-0.51889 -6.17054 41.4911
0.89712 -5.95761 44.1098
1.08345 -5.63489 44.3805
1.03946 -5.71107 44.1098
0.85314 -6.03379 44.3805
0.96829 -5.83434 44.5479
-0.10429 -7.21426 39.5816
0.15656 -7.21426 39.7711
0.09499 -7.21426 39.5816
-0.16587 -7.21426 39.7711
-0.00465 -7.21426 39.8883
-0.24987 -5.94166 44.4508
-0.15824 -6.44617 44.1688
-0.15824 -5.94166 44.1688
-0.24988 -6.44617 44.4508
-0.00997 -6.44617 44.6251
-0.00997 -5.94166 44.6251
0.1383 -5.94166 44.1688
0.22994 -6.44617 44.4508
0.1383 -6.44617 44.1688
0.22994 -5.94166 44.4508
-2.78894 -5.264 42.4357
-2.56161 -5.4913 40.9991
-2.78894 -5.264 40.9991
-2.56161 -5.4913 42.4357
-2.56159 -5.03667 42.4357
-2.56159 -5.03667 40.9991
-2.33428 -5.26399 40.9991
-2.33428 -5.26399 42.4357
-0.15448 -4.42087 44.7454
0.14876 -4.55723 44.2522
0.14876 -4.42087 44.7454
-0.15448 -4.55723 44.2522
2.54568 -5.0432 42.4316
2.5457 -5.4954 42.4316
2.31959 -5.26931 42.4316
2.77182 -5.26932 42.4316
9.7396 -2.73565 -28.8977
8.06221 -4.30085 -28.5066
9.97433 -2.73565 -27.881
8.29694 -4.30085 -27.4899
10.2584 -2.73565 -26.6388
8.58103 -4.30085 -26.2477
10.4931 -2.73565 -25.6221
8.81576 -4.30085 -25.231
9.49582 0.60603 -30.1095
9.26109 0.60603 -31.1262
9.49582 -2.73565 -30.1095
9.26109 -2.73565 -31.1262
5.68488 -0.94437 -39.5972
5.68488 -0.94437 -33.665
6.52139 -0.94437 -38.8439
6.52139 -0.136 -38.8439
5.68627 -0.136 -33.665
5.68627 -0.136 -39.5972
6.52139 -0.136 -33.665
6.52139 -0.94437 -33.665
-6.52139 -0.136 -38.8439
-6.52139 -0.94437 -38.8439
-5.68627 -0.136 -39.5972
-5.68488 -0.94437 -39.5972
-9.97433 0.60603 -27.881
-9.97433 -2.73565 -27.881
-9.7396 0.60603 -28.8977
-9.7396 -2.73565 -28.8977
-8.7117 0.60603 -33.3242
-8.7117 -2.73565 -33.3242
-7.45418 0.60603 -33.0339
-7.03431 -4.30085 -32.9331
-7.68891 0.60603 -32.0171
-8.94643 -2.73565 -32.3075
-8.94643 0.60603 -32.3075
-7.26904 -4.30085 -31.9164
-1.03455 -4.32849 40.9977
-1.33772 -5.04524 40.9977
-1.03455 -4.32849 38.7197
1.33499 -5.04524 40.9977
1.03181 -4.32849 40.9977
1.03181 -4.32849 38.7197
-3.81158 -4.12903 -41.3697
-4.13 8.00872 -41.3697
2.37923 12.5187 -18.1667
-2.39367 12.5187 -18.1667
4.11364 8.00872 -41.3697
-5.2623 5.86536 -41.3697
-5.26649 -2.73511 -43.2799
-5.26649 5.86536 -43.2799
-5.2623 -2.73511 -41.3697
-4.44204 6.00971 -43.2799
-4.44204 -2.13692 -40.3849
-4.44204 6.00971 -40.3849
-4.23272 7.2958 -41.3697
-4.23235 7.2958 -43.2799
-3.76027 7.2958 -42.0843
-4.56013 7.2958 -41.3697
-18.7595 5.49081 -9.16514
-5.68261 5.86536 -41.3697
3.77275 7.2958 -42.0843
4.23086 7.2958 -43.2799
3.90296 6.64615 -43.2799
4.44204 6.00971 -40.3849
4.44204 6.00971 -43.2799
4.23272 7.2958 -41.3697
5.26649 5.86536 -43.2799
5.26649 -2.73511 -43.2799
5.2623 5.86536 -41.3697
5.68792 5.86536 -41.3697
18.7595 5.49081 -9.16514
4.56013 7.2958 -41.3697
20.232 4.06037 -8.58093
-4.44204 -2.13692 -43.2799
4.44204 -2.13692 -43.2799
3.30825 -3.47485 -40.3849
3.30825 -3.47485 -43.2799
5.2623 -2.73511 -41.3697
-5.68261 -2.94492 -41.3697
-5.68261 -2.85384 -33.665
-4.02665 -4.57636 -41.3697
4.02665 -4.57636 -41.3697
5.68792 -2.85384 -33.665
5.68792 -2.94492 -41.3697
3.90319 6.64615 -40.3849
4.44204 -2.13692 -40.3849
-7.40515 0.15892 -33.665
-10.7078 -3.73832 -17.8251
-7.36652 -3.73832 -33.665
5.68792 0.15892 -33.665
7.40515 0.15892 -33.665
5.68792 0.15892 -41.2944
19.0927 0.15892 -8.58093
-3.80172 -4.57636 -33.665
3.80172 -4.57636 -33.665
6.95425 -4.75275 -33.665
10.7078 -3.73832 -17.8251
7.36652 -3.73832 -33.665
-3.54428 10.5536 -14.8579
-18.7595 5.49081 -9.16514
-3.67321 10.5311 -15.8061
-18.6979 5.49081 -8.03653
2.04632 12.5223 -14.8579
-1.78817 10.306 -6.55125
-2.05866 12.5223 -14.8579
1.78726 10.306 -6.55125
3.5436 10.5536 -14.8579
18.7595 5.49081 -9.16514
18.6979 5.49081 -8.03653
3.67252 10.5311 -15.8061
-10.6936 0.15892 -17.8251
10.6936 0.15892 -17.8251
-10.7078 -3.73832 -17.8251
-17.8708 -5.48232 -8.58093
-10.4659 -5.49959 -16.4061
10.4659 -5.49959 -16.4061
-20.232 4.06037 -8.58093
-18.6979 5.49081 -8.03653
-2.8744 -5.01878 41.0038
-20.232 4.06037 -8.58093
-20.232 0.86846 -8.58093
-19.0927 0.15892 -8.58093
19.0927 0.15892 -8.58093
20.232 0.86846 -8.58093
-19.0927 -4.20636 -8.58093
-20.232 -4.08068 -8.58093
-2.8458 -5.48232 41.0038
-17.8708 -5.48232 -8.58093
17.8784 -5.48232 -8.58093
2.8458 -5.48232 41.0038
20.232 -4.08068 -8.58093
-2.7115 8.52497 -6.55125
-2.12061 7.94457 -3.39421
-3.44463 8.23712 -6.54814
-2.8744 -5.01878 41.0038
2.8744 -5.01878 41.0038
1.47495 9.94226 -6.55125
2.7115 8.52497 -6.55125
2.12061 7.94457 -3.39421
3.44405 8.23712 -6.54814
2.12061 7.94457 -3.39421
-4.33621 4.37343 -47.0948
-4.33621 4.37343 -40.3641
-4.33621 -1.35801 -47.0948
-2.90868 5.80096 -47.0948
2.90192 5.80096 -40.3641
-2.90868 5.80096 -40.3641
2.90192 5.80096 -47.0948
4.32945 -1.35801 -47.0948
2.90192 -2.78554 -40.3641
4.32945 -1.35801 -40.3641
2.90192 -2.78554 -47.0948
-4.33621 -1.35801 -40.3641
-0.44223 -5.47804 31.8232
-0.55063 -5.47804 40.9437
-0.33281 -6.86903 38.7014
0.35048 -6.86903 38.7014
0.5683 -5.47804 40.9437
0.45289 -5.47804 31.8232
-0.41593 -4.4195 40.943
-0.84635 -4.93907 41.7741
-0.84635 -4.93907 40.943
-0.41593 -4.4195 41.7741
-0.33281 -6.86903 40.0427
-0.33281 -6.86903 40.9437
-0.16984 -6.04603 40.0427
0.18799 -6.04603 41.7741
0.18799 -6.04603 40.0427
-0.16984 -6.04603 41.7741
0.44342 -4.4195 40.943
0.87383 -4.93907 40.943
0.44342 -4.4195 41.7741
0.35048 -6.86903 40.0427
0.35048 -6.86903 40.9437
0.35048 -6.86903 41.7741
0.87383 -4.93907 41.7741
-0.38383 -4.65656 43.6437
-0.38383 -4.65656 44.9876
-0.75419 -5.29805 43.6437
0.3569 -4.65656 43.6437
-0.38383 -5.93954 44.9876
0.3569 -5.93954 43.6437
-0.38383 -5.93954 43.6437
0.3569 -5.93954 44.9876
-0.75419 -5.29805 44.9876
0.3569 -4.65656 44.9876
0.72726 -5.29805 43.6437
0.72726 -5.29805 44.9876
-1.1391 -5.6472 44.4508
-0.70218 -5.39495 44.4508
-1.01914 -5.85496 44.6251
-1.09328 -5.72656 44.1688
-0.58223 -5.60271 44.6251
-0.89919 -6.06273 44.4508
-0.65636 -5.47431 44.1688
-0.50809 -5.73112 44.1688
-0.94501 -5.98337 44.1688
-0.46228 -5.81048 44.4508
-0.94164 -5.85605 41.4911
-0.82042 -6.25274 41.4911
-0.9179 -5.93373 41.2411
-0.87947 -6.05941 41.6456
-0.84417 -6.17507 41.2411
0.44161 -5.79134 44.3805
0.89712 -5.95761 44.1098
0.48559 -5.71516 44.1098
0.85314 -6.03379 44.3805
0.96829 -5.83434 44.5479
0.62793 -5.46862 44.1098
1.03946 -5.71107 44.1098
0.55676 -5.59189 44.5479
0.67192 -5.39243 44.3805
1.08345 -5.63489 44.3805
-0.16292 -6.87197 39.7711
-0.10429 -7.21426 39.5816
-0.10135 -6.87197 39.5816
-0.16587 -7.21426 39.7711
-0.00465 -7.21426 39.8883
-0.00171 -6.87197 39.8883
0.09793 -6.87197 39.5816
0.15656 -7.21426 39.7711
0.09499 -7.21426 39.5816
0.15951 -6.87197 39.7711
-0.15824 -6.44617 44.1688
0.22994 -6.44617 44.4508
0.1383 -6.44617 44.1688
-0.24988 -6.44617 44.4508
-0.00997 -6.44617 44.6251
-2.78894 -5.264 42.4357
-2.56159 -5.03667 42.4357
-2.56161 -5.4913 42.4357
-2.33428 -5.26399 42.4357
-0.15448 -4.42087 44.7454
-0.15448 -4.65434 44.7454
-0.15448 -4.55723 44.2522
-0.15448 -4.65434 44.2522
0.14876 -4.42087 44.7454
0.14876 -4.55723 44.2522
0.14876 -4.65434 44.7454
0.14876 -4.65434 44.2522
2.54568 -5.0432 40.9927
2.31959 -5.26931 42.4316
2.31959 -5.26931 40.9927
2.54568 -5.0432 42.4316
2.77182 -5.26932 40.9927
2.5457 -5.4954 42.4316
2.5457 -5.4954 40.9927
2.77182 -5.26932 42.4316
7.45418 0.60603 -33.0339
8.7117 -2.73565 -33.3242
8.7117 0.60603 -33.3242
7.03431 -4.30085 -32.9331
8.94643 0.60603 -32.3075
8.94643 -2.73565 -32.3075
7.68891 0.60603 -32.0171
7.26904 -4.30085 -31.9164
9.97433 0.60603 -27.881
9.7396 0.60603 -28.8977
9.97433 -2.73565 -27.881
9.7396 -2.73565 -28.8977
8.00356 0.60603 -30.8359
9.26109 -2.73565 -31.1262
9.26109 0.60603 -31.1262
7.5837 -4.30085 -30.7351
9.49582 -2.73565 -30.1095
8.23829 0.60603 -29.8192
9.49582 0.60603 -30.1095
7.81843 -4.30085 -29.7184
5.68488 -2.44524 -39.5972
5.68488 -2.44524 -33.665
6.52139 -2.44524 -38.8439
6.52139 -1.63687 -38.8439
5.68627 -1.63687 -33.665
5.68627 -1.63687 -39.5972
6.52139 -1.63687 -33.665
6.52139 -2.44524 -33.665
-6.52139 -0.136 -38.8439
-5.68627 -0.136 -33.665
-6.52139 -0.136 -33.665
-5.68627 -0.136 -39.5972
-6.52139 -0.94437 -38.8439
-5.68488 -0.94437 -33.665
-5.68488 -0.94437 -39.5972
-6.52139 -0.94437 -33.665
-6.52139 -1.63687 -38.8439
-6.52139 -2.44524 -38.8439
-5.68627 -1.63687 -39.5972
-5.68488 -2.44524 -39.5972
-10.4931 0.60603 -25.6221
-10.4931 -2.73565 -25.6221
-10.2584 0.60603 -26.6388
-10.2584 -2.73565 -26.6388
-9.49582 0.60603 -30.1095
-9.49582 -2.73565 -30.1095
-9.26109 0.60603 -31.1262
-9.26109 -2.73565 -31.1262
1.03181 -4.32849 38.7197
-1.03455 -4.32849 40.9977
-1.03455 -4.32849 38.7197
1.03181 -4.32849 40.9977
-4.13 8.00872 -41.3697
-3.76027 7.2958 -42.0843
4.11364 8.00872 -41.3697
-4.13 8.00872 -41.3697
-2.39367 12.5187 -18.1667
-4.56013 7.2958 -41.3697
-5.68261 5.86536 -41.3697
-20.232 4.06037 -8.58093
-5.68261 0.45103 -41.3697
-3.67321 10.5311 -15.8061
3.77275 7.2958 -42.0843
-3.90296 6.64615 -43.2799
-3.90319 6.64615 -40.3849
3.90296 6.64615 -43.2799
4.56013 7.2958 -41.3697
2.37923 12.5187 -18.1667
4.11364 8.00872 -41.3697
3.67252 10.5311 -15.8061
-20.232 0.86846 -8.58093
-5.68261 0.15892 -41.2944
5.68792 0.45103 -41.3697
20.232 4.06037 -8.58093
5.68792 5.86536 -41.3697
20.232 0.86846 -8.58093
3.30825 -3.47485 -43.2799
-3.30825 -3.47485 -40.3849
-3.30825 -3.47485 -43.2799
3.30825 -3.47485 -40.3849
3.90319 6.64615 -40.3849
5.68792 0.15892 -41.2944
-7.40515 0.15892 -33.665
-7.36652 -3.73832 -33.665
-5.68261 0.15892 -33.665
5.68792 0.15892 -33.665
7.36652 -3.73832 -33.665
7.40515 0.15892 -33.665
-5.68261 -2.85384 -33.665
-6.95425 -4.75275 -33.665
-3.80172 -4.57636 -33.665
-5.9996 -5.48232 -33.665
3.80172 -4.57636 -33.665
5.9996 -5.48232 -33.665
6.95425 -4.75275 -33.665
5.68792 -2.85384 -33.665
-3.54428 10.5536 -14.8579
-2.8744 -5.01878 41.0038
-18.6979 5.49081 -8.03653
10.7078 -3.73832 -17.8251
19.0927 0.15892 -8.58093
10.6936 0.15892 -17.8251
19.0927 -4.20636 -8.58093
18.6979 5.49081 -8.03653
2.8744 -5.01878 41.0038
3.5436 10.5536 -14.8579
18.7595 5.49081 -9.16514
20.232 4.06037 -8.58093
18.6979 5.49081 -8.03653
-3.44463 8.23712 -6.54814
-1.78817 10.306 -6.55125
-2.7115 8.52497 -6.55125
-1.47495 9.94226 -6.55125
1.47495 9.94226 -6.55125
1.78726 10.306 -6.55125
2.7115 8.52497 -6.55125
3.44405 8.23712 -6.54814
4.32945 4.37343 -47.0948
4.32945 -1.35801 -40.3641
4.32945 4.37343 -40.3641
-4.33621 -1.35801 -47.0948
-4.33621 -1.35801 -40.3641
-2.90868 -2.78554 -47.0948
4.32945 -1.35801 -47.0948
-2.90868 -2.78554 -40.3641
-0.84635 -4.93907 40.943
-0.33281 -6.86903 40.9437
-0.55063 -5.47804 40.9437
-0.33281 -6.86903 41.7741
-0.16984 -6.04603 41.7741
-0.16984 -6.86903 41.7741
-0.84635 -4.93907 41.7741
0.18799 -6.04603 41.7741
0.87383 -4.93907 41.7741
-0.41593 -4.4195 41.7741
0.44342 -4.4195 41.7741
0.35048 -6.86903 41.7741
0.18799 -6.86903 41.7741
0.35048 -6.86903 40.9437
0.87383 -4.93907 40.943
0.5683 -5.47804 40.9437
-0.15448 -4.42087 44.7454
0.14876 -4.42087 44.7454
-0.15448 -4.65434 44.7454
-0.15448 -4.65434 44.2522
0.14876 -4.55723 44.2522
-0.15448 -4.55723 44.2522
0.14876 -4.65434 44.2522
0.14876 -4.65434 44.7454
8.94643 0.60603 -32.3075
8.7117 0.60603 -33.3242
8.94643 -2.73565 -32.3075
8.7117 -2.73565 -33.3242
8.48208 0.60603 -28.6074
9.7396 -2.73565 -28.8977
9.7396 0.60603 -28.8977
8.06221 -4.30085 -28.5066
9.97433 0.60603 -27.881
9.97433 -2.73565 -27.881
8.71681 0.60603 -27.5906
8.29694 -4.30085 -27.4899
9.00089 0.60603 -26.3485
10.2584 -2.73565 -26.6388
10.2584 0.60603 -26.6388
8.58103 -4.30085 -26.2477
10.4931 0.60603 -25.6221
10.4931 -2.73565 -25.6221
9.23562 0.60603 -25.3317
8.81576 -4.30085 -25.231
9.26109 -2.73565 -31.1262
7.5837 -4.30085 -30.7351
9.49582 -2.73565 -30.1095
7.81843 -4.30085 -29.7184
5.68627 -0.136 -39.5972
6.52139 -0.94437 -38.8439
6.52139 -0.136 -38.8439
5.68488 -0.94437 -39.5972
5.68627 -1.63687 -39.5972
6.52139 -2.44524 -38.8439
6.52139 -1.63687 -38.8439
5.68488 -2.44524 -39.5972
-6.52139 -1.63687 -38.8439
-5.68627 -1.63687 -33.665
-6.52139 -1.63687 -33.665
-5.68627 -1.63687 -39.5972
-6.52139 -2.44524 -38.8439
-5.68488 -2.44524 -33.665
-5.68488 -2.44524 -39.5972
-6.52139 -2.44524 -33.665
-10.4931 -2.73565 -25.6221
-8.58103 -4.30085 -26.2477
-10.2584 -2.73565 -26.6388
-8.81576 -4.30085 -25.231
-9.49582 0.60603 -30.1095
-8.23829 0.60603 -29.8192
-9.49582 -2.73565 -30.1095
-9.26109 0.60603 -31.1262
-9.26109 -2.73565 -31.1262
-8.00356 0.60603 -30.8359
-7.5837 -4.30085 -30.7351
-7.81843 -4.30085 -29.7184
-9.7396 0.60603 -28.8977
-9.7396 -2.73565 -28.8977
-8.48208 0.60603 -28.6074
-8.06221 -4.30085 -28.5066
-8.71681 0.60603 -27.5906
-9.97433 -2.73565 -27.881
-9.97433 0.60603 -27.881
-8.29694 -4.30085 -27.4899
-8.94643 0.60603 -32.3075
-8.94643 -2.73565 -32.3075
-8.7117 0.60603 -33.3242
-8.7117 -2.73565 -33.3242
-5.26649 5.86536 -43.2799
-4.44204 -2.13692 -43.2799
-4.44204 6.00971 -43.2799
-4.23235 7.2958 -43.2799
-3.90296 6.64615 -43.2799
4.23086 7.2958 -43.2799
3.90296 6.64615 -43.2799
4.44204 6.00971 -43.2799
5.26649 5.86536 -43.2799
4.44204 -2.13692 -43.2799
-5.26649 -2.73511 -43.2799
-3.81693 -4.12903 -43.2799
-3.30825 -3.47485 -43.2799
5.26649 -2.73511 -43.2799
3.81693 -4.12903 -43.2799
3.30825 -3.47485 -43.2799
-4.44204 6.00971 -40.3849
3.90319 6.64615 -40.3849
-3.90319 6.64615 -40.3849
4.44204 6.00971 -40.3849
-3.30825 -3.47485 -40.3849
3.30825 -3.47485 -40.3849
4.44204 -2.13692 -40.3849
-5.68261 0.15892 -41.2944
-19.0927 0.15892 -8.58093
-7.40515 0.15892 -33.665
-4.44204 -2.13692 -40.3849
-5.68261 0.15892 -33.665
-10.6936 0.15892 -17.8251
-3.67321 10.5311 -15.8061
-2.05866 12.5223 -14.8579
-3.54428 10.5536 -14.8579
-2.39367 12.5187 -18.1667
2.04632 12.5223 -14.8579
3.67252 10.5311 -15.8061
3.5436 10.5536 -14.8579
2.37923 12.5187 -18.1667
10.4659 -5.49959 -16.4061
17.8784 -5.48232 -8.58093
10.7078 -3.73832 -17.8251
19.0927 -4.20636 -8.58093
20.232 -4.08068 -8.58093
2.8744 -5.01878 41.0038
20.232 4.06037 -8.58093
-1.47495 9.94226 -6.55125
2.12061 7.94457 -3.39421
-2.12061 7.94457 -3.39421
1.47495 9.94226 -6.55125
2.8458 -5.48232 41.0038
-4.33621 4.37343 -47.0948
-3.48161 4.01944 -47.0948
-2.90868 5.80096 -47.0948
-3.48161 -1.00403 -47.0948
-2.55469 4.94636 -47.0948
2.90192 5.80096 -47.0948
3.47486 4.01944 -47.0948
4.32945 4.37343 -47.0948
2.54794 4.94636 -47.0948
3.47486 -1.00403 -47.0948
4.32945 -1.35801 -47.0948
-4.33621 -1.35801 -47.0948
2.90192 -2.78554 -47.0948
-2.90868 -2.78554 -47.0948
2.54794 -1.93095 -47.0948
-2.55469 -1.93095 -47.0948
-0.33281 -6.86903 38.7014
-0.16984 -6.86903 40.0427
0.35048 -6.86903 38.7014
-0.33281 -6.86903 40.0427
-0.33281 -6.86903 41.7741
-0.16984 -6.86903 41.7741
-0.16984 -6.04603 41.7741
-0.16984 -6.04603 40.0427
-0.16984 -6.04603 40.0427
0.18799 -6.04603 40.0427
0.18799 -6.86903 40.0427
0.35048 -6.86903 40.0427
0.35048 -6.86903 41.7741
0.18799 -6.86903 41.7741
8.7117 -2.73565 -33.3242
7.03431 -4.30085 -32.9331
8.94643 -2.73565 -32.3075
7.26904 -4.30085 -31.9164
10.4931 0.60603 -25.6221
10.2584 0.60603 -26.6388
10.4931 -2.73565 -25.6221
10.2584 -2.73565 -26.6388
6.52139 -0.136 -38.8439
6.52139 -0.94437 -33.665
6.52139 -0.136 -33.665
6.52139 -0.94437 -38.8439
6.52139 -1.63687 -38.8439
6.52139 -2.44524 -33.665
6.52139 -1.63687 -33.665
6.52139 -2.44524 -38.8439
-6.52139 -0.136 -38.8439
-6.52139 -0.94437 -33.665
-6.52139 -0.94437 -38.8439
-6.52139 -0.136 -33.665
-6.52139 -1.63687 -38.8439
-6.52139 -2.44524 -33.665
-6.52139 -2.44524 -38.8439
-6.52139 -1.63687 -33.665
-10.4931 0.60603 -25.6221
-9.23562 0.60603 -25.3317
-10.4931 -2.73565 -25.6221
-10.2584 -2.73565 -26.6388
-9.00089 0.60603 -26.3485
-10.2584 0.60603 -26.6388
-8.58103 -4.30085 -26.2477
-8.81576 -4.30085 -25.231
-9.49582 -2.73565 -30.1095
-7.5837 -4.30085 -30.7351
-9.26109 -2.73565 -31.1262
-7.81843 -4.30085 -29.7184
-9.97433 -2.73565 -27.881
-8.06221 -4.30085 -28.5066
-9.7396 -2.73565 -28.8977
-8.29694 -4.30085 -27.4899
-8.94643 -2.73565 -32.3075
-7.03431 -4.30085 -32.9331
-8.7117 -2.73565 -33.3242
-7.26904 -4.30085 -31.9164
-1.03455 -4.32849 40.9977
1.03181 -4.32849 40.9977
-1.33772 -5.04524 40.9977
1.33499 -5.04524 40.9977
-4.13 8.00872 -41.3697
-4.56013 7.2958 -41.3697
-4.23272 7.2958 -41.3697
-5.68261 5.86536 -41.3697
-5.68261 -2.94492 -41.3697
-5.2623 5.86536 -41.3697
-5.2623 -2.73511 -41.3697
4.23272 7.2958 -41.3697
4.56013 7.2958 -41.3697
4.11364 8.00872 -41.3697
5.68792 5.86536 -41.3697
5.2623 5.86536 -41.3697
5.68792 -2.94492 -41.3697
5.2623 -2.73511 -41.3697
-3.81158 -4.12903 -41.3697
3.81693 -4.12903 -43.2799
-3.81693 -4.12903 -43.2799
3.81158 -4.12903 -41.3697
-5.9996 -5.48232 -33.665
4.68719 -5.48232 -11.6778
5.9996 -5.48232 -33.665
6.95425 -4.75275 -33.665
10.4659 -5.49959 -16.4061
-10.4659 -5.49959 -16.4061
-4.68719 -5.48232 -11.6778
-6.95425 -4.75275 -33.665
-17.8708 -5.48232 -8.58093
17.8784 -5.48232 -8.58093
2.8458 -5.48232 41.0038
-2.8458 -5.48232 41.0038

FACES
0 0 0	0 0 0	3	0 1 2
0 0 0	0 0 0	3	3 4 5
0 0 0	0 0 0	3	6 7 8
0 0 0	0 0 0	3	9 1 0
0 0 0	0 0 0	3	7 10 8
0 0 0	0 0 0	3	4 11 5
0 0 0	0 0 0	3	12 13 14
0 0 0	0 0 0	3	15 13 12
0 0 0	0 0 0	3	16 13 15
0 0 0	0 0 0	3	13 17 14
0 0 0	0 0 0	3	18 19 20
0 0 0	0 0 0	3	18 21 19
0 0 0	0 0 0	3	22 23 24
0 0 0	0 0 0	3	25 26 27
0 0 0	0 0 0	3	28 23 22
0 0 0	0 0 0	3	29 26 25
0 0 0	0 0 0	3	30 31 32
0 0 0	0 0 0	3	32 33 34
0 0 0	0 0 0	3	32 31 33
0 0 0	0 0 0	3	35 31 30
0 0 0	0 0 0	3	35 36 31
0 0 0	0 0 0	3	35 37 36
0 0 0	0 0 0	3	34 33 38
0 0 0	0 0 0	3	38 39 34
0 0 0	0 0 0	3	38 40 39
0 0 0	0 0 0	3	37 41 36
0 0 0	0 0 0	3	37 39 41
0 0 0	0 0 0	3	39 40 41
0 0 0	0 0 0	3	42 43 44
0 0 0	0 0 0	3	44 43 45
0 0 0	0 0 0	3	46 47 48
0 0 0	0 0 0	3	48 47 49
0 0 0	0 0 0	3	50 51 52
0 0 0	0 0 0	3	51 53 52
0 0 0	0 0 0	3	51 54 53
0 0 0	0 0 0	3	55 56 57
0 0 0	0 0 0	3	53 56 55
0 0 0	0 0 0	3	54 56 53
0 0 0	0 0 0	3	58 59 60
0 0 0	0 0 0	3	61 62 63
0 0 0	0 0 0	3	64 62 61
0 0 0	0 0 0	3	65 66 67
0 0 0	0 0 0	3	68 69 70
0 0 0	0 0 0	3	67 66 71
0 0 0	0 0 0	3	72 73 74
0 0 0	0 0 0	3	75 76 77
0 0 0	0 0 0	3	78 79 80
0 0 0	0 0 0	3	81 76 75
0 0 0	0 0 0	3	82 83 84
0 0 0	0 0 0	3	85 86 87
0 0 0	0 0 0	3	88 89 90
0 0 0	0 0 0	3	88 91 89
0 0 0	0 0 0	3	92 93 94
0 0 0	0 0 0	3	95 96 97
0 0 0	0 0 0	3	98 93 92
0 0 0	0 0 0	3	99 100 101
0 0 0	0 0 0	3	96 102 97
0 0 0	0 0 0	3	103 104 105
0 0 0	0 0 0	3	103 106 104
0 0 0	0 0 0	3	107 79 78
0 0 0	0 0 0	3	108 109 110
0 0 0	0 0 0	3	86 111 87
0 0 0	0 0 0	3	112 113 114
0 0 0	0 0 0	3	115 116 117
0 0 0	0 0 0	3	118 119 120
0 0 0	0 0 0	3	100 121 101
0 0 0	0 0 0	3	122 123 124
0 0 0	0 0 0	3	125 113 112
0 0 0	0 0 0	3	126 127 128
0 0 0	0 0 0	3	129 130 131
0 0 0	0 0 0	3	129 132 130
0 0 0	0 0 0	3	133 134 135
0 0 0	0 0 0	3	133 136 134
0 0 0	0 0 0	3	137 138 139
0 0 0	0 0 0	3	140 138 137
0 0 0	0 0 0	3	141 142 143
0 0 0	0 0 0	3	116 144 117
0 0 0	0 0 0	3	145 146 147
0 0 0	0 0 0	3	148 149 150
0 0 0	0 0 0	3	151 152 153
0 0 0	0 0 0	3	154 155 156
0 0 0	0 0 0	3	142 157 143
0 0 0	0 0 0	3	158 159 160
0 0 0	0 0 0	3	150 149 161
0 0 0	0 0 0	3	162 163 164
0 0 0	0 0 0	3	165 166 167
0 0 0	0 0 0	3	168 169 170
0 0 0	0 0 0	3	149 171 161
0 0 0	0 0 0	3	149 172 171
0 0 0	0 0 0	3	173 174 175
0 0 0	0 0 0	3	175 176 177
0 0 0	0 0 0	3	175 174 176
0 0 0	0 0 0	3	178 174 173
0 0 0	0 0 0	3	178 179 174
0 0 0	0 0 0	3	177 179 178
0 0 0	0 0 0	3	177 180 179
0 0 0	0 0 0	3	176 180 177
0 0 0	0 0 0	3	176 181 180
0 0 0	0 0 0	3	174 181 176
0 0 0	0 0 0	3	179 182 174
0 0 0	0 0 0	3	179 183 182
0 0 0	0 0 0	3	180 183 179
0 0 0	0 0 0	3	180 184 183
0 0 0	0 0 0	3	182 181 174
0 0 0	0 0 0	3	182 185 181
0 0 0	0 0 0	3	181 184 180
0 0 0	0 0 0	3	181 186 184
0 0 0	0 0 0	3	181 185 186
0 0 0	0 0 0	3	183 185 182
0 0 0	0 0 0	3	183 187 185
0 0 0	0 0 0	3	184 187 183
0 0 0	0 0 0	3	184 188 187
0 0 0	0 0 0	3	186 188 184
0 0 0	0 0 0	3	186 189 188
0 0 0	0 0 0	3	185 189 186
0 0 0	0 0 0	3	185 190 189
0 0 0	0 0 0	3	191 192 193
0 0 0	0 0 0	3	187 190 185
0 0 0	0 0 0	3	187 194 190
0 0 0	0 0 0	3	187 195 194
0 0 0	0 0 0	3	188 195 187
0 0 0	0 0 0	3	189 195 188
0 0 0	0 0 0	3	189 196 195
0 0 0	0 0 0	3	190 196 189
0 0 0	0 0 0	3	190 197 196
0 0 0	0 0 0	3	194 197 190
0 0 0	0 0 0	3	194 198 197
0 0 0	0 0 0	3	195 199 194
0 0 0	0 0 0	3	196 199 195
0 0 0	0 0 0	3	196 200 199
0 0 0	0 0 0	3	201 192 191
0 0 0	0 0 0	3	197 200 196
0 0 0	0 0 0	3	197 202 200
0 0 0	0 0 0	3	203 204 201
0 0 0	0 0 0	3	203 205 204
0 0 0	0 0 0	3	203 206 205
0 0 0	0 0 0	3	193 206 203
0 0 0	0 0 0	3	204 207 200
0 0 0	0 0 0	3	204 192 201
0 0 0	0 0 0	3	204 202 192
0 0 0	0 0 0	3	204 205 207
0 0 0	0 0 0	3	199 198 194
0 0 0	0 0 0	3	199 207 198
0 0 0	0 0 0	3	200 207 199
0 0 0	0 0 0	3	200 202 204
0 0 0	0 0 0	3	198 202 197
0 0 0	0 0 0	3	198 208 202
0 0 0	0 0 0	3	207 208 198
0 0 0	0 0 0	3	207 205 208
0 0 0	0 0 0	3	192 206 193
0 0 0	0 0 0	3	202 208 192
0 0 0	0 0 0	3	208 206 192
0 0 0	0 0 0	3	205 206 208
0 0 0	0 0 0	3	209 210 211
0 0 0	0 0 0	3	212 210 209
0 0 0	0 0 0	3	213 214 215
0 0 0	0 0 0	3	216 214 213
0 0 0	0 0 0	3	217 218 219
0 0 0	0 0 0	3	218 220 219
0 0 0	0 0 0	3	221 222 223
0 0 0	0 0 0	3	222 224 223
0 0 0	0 0 0	3	225 226 227
0 0 0	0 0 0	3	228 229 230
0 0 0	0 0 0	3	230 229 231
0 0 0	0 0 0	3	232 233 234
0 0 0	0 0 0	3	235 233 232
0 0 0	0 0 0	3	226 236 227
0 0 0	0 0 0	3	237 238 239
0 0 0	0 0 0	3	240 241 242
0 0 0	0 0 0	3	243 241 240
0 0 0	0 0 0	3	244 241 243
0 0 0	0 0 0	3	244 245 241
0 0 0	0 0 0	3	246 247 248
0 0 0	0 0 0	3	249 247 246
0 0 0	0 0 0	3	250 247 249
0 0 0	0 0 0	3	247 251 248
0 0 0	0 0 0	3	252 253 254
0 0 0	0 0 0	3	255 253 252
0 0 0	0 0 0	3	254 253 256
0 0 0	0 0 0	3	257 258 259
0 0 0	0 0 0	3	257 260 258
0 0 0	0 0 0	3	259 261 262
0 0 0	0 0 0	3	258 260 263
0 0 0	0 0 0	3	258 261 259
0 0 0	0 0 0	3	260 264 263
0 0 0	0 0 0	3	265 264 260
0 0 0	0 0 0	3	265 262 264
0 0 0	0 0 0	3	264 262 266
0 0 0	0 0 0	3	262 261 266
0 0 0	0 0 0	3	267 268 269
0 0 0	0 0 0	3	267 270 268
0 0 0	0 0 0	3	270 271 268
0 0 0	0 0 0	3	272 273 274
0 0 0	0 0 0	3	275 273 272
0 0 0	0 0 0	3	276 273 275
0 0 0	0 0 0	3	277 278 279
0 0 0	0 0 0	3	277 280 278
0 0 0	0 0 0	3	277 281 280
0 0 0	0 0 0	3	277 282 281
0 0 0	0 0 0	3	278 283 279
0 0 0	0 0 0	3	282 284 281
0 0 0	0 0 0	3	285 283 278
0 0 0	0 0 0	3	285 284 283
0 0 0	0 0 0	3	286 284 282
0 0 0	0 0 0	3	283 284 286
0 0 0	0 0 0	3	287 288 289
0 0 0	0 0 0	3	287 290 288
0 0 0	0 0 0	3	289 291 287
0 0 0	0 0 0	3	289 292 291
0 0 0	0 0 0	3	290 293 288
0 0 0	0 0 0	3	291 292 294
0 0 0	0 0 0	3	294 293 290
0 0 0	0 0 0	3	292 293 294
0 0 0	0 0 0	3	295 296 297
0 0 0	0 0 0	3	298 296 295
0 0 0	0 0 0	3	299 300 301
0 0 0	0 0 0	3	302 300 299
0 0 0	0 0 0	3	303 304 305
0 0 0	0 0 0	3	304 306 305
0 0 0	0 0 0	3	307 308 309
0 0 0	0 0 0	3	308 310 309
0 0 0	0 0 0	3	311 312 313
0 0 0	0 0 0	3	312 314 313
0 0 0	0 0 0	3	315 316 317
0 0 0	0 0 0	3	318 319 320
0 0 0	0 0 0	3	318 321 319
0 0 0	0 0 0	3	316 322 317
0 0 0	0 0 0	3	323 324 325
0 0 0	0 0 0	3	325 324 326
0 0 0	0 0 0	3	327 328 329
0 0 0	0 0 0	3	329 328 330
0 0 0	0 0 0	3	331 332 333
0 0 0	0 0 0	3	332 334 333
0 0 0	0 0 0	3	335 336 337
0 0 0	0 0 0	3	335 338 336
0 0 0	0 0 0	3	339 340 341
0 0 0	0 0 0	3	342 343 344
0 0 0	0 0 0	3	60 59 345
0 0 0	0 0 0	3	58 59 60
0 0 0	0 0 0	3	60 59 345
0 0 0	0 0 0	3	346 347 348
0 0 0	0 0 0	3	349 347 346
0 0 0	0 0 0	3	350 351 352
0 0 0	0 0 0	3	350 353 351
0 0 0	0 0 0	3	354 355 356
0 0 0	0 0 0	3	357 358 359
0 0 0	0 0 0	3	360 361 362
0 0 0	0 0 0	3	358 363 359
0 0 0	0 0 0	3	358 364 363
0 0 0	0 0 0	3	365 366 367
0 0 0	0 0 0	3	364 368 363
0 0 0	0 0 0	3	369 370 371
0 0 0	0 0 0	3	372 373 374
0 0 0	0 0 0	3	372 375 373
0 0 0	0 0 0	3	376 355 354
0 0 0	0 0 0	3	377 378 379
0 0 0	0 0 0	3	370 380 371
0 0 0	0 0 0	3	381 382 383
0 0 0	0 0 0	3	384 385 386
0 0 0	0 0 0	3	387 366 365
0 0 0	0 0 0	3	388 378 377
0 0 0	0 0 0	3	389 390 391
0 0 0	0 0 0	3	392 393 394
0 0 0	0 0 0	3	393 395 394
0 0 0	0 0 0	3	382 396 383
0 0 0	0 0 0	3	397 385 384
0 0 0	0 0 0	3	398 399 400
0 0 0	0 0 0	3	401 402 403
0 0 0	0 0 0	3	401 404 402
0 0 0	0 0 0	3	405 406 407
0 0 0	0 0 0	3	405 408 406
0 0 0	0 0 0	3	409 410 411
0 0 0	0 0 0	3	412 410 409
0 0 0	0 0 0	3	413 390 389
0 0 0	0 0 0	3	414 395 393
0 0 0	0 0 0	3	415 416 417
0 0 0	0 0 0	3	418 399 398
0 0 0	0 0 0	3	361 419 362
0 0 0	0 0 0	3	420 421 422
0 0 0	0 0 0	3	423 158 424
0 0 0	0 0 0	3	424 158 160
0 0 0	0 0 0	3	425 162 426
0 0 0	0 0 0	3	425 163 162
0 0 0	0 0 0	3	427 416 415
0 0 0	0 0 0	3	428 429 430
0 0 0	0 0 0	3	431 432 433
0 0 0	0 0 0	3	434 435 436
0 0 0	0 0 0	3	435 437 436
0 0 0	0 0 0	3	435 438 437
0 0 0	0 0 0	3	439 440 441
0 0 0	0 0 0	3	442 438 443
0 0 0	0 0 0	3	443 438 435
0 0 0	0 0 0	3	444 445 446
0 0 0	0 0 0	3	447 448 449
0 0 0	0 0 0	3	450 448 447
0 0 0	0 0 0	3	451 452 453
0 0 0	0 0 0	3	454 452 451
0 0 0	0 0 0	3	445 455 446
0 0 0	0 0 0	3	456 457 458
0 0 0	0 0 0	3	459 460 461
0 0 0	0 0 0	3	462 463 464
0 0 0	0 0 0	3	462 465 463
0 0 0	0 0 0	3	457 466 458
0 0 0	0 0 0	3	467 466 457
0 0 0	0 0 0	3	468 469 470
0 0 0	0 0 0	3	471 469 468
0 0 0	0 0 0	3	472 473 474
0 0 0	0 0 0	3	475 460 459
0 0 0	0 0 0	3	475 476 460
0 0 0	0 0 0	3	477 237 239
0 0 0	0 0 0	3	474 473 478
0 0 0	0 0 0	3	479 480 481
0 0 0	0 0 0	3	479 482 480
0 0 0	0 0 0	3	483 484 485
0 0 0	0 0 0	3	483 486 484
0 0 0	0 0 0	3	481 487 485
0 0 0	0 0 0	3	481 480 487
0 0 0	0 0 0	3	485 487 483
0 0 0	0 0 0	3	482 488 480
0 0 0	0 0 0	3	482 489 488
0 0 0	0 0 0	3	489 490 488
0 0 0	0 0 0	3	489 484 490
0 0 0	0 0 0	3	484 486 490
0 0 0	0 0 0	3	491 492 493
0 0 0	0 0 0	3	491 494 492
0 0 0	0 0 0	3	493 495 496
0 0 0	0 0 0	3	492 494 497
0 0 0	0 0 0	3	492 495 493
0 0 0	0 0 0	3	494 498 497
0 0 0	0 0 0	3	499 498 494
0 0 0	0 0 0	3	499 496 498
0 0 0	0 0 0	3	498 496 500
0 0 0	0 0 0	3	496 495 500
0 0 0	0 0 0	3	501 502 503
0 0 0	0 0 0	3	504 502 501
0 0 0	0 0 0	3	503 502 505
0 0 0	0 0 0	3	506 507 508
0 0 0	0 0 0	3	506 509 507
0 0 0	0 0 0	3	506 510 509
0 0 0	0 0 0	3	507 511 508
0 0 0	0 0 0	3	507 512 511
0 0 0	0 0 0	3	513 510 506
0 0 0	0 0 0	3	514 515 513
0 0 0	0 0 0	3	511 515 514
0 0 0	0 0 0	3	512 515 511
0 0 0	0 0 0	3	515 510 513
0 0 0	0 0 0	3	516 517 518
0 0 0	0 0 0	3	516 519 517
0 0 0	0 0 0	3	516 520 519
0 0 0	0 0 0	3	516 521 520
0 0 0	0 0 0	3	517 522 518
0 0 0	0 0 0	3	521 523 520
0 0 0	0 0 0	3	524 522 517
0 0 0	0 0 0	3	524 523 522
0 0 0	0 0 0	3	525 523 521
0 0 0	0 0 0	3	522 523 525
0 0 0	0 0 0	3	526 527 528
0 0 0	0 0 0	3	529 527 526
0 0 0	0 0 0	3	530 527 529
0 0 0	0 0 0	3	531 532 533
0 0 0	0 0 0	3	532 534 533
0 0 0	0 0 0	3	535 536 537
0 0 0	0 0 0	3	537 536 538
0 0 0	0 0 0	3	539 540 541
0 0 0	0 0 0	3	540 542 541
0 0 0	0 0 0	3	543 544 545
0 0 0	0 0 0	3	543 546 544
0 0 0	0 0 0	3	543 547 546
0 0 0	0 0 0	3	545 548 549
0 0 0	0 0 0	3	544 548 545
0 0 0	0 0 0	3	547 550 546
0 0 0	0 0 0	3	547 549 550
0 0 0	0 0 0	3	549 548 550
0 0 0	0 0 0	3	551 552 553
0 0 0	0 0 0	3	551 554 552
0 0 0	0 0 0	3	555 556 557
0 0 0	0 0 0	3	556 558 557
0 0 0	0 0 0	3	559 560 561
0 0 0	0 0 0	3	560 562 561
0 0 0	0 0 0	3	563 564 565
0 0 0	0 0 0	3	563 566 564
0 0 0	0 0 0	3	567 568 569
0 0 0	0 0 0	3	567 570 568
0 0 0	0 0 0	3	571 572 573
0 0 0	0 0 0	3	574 575 576
0 0 0	0 0 0	3	574 577 575
0 0 0	0 0 0	3	572 578 573
0 0 0	0 0 0	3	579 580 581
0 0 0	0 0 0	3	582 580 579
0 0 0	0 0 0	3	583 584 585
0 0 0	0 0 0	3	583 586 584
0 0 0	0 0 0	3	587 588 589
0 0 0	0 0 0	3	589 588 590
0 0 0	0 0 0	3	591 592 593
0 0 0	0 0 0	3	593 592 594
0 0 0	0 0 0	3	595 596 597
0 0 0	0 0 0	3	597 596 598
0 0 0	0 0 0	3	599 600 601
0 0 0	0 0 0	3	599 602 600
0 0 0	0 0 0	3	603 604 605
0 0 0	0 0 0	3	606 607 608
0 0 0	0 0 0	3	609 610 611
0 0 0	0 0 0	3	608 607 612
0 0 0	0 0 0	3	604 613 605
0 0 0	0 0 0	3	614 615 616
0 0 0	0 0 0	3	617 618 619
0 0 0	0 0 0	3	617 620 618
0 0 0	0 0 0	3	611 621 622
0 0 0	0 0 0	3	623 624 625
0 0 0	0 0 0	3	623 626 624
0 0 0	0 0 0	3	627 628 629
0 0 0	0 0 0	3	627 630 628
0 0 0	0 0 0	3	615 631 616
0 0 0	0 0 0	3	632 626 623
0 0 0	0 0 0	3	633 634 635
0 0 0	0 0 0	3	636 637 638
0 0 0	0 0 0	3	634 639 635
0 0 0	0 0 0	3	634 640 639
0 0 0	0 0 0	3	640 641 639
0 0 0	0 0 0	3	640 642 641
0 0 0	0 0 0	3	642 643 641
0 0 0	0 0 0	3	642 644 643
0 0 0	0 0 0	3	643 645 646
0 0 0	0 0 0	3	644 645 643
0 0 0	0 0 0	3	646 637 636
0 0 0	0 0 0	3	646 645 637
0 0 0	0 0 0	3	647 648 649
0 0 0	0 0 0	3	650 651 652
0 0 0	0 0 0	3	650 653 651
0 0 0	0 0 0	3	610 621 611
0 0 0	0 0 0	3	654 655 656
0 0 0	0 0 0	3	657 658 659
0 0 0	0 0 0	3	660 661 662
0 0 0	0 0 0	3	661 663 662
0 0 0	0 0 0	3	661 664 663
0 0 0	0 0 0	3	661 665 664
0 0 0	0 0 0	3	665 666 664
0 0 0	0 0 0	3	667 666 665
0 0 0	0 0 0	3	668 669 670
0 0 0	0 0 0	3	671 672 673
0 0 0	0 0 0	3	674 669 668
0 0 0	0 0 0	3	672 675 673
0 0 0	0 0 0	3	676 677 678
0 0 0	0 0 0	3	679 680 681
0 0 0	0 0 0	3	679 682 680
0 0 0	0 0 0	3	682 683 680
0 0 0	0 0 0	3	682 684 683
0 0 0	0 0 0	3	685 684 682
0 0 0	0 0 0	3	685 686 684
0 0 0	0 0 0	3	683 687 688
0 0 0	0 0 0	3	683 684 687
0 0 0	0 0 0	3	689 690 691
0 0 0	0 0 0	3	692 693 694
0 0 0	0 0 0	3	695 696 697
0 0 0	0 0 0	3	695 698 696
0 0 0	0 0 0	3	693 699 694
0 0 0	0 0 0	3	700 701 702
0 0 0	0 0 0	3	701 703 702
0 0 0	0 0 0	3	704 705 706
0 0 0	0 0 0	3	704 707 705
0 0 0	0 0 0	3	708 709 710
0 0 0	0 0 0	3	709 711 710
0 0 0	0 0 0	3	712 713 714
0 0 0	0 0 0	3	712 715 713
0 0 0	0 0 0	3	716 717 718
0 0 0	0 0 0	3	717 719 718
0 0 0	0 0 0	3	720 721 722
0 0 0	0 0 0	3	721 723 722
0 0 0	0 0 0	3	724 725 726
0 0 0	0 0 0	3	727 725 724
0 0 0	0 0 0	3	728 729 730
0 0 0	0 0 0	3	731 729 728
0 0 0	0 0 0	3	732 733 734
0 0 0	0 0 0	3	735 733 732
0 0 0	0 0 0	3	736 737 738
0 0 0	0 0 0	3	736 739 737
0 0 0	0 0 0	3	740 741 742
0 0 0	0 0 0	3	740 743 741
0 0 0	0 0 0	3	744 745 746
0 0 0	0 0 0	3	747 748 749
0 0 0	0 0 0	3	748 750 749
0 0 0	0 0 0	3	745 751 746
0 0 0	0 0 0	3	752 753 754
0 0 0	0 0 0	3	753 755 754
0 0 0	0 0 0	3	756 757 758
0 0 0	0 0 0	3	756 759 757
0 0 0	0 0 0	3	760 761 762
0 0 0	0 0 0	3	762 761 763
0 0 0	0 0 0	3	764 765 766
0 0 0	0 0 0	3	766 767 764
0 0 0	0 0 0	3	766 768 767
0 0 0	0 0 0	3	768 769 767
0 0 0	0 0 0	3	770 769 768
0 0 0	0 0 0	3	770 771 769
0 0 0	0 0 0	3	771 772 769
0 0 0	0 0 0	3	771 773 772
0 0 0	0 0 0	3	774 765 764
0 0 0	0 0 0	3	774 775 765
0 0 0	0 0 0	3	765 775 776
0 0 0	0 0 0	3	773 777 772
0 0 0	0 0 0	3	773 778 777
0 0 0	0 0 0	3	775 779 776
0 0 0	0 0 0	3	775 778 779
0 0 0	0 0 0	3	779 778 773
0 0 0	0 0 0	3	780 781 782
0 0 0	0 0 0	3	780 783 781
0 0 0	0 0 0	3	780 784 783
0 0 0	0 0 0	3	783 785 786
0 0 0	0 0 0	3	787 788 789
0 0 0	0 0 0	3	790 784 780
0 0 0	0 0 0	3	784 785 783
0 0 0	0 0 0	3	789 791 787
0 0 0	0 0 0	3	789 788 792
0 0 0	0 0 0	3	793 794 795
0 0 0	0 0 0	3	793 796 794
0 0 0	0 0 0	3	797 798 799
0 0 0	0 0 0	3	800 798 797
0 0 0	0 0 0	3	801 802 803
0 0 0	0 0 0	3	802 804 803
0 0 0	0 0 0	3	805 806 807
0 0 0	0 0 0	3	808 809 810
0 0 0	0 0 0	3	811 809 808
0 0 0	0 0 0	3	812 806 805
0 0 0	0 0 0	3	813 814 815
0 0 0	0 0 0	3	813 816 814
0 0 0	0 0 0	3	815 817 818
0 0 0	0 0 0	3	815 814 817
0 0 0	0 0 0	3	818 819 820
0 0 0	0 0 0	3	818 821 819
0 0 0	0 0 0	3	820 822 823
0 0 0	0 0 0	3	824 816 813
0 0 0	0 0 0	3	823 822 825
0 0 0	0 0 0	3	826 816 824
0 0 0	0 0 0	3	826 827 828
0 0 0	0 0 0	3	825 827 826
0 0 0	0 0 0	3	817 821 818
0 0 0	0 0 0	3	819 822 820
0 0 0	0 0 0	3	828 816 826
0 0 0	0 0 0	3	822 827 825
0 0 0	0 0 0	3	829 830 831
0 0 0	0 0 0	3	832 830 829
0 0 0	0 0 0	3	833 830 832
0 0 0	0 0 0	3	834 835 836
0 0 0	0 0 0	3	834 830 833
0 0 0	0 0 0	3	836 830 834
0 0 0	0 0 0	3	837 838 830
0 0 0	0 0 0	3	830 839 831
0 0 0	0 0 0	3	838 839 830
0 0 0	0 0 0	3	839 840 831
0 0 0	0 0 0	3	839 841 840
0 0 0	0 0 0	3	842 841 839
0 0 0	0 0 0	3	843 844 845
0 0 0	0 0 0	3	844 846 845
0 0 0	0 0 0	3	847 848 849
0 0 0	0 0 0	3	848 850 849
0 0 0	0 0 0	3	851 852 853
0 0 0	0 0 0	3	854 852 851
0 0 0	0 0 0	3	855 856 857
0 0 0	0 0 0	3	858 856 855
0 0 0	0 0 0	3	859 860 861
0 0 0	0 0 0	3	862 860 859
0 0 0	0 0 0	3	863 864 865
0 0 0	0 0 0	3	866 864 863
0 0 0	0 0 0	3	867 868 869
0 0 0	0 0 0	3	870 871 872
0 0 0	0 0 0	3	870 873 871
0 0 0	0 0 0	3	868 874 869
0 0 0	0 0 0	3	875 876 877
0 0 0	0 0 0	3	875 878 876
0 0 0	0 0 0	3	879 880 881
0 0 0	0 0 0	3	879 882 880
0 0 0	0 0 0	3	883 884 885
0 0 0	0 0 0	3	883 886 884
0 0 0	0 0 0	3	887 888 889
0 0 0	0 0 0	3	889 888 890
0 0 0	0 0 0	3	891 892 893
0 0 0	0 0 0	3	894 895 896
0 0 0	0 0 0	3	896 893 894
0 0 0	0 0 0	3	896 895 897
0 0 0	0 0 0	3	893 892 894
0 0 0	0 0 0	3	898 899 900
0 0 0	0 0 0	3	898 901 899
0 0 0	0 0 0	3	902 901 898
0 0 0	0 0 0	3	902 903 901
0 0 0	0 0 0	3	904 903 902
0 0 0	0 0 0	3	904 59 903
0 0 0	0 0 0	3	895 345 897
0 0 0	0 0 0	3	895 60 345
0 0 0	0 0 0	3	905 906 907
0 0 0	0 0 0	3	905 908 906
0 0 0	0 0 0	3	903 59 58
0 0 0	0 0 0	3	909 910 911
0 0 0	0 0 0	3	912 910 913
0 0 0	0 0 0	3	914 915 916
0 0 0	0 0 0	3	917 915 914
0 0 0	0 0 0	3	917 910 915
0 0 0	0 0 0	3	917 918 910
0 0 0	0 0 0	3	917 919 918
0 0 0	0 0 0	3	915 910 909
0 0 0	0 0 0	3	910 918 913
0 0 0	0 0 0	3	920 919 917

TEXTURES
0	1.0 1.0	0.79427 0.34586	0.61445 0.53175	0.79427 0.53175
0	1.0 1.0	0.79427 0.57739	0.61445 0.57739	0.79427 0.76712
0	1.0 1.0	0.79427 0.06486	0.61445 0.06486	0.79427 0.11049
0	1.0 1.0	0.61445 0.34586	0.61445 0.53175	0.79427 0.34586
0	1.0 1.0	0.61445 0.06486	0.61445 0.11049	0.79427 0.11049
0	1.0 1.0	0.61445 0.57739	0.61445 0.76712	0.79427 0.76712
0	1.0 1.0	0.99801 0.08276	0.81863 0.08276	0.95317 0.16038
0	1.0 1.0	0.95317 0.00515	0.81863 0.08276	0.99801 0.08276
0	1.0 1.0	0.86347 0.00515	0.81863 0.08276	0.95317 0.00515
0	1.0 1.0	0.81863 0.08276	0.86347 0.16038	0.95317 0.16038
0	1.0 1.0	0.79427 0.53175	0.61445 0.57739	0.79427 0.57739
0	1.0 1.0	0.79427 0.53175	0.61445 0.53175	0.61445 0.57739
0	1.0 1.0	0.79427 0.99865	0.61445 0.81275	0.61445 0.99865
0	1.0 1.0	0.79427 0.30022	0.61445 0.34586	0.79427 0.34586
0	1.0 1.0	0.79427 0.81275	0.61445 0.81275	0.79427 0.99865
0	1.0 1.0	0.61445 0.30022	0.61445 0.34586	0.79427 0.30022
0	1.0 1.0	0.60309 0.27094	0.00535 0.27094	0.60309 0.20419
0	1.0 1.0	0.60309 0.20419	0.00535 0.20419	0.60309 0.13744
0	1.0 1.0	0.60309 0.20419	0.00535 0.27094	0.00535 0.20419
0	1.0 1.0	0.60309 0.33769	0.00535 0.27094	0.60309 0.27094
0	1.0 1.0	0.60309 0.33769	0.00535 0.33769	0.00535 0.27094
0	1.0 1.0	0.60309 0.33769	0.60309 0.40443	0.00535 0.33769
0	1.0 1.0	0.60309 0.13744	0.00535 0.20419	0.00535 0.13744
0	1.0 1.0	0.00535 0.13744	0.60309 0.0707	0.60309 0.13744
0	1.0 1.0	0.00535 0.13744	0.00535 0.0707	0.60309 0.0707
0	1.0 1.0	0.60309 0.40443	0.00535 0.40443	0.00535 0.33769
0	1.0 1.0	0.60309 0.00395	0.60309 0.0707	0.00535 0.00395
0	1.0 1.0	0.60309 0.0707	0.00535 0.0707	0.00535 0.00395
0	1.0 1.0	0.79427 0.11049	0.61445 0.11049	0.79427 0.30022
0	1.0 1.0	0.79427 0.30022	0.61445 0.11049	0.61445 0.30022
0	1.0 1.0	0.79427 0.76712	0.61445 0.76712	0.79427 0.81275
0	1.0 1.0	0.79427 0.81275	0.61445 0.76712	0.61445 0.81275
0	1.0 1.0	0.51858 0.8661	0.45948 0.92574	0.51858 0.54285
0	1.0 1.0	0.45948 0.92574	0.45948 0.48321	0.51858 0.54285
0	1.0 1.0	0.45948 0.92574	0.13414 0.92574	0.45948 0.48321
0	1.0 1.0	0.13414 0.48321	0.07504 0.8661	0.07504 0.54285
0	1.0 1.0	0.45948 0.48321	0.07504 0.8661	0.13414 0.48321
0	1.0 1.0	0.13414 0.92574	0.07504 0.8661	0.45948 0.48321
1	1.0 1.0	0.95906 0.48927	0.95661 0.48433	0.86734 0.48927
1	1.0 1.0	0.19053 0.97704	0.20919 0.99677	0.20919 0.97704
1	1.0 1.0	0.19053 0.99677	0.20919 0.99677	0.19053 0.97704
1	1.0 1.0	0.2853 0.94819	0.2853 0.97192	0.2922 0.94819
1	1.0 1.0	0.36309 0.00663	0.35495 0.00212	0.35854 0.01307
1	1.0 1.0	0.2922 0.94819	0.2853 0.97192	0.2922 0.97192
1	1.0 1.0	0.27281 0.00213	0.26496 0.0068	0.2698 0.01306
1	1.0 1.0	0.29697 0.99677	0.31532 0.97704	0.29697 0.97704
1	1.0 1.0	0.36862 0.94819	0.44698 0.97192	0.44698 0.94819
1	1.0 1.0	0.31532 0.99677	0.31532 0.97704	0.29697 0.99677
1	1.0 1.0	0.26061 0.01198	0.08288 0.34913	0.26303 0.29171
1	1.0 1.0	0.46836 0.91491	0.4716 0.99667	0.50466 0.91491
1	1.0 1.0	0.10142 0.97704	0.08064 0.99677	0.10142 0.99677
1	1.0 1.0	0.10142 0.97704	0.08064 0.97704	0.08064 0.99677
1	1.0 1.0	0.20695 0.94819	0.19137 0.97192	0.20695 0.97192
1	1.0 1.0	0.40492 0.99677	0.4257 0.99677	0.40492 0.97704
1	1.0 1.0	0.19137 0.94819	0.19137 0.97192	0.20695 0.94819
1	1.0 1.0	0.52934 0.91491	0.53107 0.99667	0.61453 0.91491
1	1.0 1.0	0.4257 0.99677	0.4257 0.97704	0.40492 0.97704
1	1.0 1.0	0.63879 0.91491	0.67185 0.99667	0.67509 0.91491
1	1.0 1.0	0.63879 0.91491	0.63975 0.99667	0.67185 0.99667
1	1.0 1.0	0.36862 0.97192	0.44698 0.97192	0.36862 0.94819
1	1.0 1.0	0.15015 0.04344	0.02019 0.40525	0.03078 0.41396
1	1.0 1.0	0.4716 0.99667	0.50369 0.99667	0.50466 0.91491
1	1.0 1.0	0.68163 0.93553	0.85403 0.97784	0.85525 0.93553
1	1.0 1.0	0.99263 0.9103	0.82014 0.911	0.99336 0.922
1	1.0 1.0	0.81449 0.51037	0.83835 0.74494	0.82371 0.5104
1	1.0 1.0	0.53107 0.99667	0.61241 0.99667	0.61453 0.91491
1	1.0 1.0	0.95167 0.51066	0.93785 0.74494	0.96161 0.51106
1	1.0 1.0	0.68153 0.97714	0.85403 0.97784	0.68163 0.93553
1	1.0 1.0	0.36486 0.29259	0.54601 0.35056	0.36638 0.01149
1	1.0 1.0	0.57416 0.75566	0.59986 0.8538	0.59991 0.76121
1	1.0 1.0	0.57416 0.75566	0.57164 0.84787	0.59986 0.8538
1	1.0 1.0	0.57788 0.72021	0.53023 0.75572	0.57416 0.75566
1	1.0 1.0	0.57788 0.72021	0.52711 0.72021	0.53023 0.75572
1	1.0 1.0	0.53023 0.75572	0.50521 0.85394	0.53307 0.84787
1	1.0 1.0	0.50449 0.76104	0.50521 0.85394	0.53023 0.75572
1	1.0 1.0	0.82014 0.8684	0.68724 0.86904	0.82014 0.911
1	1.0 1.0	0.82014 0.911	0.81552 0.92344	0.99336 0.922
1	1.0 1.0	0.52442 0.38107	0.52199 0.39342	0.54581 0.3946
1	1.0 1.0	0.54581 0.3946	0.34546 0.93957	0.62253 0.44001
1	1.0 1.0	0.08209 0.39431	0.28296 0.93946	0.10454 0.39335
1	1.0 1.0	0.013 0.46945	0.00058 0.47828	0.1316 0.84056
1	1.0 1.0	0.68724 0.86904	0.68695 0.91558	0.82014 0.911
1	1.0 1.0	0.67504 0.91405	0.69625 0.93182	0.68695 0.91558
1	1.0 1.0	0.62253 0.44001	0.34546 0.93957	0.35025 0.94245
1	1.0 1.0	0.99913 0.98088	0.98855 0.98242	0.97791 0.99866
1	1.0 1.0	0.64794 0.61888	0.66212 0.70267	0.68733 0.634
1	1.0 1.0	0.29138 0.43561	0.28362 0.40192	0.27383 0.39823
1	1.0 1.0	0.34546 0.93957	0.28296 0.9445	0.34546 0.94461
1	1.0 1.0	0.34546 0.93957	0.28296 0.93946	0.28296 0.9445
1	1.0 1.0	0.48712 0.87842	0.48712 0.86323	0.48135 0.87842
1	1.0 1.0	0.48135 0.87842	0.48135 0.86323	0.47558 0.87842
1	1.0 1.0	0.48135 0.87842	0.48712 0.86323	0.48135 0.86323
1	1.0 1.0	0.46981 0.87842	0.46403 0.86323	0.46403 0.87842
1	1.0 1.0	0.46981 0.87842	0.46981 0.86323	0.46403 0.86323
1	1.0 1.0	0.47558 0.87842	0.46981 0.86323	0.46981 0.87842
1	1.0 1.0	0.47558 0.87842	0.47558 0.86323	0.46981 0.86323
1	1.0 1.0	0.48135 0.86323	0.47558 0.86323	0.47558 0.87842
1	1.0 1.0	0.48135 0.86323	0.48135 0.84803	0.47558 0.86323
1	1.0 1.0	0.48712 0.86323	0.48135 0.84803	0.48135 0.86323
1	1.0 1.0	0.46981 0.86323	0.46403 0.84803	0.46403 0.86323
1	1.0 1.0	0.46981 0.86323	0.46981 0.84803	0.46403 0.84803
1	1.0 1.0	0.47558 0.86323	0.46981 0.84803	0.46981 0.86323
1	1.0 1.0	0.47558 0.86323	0.47558 0.84803	0.46981 0.84803
1	1.0 1.0	0.48712 0.84803	0.48135 0.84803	0.48712 0.86323
1	1.0 1.0	0.48712 0.84803	0.48712 0.83284	0.48135 0.84803
1	1.0 1.0	0.48135 0.84803	0.47558 0.84803	0.47558 0.86323
1	1.0 1.0	0.48135 0.84803	0.48135 0.83284	0.47558 0.84803
1	1.0 1.0	0.48135 0.84803	0.48712 0.83284	0.48135 0.83284
1	1.0 1.0	0.46981 0.84803	0.46403 0.83284	0.46403 0.84803
1	1.0 1.0	0.46981 0.84803	0.46981 0.83284	0.46403 0.83284
1	1.0 1.0	0.47558 0.84803	0.46981 0.83284	0.46981 0.84803
1	1.0 1.0	0.47558 0.84803	0.47558 0.83284	0.46981 0.83284
1	1.0 1.0	0.48135 0.83284	0.47558 0.83284	0.47558 0.84803
1	1.0 1.0	0.48135 0.83284	0.48135 0.81765	0.47558 0.83284
1	1.0 1.0	0.48712 0.83284	0.48135 0.81765	0.48135 0.83284
1	1.0 1.0	0.48712 0.83284	0.48712 0.81765	0.48135 0.81765
1	1.0 1.0	0.46403 0.75689	0.46403 0.77208	0.46981 0.75689
1	1.0 1.0	0.46981 0.83284	0.46403 0.81765	0.46403 0.83284
1	1.0 1.0	0.46981 0.83284	0.46981 0.81765	0.46403 0.81765
1	1.0 1.0	0.46981 0.83284	0.47558 0.81765	0.46981 0.81765
1	1.0 1.0	0.47558 0.83284	0.47558 0.81765	0.46981 0.83284
1	1.0 1.0	0.48135 0.81765	0.47558 0.81765	0.47558 0.83284
1	1.0 1.0	0.48135 0.81765	0.48135 0.80246	0.47558 0.81765
1	1.0 1.0	0.48712 0.81765	0.48135 0.80246	0.48135 0.81765
1	1.0 1.0	0.48712 0.81765	0.48712 0.80246	0.48135 0.80246
1	1.0 1.0	0.46981 0.81765	0.46403 0.80246	0.46403 0.81765
1	1.0 1.0	0.46981 0.81765	0.46981 0.80246	0.46403 0.80246
1	1.0 1.0	0.47558 0.81765	0.47558 0.80246	0.46981 0.81765
1	1.0 1.0	0.48135 0.80246	0.47558 0.80246	0.47558 0.81765
1	1.0 1.0	0.48135 0.80246	0.48135 0.78727	0.47558 0.80246
1	1.0 1.0	0.48135 0.75689	0.48712 0.77208	0.48712 0.75689
1	1.0 1.0	0.48712 0.80246	0.48135 0.78727	0.48135 0.80246
1	1.0 1.0	0.48712 0.80246	0.48712 0.78727	0.48135 0.78727
1	1.0 1.0	0.47558 0.75689	0.48135 0.77208	0.48135 0.75689
1	1.0 1.0	0.47558 0.75689	0.47558 0.77208	0.48135 0.77208
1	1.0 1.0	0.47558 0.75689	0.46981 0.77208	0.47558 0.77208
1	1.0 1.0	0.46981 0.75689	0.46981 0.77208	0.47558 0.75689
1	1.0 1.0	0.48135 0.77208	0.47558 0.78727	0.48135 0.78727
1	1.0 1.0	0.48135 0.77208	0.48712 0.77208	0.48135 0.75689
1	1.0 1.0	0.48135 0.77208	0.48712 0.78727	0.48712 0.77208
1	1.0 1.0	0.48135 0.77208	0.47558 0.77208	0.47558 0.78727
1	1.0 1.0	0.47558 0.80246	0.46981 0.80246	0.46981 0.81765
1	1.0 1.0	0.47558 0.80246	0.47558 0.78727	0.46981 0.80246
1	1.0 1.0	0.48135 0.78727	0.47558 0.78727	0.47558 0.80246
1	1.0 1.0	0.48135 0.78727	0.48712 0.78727	0.48135 0.77208
1	1.0 1.0	0.46981 0.80246	0.46403 0.78727	0.46403 0.80246
1	1.0 1.0	0.46981 0.80246	0.46981 0.78727	0.46403 0.78727
1	1.0 1.0	0.47558 0.78727	0.46981 0.78727	0.46981 0.80246
1	1.0 1.0	0.47558 0.78727	0.47558 0.77208	0.46981 0.78727
1	1.0 1.0	0.46403 0.77208	0.46981 0.77208	0.46981 0.75689
1	1.0 1.0	0.46403 0.78727	0.46981 0.78727	0.46403 0.77208
1	1.0 1.0	0.46981 0.78727	0.46981 0.77208	0.46403 0.77208
1	1.0 1.0	0.47558 0.77208	0.46981 0.77208	0.46981 0.78727
1	1.0 1.0	0.05497 0.04629	0.10333 0.06084	0.10333 0.04629
1	1.0 1.0	0.05497 0.06084	0.10333 0.06084	0.05497 0.04629
1	1.0 1.0	0.00196 0.04723	0.05032 0.06148	0.05032 0.04723
1	1.0 1.0	0.00196 0.06148	0.05032 0.06148	0.00196 0.04723
1	1.0 1.0	0.00196 0.16366	0.05032 0.16366	0.00196 0.11892
1	1.0 1.0	0.05032 0.16366	0.05032 0.11945	0.00196 0.11945
1	1.0 1.0	0.97036 0.40897	0.97036 0.21435	0.94621 0.40897
1	1.0 1.0	0.97036 0.21435	0.94621 0.21435	0.94621 0.40897
1	1.0 1.0	0.67828 0.73155	0.70499 0.73151	0.67828 0.70561
1	1.0 1.0	0.65715 0.73155	0.65715 0.70561	0.59436 0.73155
1	1.0 1.0	0.59436 0.73155	0.65715 0.70561	0.59436 0.70561
1	1.0 1.0	0.95261 0.03104	0.88627 0.0469	0.95261 0.0469
1	1.0 1.0	0.88627 0.03104	0.88627 0.0469	0.95261 0.03104
1	1.0 1.0	0.70499 0.73151	0.70499 0.70561	0.67828 0.70561
1	1.0 1.0	0.72536 0.70561	0.72536 0.73147	0.78992 0.73155
1	1.0 1.0	0.63467 0.48726	0.58912 0.51763	0.60431 0.48726
1	1.0 1.0	0.64986 0.51763	0.58912 0.51763	0.63467 0.48726
1	1.0 1.0	0.63467 0.548	0.58912 0.51763	0.64986 0.51763
1	1.0 1.0	0.63467 0.548	0.60431 0.548	0.58912 0.51763
1	1.0 1.0	0.64986 0.51763	0.58912 0.51763	0.63467 0.548
1	1.0 1.0	0.63467 0.48726	0.58912 0.51763	0.64986 0.51763
1	1.0 1.0	0.60431 0.48726	0.58912 0.51763	0.63467 0.48726
1	1.0 1.0	0.58912 0.51763	0.60431 0.548	0.63467 0.548
1	1.0 1.0	0.11772 0.93184	0.14628 0.9319	0.12336 0.91524
1	1.0 1.0	0.13184 0.94214	0.14628 0.9319	0.11772 0.93184
1	1.0 1.0	0.12336 0.91524	0.14628 0.9319	0.14087 0.91524
1	1.0 1.0	0.63889 0.61621	0.63889 0.59805	0.62427 0.61621
1	1.0 1.0	0.63889 0.61621	0.65321 0.61621	0.63889 0.59805
1	1.0 1.0	0.62427 0.61621	0.62427 0.59805	0.60987 0.61621
1	1.0 1.0	0.63889 0.59805	0.65321 0.61621	0.65321 0.59805
1	1.0 1.0	0.63889 0.59805	0.62427 0.59805	0.62427 0.61621
1	1.0 1.0	0.581 0.61621	0.5954 0.59805	0.581 0.59805
1	1.0 1.0	0.5954 0.61621	0.5954 0.59805	0.581 0.61621
1	1.0 1.0	0.5954 0.61621	0.60987 0.61621	0.5954 0.59805
1	1.0 1.0	0.5954 0.59805	0.60987 0.61621	0.60987 0.59805
1	1.0 1.0	0.60987 0.61621	0.62427 0.59805	0.60987 0.59805
1	1.0 1.0	0.03491 0.7629	0.02108 0.78194	0.03491 0.77745
1	1.0 1.0	0.03491 0.7629	0.02113 0.75822	0.02108 0.78194
1	1.0 1.0	0.02113 0.75822	0.01257 0.76994	0.02108 0.78194
1	1.0 1.0	0.5578 0.59442	0.57684 0.60825	0.57234 0.59442
1	1.0 1.0	0.55312 0.60821	0.57684 0.60825	0.5578 0.59442
1	1.0 1.0	0.56484 0.61676	0.57684 0.60825	0.55312 0.60821
1	1.0 1.0	0.63889 0.57123	0.65321 0.59565	0.65321 0.57123
1	1.0 1.0	0.63889 0.57123	0.63889 0.59565	0.65321 0.59565
1	1.0 1.0	0.63889 0.57123	0.62427 0.59565	0.63889 0.59565
1	1.0 1.0	0.63889 0.57123	0.62427 0.57123	0.62427 0.59565
1	1.0 1.0	0.581 0.59565	0.5954 0.57123	0.581 0.57123
1	1.0 1.0	0.62427 0.57123	0.60987 0.59565	0.62427 0.59565
1	1.0 1.0	0.5954 0.59565	0.5954 0.57123	0.581 0.59565
1	1.0 1.0	0.5954 0.59565	0.60987 0.59565	0.5954 0.57123
1	1.0 1.0	0.60987 0.57123	0.60987 0.59565	0.62427 0.57123
1	1.0 1.0	0.5954 0.57123	0.60987 0.59565	0.60987 0.57123
1	1.0 1.0	0.50074 0.04027	0.43092 0.02185	0.43092 0.04027
1	1.0 1.0	0.50074 0.04027	0.50074 0.02185	0.43092 0.02185
1	1.0 1.0	0.43092 0.04027	0.50074 0.0587	0.50074 0.04027
1	1.0 1.0	0.43092 0.04027	0.43092 0.0587	0.50074 0.0587
1	1.0 1.0	0.50074 0.02185	0.43092 0.00343	0.43092 0.02185
1	1.0 1.0	0.50074 0.0587	0.43092 0.0587	0.50074 0.07712
1	1.0 1.0	0.50074 0.00343	0.43092 0.00343	0.50074 0.02185
1	1.0 1.0	0.43092 0.0587	0.43092 0.07712	0.50074 0.07712
1	1.0 1.0	0.45204 0.92267	0.42766 0.93715	0.45204 0.93715
1	1.0 1.0	0.42766 0.92267	0.42766 0.93715	0.45204 0.92267
1	1.0 1.0	0.01469 0.79025	0.03328 0.80884	0.01469 0.80884
1	1.0 1.0	0.03328 0.79025	0.03328 0.80884	0.01469 0.79025
1	1.0 1.0	0.15903 0.84599	0.15903 0.88342	0.17576 0.84599
1	1.0 1.0	0.15903 0.88342	0.17576 0.88342	0.17576 0.84599
1	1.0 1.0	0.15903 0.84599	0.15903 0.88342	0.17576 0.84599
1	1.0 1.0	0.15903 0.88342	0.17576 0.88342	0.17576 0.84599
1	1.0 1.0	0.17576 0.79495	0.15903 0.79495	0.17576 0.84599
1	1.0 1.0	0.15903 0.79495	0.15903 0.84599	0.17576 0.84599
1	1.0 1.0	0.66894 0.00089	0.77949 0.00089	0.68302 0.01538
1	1.0 1.0	0.68302 0.03	0.78001 0.04452	0.66985 0.0446
1	1.0 1.0	0.68302 0.03	0.78463 0.02992	0.78001 0.04452
1	1.0 1.0	0.77949 0.00089	0.78463 0.01538	0.68302 0.01538
1	1.0 1.0	0.68302 0.03	0.68302 0.01538	0.66333 0.02993
1	1.0 1.0	0.66333 0.02993	0.68302 0.01538	0.66332 0.01538
1	1.0 1.0	0.30514 0.2813	0.30514 0.33234	0.32187 0.2813
1	1.0 1.0	0.32187 0.2813	0.30514 0.33234	0.32187 0.33234
1	1.0 1.0	0.32187 0.2813	0.32187 0.33234	0.34244 0.2813
1	1.0 1.0	0.32187 0.33234	0.34942 0.35762	0.34244 0.2813
1	1.0 1.0	0.28438 0.2813	0.30514 0.33234	0.30514 0.2813
1	1.0 1.0	0.28438 0.2813	0.27737 0.35762	0.30514 0.33234
1	1.0 1.0	0.20778 0.93124	0.22279 0.93124	0.20778 0.88694
1	1.0 1.0	0.15231 0.93124	0.16747 0.93124	0.16747 0.88694
1	1.0 1.0	0.86734 0.48927	0.95661 0.48433	0.86979 0.48433
1	1.0 1.0	0.95906 0.48927	0.95661 0.48433	0.86734 0.48927
1	1.0 1.0	0.86734 0.48927	0.95661 0.48433	0.86979 0.48433
1	1.0 1.0	0.35854 0.01307	0.28491 0.26977	0.3435 0.26965
1	1.0 1.0	0.2698 0.01306	0.28491 0.26977	0.35854 0.01307
1	1.0 1.0	0.19053 0.97704	0.10142 0.99677	0.19053 0.99677
1	1.0 1.0	0.19053 0.97704	0.10142 0.97704	0.10142 0.99677
1	1.0 1.0	0.2853 0.94819	0.20695 0.97192	0.2853 0.97192
1	1.0 1.0	0.20919 0.97704	0.20919 0.99677	0.21427 0.98452
1	1.0 1.0	0.36638 0.01149	0.54601 0.35056	0.38578 0.00718
1	1.0 1.0	0.20919 0.99677	0.29222 0.98452	0.21427 0.98452
1	1.0 1.0	0.20919 0.99677	0.29697 0.99677	0.29222 0.98452
1	1.0 1.0	0.36173 0.94819	0.36862 0.97192	0.36862 0.94819
1	1.0 1.0	0.29697 0.99677	0.29697 0.97704	0.29222 0.98452
1	1.0 1.0	0.31532 0.99677	0.40492 0.99677	0.31532 0.97704
1	1.0 1.0	0.24099 0.00619	0.08288 0.34913	0.26061 0.01198
1	1.0 1.0	0.24099 0.00619	0.05984 0.3518	0.08288 0.34913
1	1.0 1.0	0.20695 0.94819	0.20695 0.97192	0.2853 0.94819
1	1.0 1.0	0.11454 0.94819	0.13011 0.97192	0.13011 0.94819
1	1.0 1.0	0.40492 0.99677	0.40492 0.97704	0.31532 0.97704
1	1.0 1.0	0.50466 0.91491	0.50369 0.99667	0.52934 0.91491
1	1.0 1.0	0.61453 0.91491	0.63975 0.99667	0.63879 0.91491
1	1.0 1.0	0.36173 0.97192	0.36862 0.97192	0.36173 0.94819
1	1.0 1.0	0.11454 0.97192	0.13011 0.97192	0.11454 0.94819
1	1.0 1.0	0.99254 0.86869	0.82014 0.911	0.99263 0.9103
1	1.0 1.0	0.09468 0.10504	0.10855 0.11752	0.15015 0.04344
1	1.0 1.0	0.10855 0.11752	0.02019 0.40525	0.15015 0.04344
1	1.0 1.0	0.50369 0.99667	0.53107 0.99667	0.52934 0.91491
1	1.0 1.0	0.61241 0.99667	0.63975 0.99667	0.61453 0.91491
1	1.0 1.0	0.6808 0.98883	0.85403 0.97784	0.68153 0.97714
1	1.0 1.0	0.35388 0.3023	0.52442 0.38107	0.35517 0.29111
1	1.0 1.0	0.35388 0.3023	0.52199 0.39342	0.52442 0.38107
1	1.0 1.0	0.53023 0.75572	0.57164 0.84787	0.57416 0.75566
1	1.0 1.0	0.53023 0.75572	0.53307 0.84787	0.57164 0.84787
1	1.0 1.0	0.27265 0.3023	0.10211 0.38107	0.10454 0.39335
1	1.0 1.0	0.27136 0.29111	0.10211 0.38107	0.27265 0.3023
1	1.0 1.0	0.82014 0.8684	0.82014 0.911	0.99254 0.86869
1	1.0 1.0	0.02019 0.26929	0.02019 0.40525	0.10855 0.11752
1	1.0 1.0	0.82014 0.911	0.69625 0.93182	0.81552 0.92344
1	1.0 1.0	0.85865 0.99028	0.85403 0.97784	0.6808 0.98883
1	1.0 1.0	0.54601 0.35056	0.56904 0.35323	0.38578 0.00718
1	1.0 1.0	0.52199 0.39342	0.34546 0.93957	0.54581 0.3946
1	1.0 1.0	0.6751 0.86148	0.67504 0.91405	0.68724 0.86904
1	1.0 1.0	0.68724 0.86904	0.67504 0.91405	0.68695 0.91558
1	1.0 1.0	0.98855 0.93553	0.99913 0.98088	0.99907 0.92832
1	1.0 1.0	0.98855 0.93553	0.98855 0.98242	0.99913 0.98088
1	1.0 1.0	0.68695 0.91558	0.69625 0.93182	0.82014 0.911
1	1.0 1.0	0.50125 0.0924	0.69421 0.63165	0.53057 0.09239
1	1.0 1.0	0.91897 0.09239	0.75605 0.63165	0.94912 0.0924
1	1.0 1.0	0.34345 0.40192	0.33642 0.43561	0.3527 0.39823
1	1.0 1.0	0.33642 0.43561	0.34546 0.93957	0.3527 0.39823
1	1.0 1.0	0.33642 0.43561	0.28296 0.93946	0.34546 0.93957
1	1.0 1.0	0.58142 0.61887	0.54202 0.63402	0.56694 0.70267
1	1.0 1.0	0.27383 0.39823	0.28296 0.93946	0.29138 0.43561
1	1.0 1.0	0.29138 0.43561	0.28296 0.93946	0.33642 0.43561
1	1.0 1.0	0.05497 0.04629	0.10333 0.04629	0.05497 0.00287
1	1.0 1.0	0.00196 0.00303	0.05032 0.04723	0.05032 0.00303
1	1.0 1.0	0.00196 0.04723	0.05032 0.04723	0.00196 0.00303
1	1.0 1.0	0.00196 0.1049	0.05032 0.11945	0.05032 0.1049
1	1.0 1.0	0.00196 0.11945	0.05032 0.11945	0.00196 0.1049
1	1.0 1.0	0.10333 0.04629	0.10333 0.00287	0.05497 0.00287
1	1.0 1.0	0.99889 0.29815	0.99164 0.17215	0.97039 0.21447
1	1.0 1.0	0.94645 0.21444	0.92521 0.17212	0.91795 0.29812
1	1.0 1.0	0.67828 0.73155	0.65715 0.70561	0.65715 0.73155
1	1.0 1.0	0.67828 0.73155	0.67828 0.70561	0.65715 0.70561
1	1.0 1.0	0.99164 0.17215	0.97039 0.18915	0.97039 0.21447
1	1.0 1.0	0.97039 0.17215	0.97039 0.18915	0.99164 0.17215
1	1.0 1.0	0.95261 0.02087	0.88627 0.03104	0.95261 0.03104
1	1.0 1.0	0.88627 0.02087	0.88627 0.03104	0.95261 0.02087
1	1.0 1.0	0.70499 0.73151	0.72536 0.73147	0.70499 0.70561
1	1.0 1.0	0.94645 0.18912	0.92521 0.17212	0.94645 0.21444
1	1.0 1.0	0.94645 0.18912	0.94645 0.17212	0.92521 0.17212
1	1.0 1.0	0.78992 0.70561	0.72536 0.70561	0.78992 0.73155
1	1.0 1.0	0.70499 0.70561	0.72536 0.73147	0.72536 0.70561
1	1.0 1.0	0.99888 0.1066	0.95606 0.1066	0.99888 0.08017
1	1.0 1.0	0.99888 0.1066	0.99888 0.13303	0.95606 0.1066
1	1.0 1.0	0.95606 0.05373	0.99888 0.0273	0.99888 0.05373
1	1.0 1.0	0.95606 0.05373	0.95606 0.0273	0.99888 0.0273
1	1.0 1.0	0.99888 0.08017	0.95606 0.08017	0.99888 0.05373
1	1.0 1.0	0.99888 0.08017	0.95606 0.1066	0.95606 0.08017
1	1.0 1.0	0.99888 0.05373	0.95606 0.08017	0.95606 0.05373
1	1.0 1.0	0.99888 0.13303	0.95606 0.13303	0.95606 0.1066
1	1.0 1.0	0.99888 0.13303	0.99888 0.15946	0.95606 0.13303
1	1.0 1.0	0.99888 0.15946	0.95606 0.15946	0.95606 0.13303
1	1.0 1.0	0.99888 0.00087	0.99888 0.0273	0.95606 0.00087
1	1.0 1.0	0.99888 0.0273	0.95606 0.0273	0.95606 0.00087
1	1.0 1.0	0.63889 0.59565	0.63889 0.57123	0.62427 0.59565
1	1.0 1.0	0.63889 0.59565	0.65321 0.59565	0.63889 0.57123
1	1.0 1.0	0.62427 0.59565	0.62427 0.57123	0.60987 0.59565
1	1.0 1.0	0.63889 0.57123	0.65321 0.59565	0.65321 0.57123
1	1.0 1.0	0.63889 0.57123	0.62427 0.57123	0.62427 0.59565
1	1.0 1.0	0.581 0.59565	0.5954 0.57123	0.581 0.57123
1	1.0 1.0	0.5954 0.59565	0.5954 0.57123	0.581 0.59565
1	1.0 1.0	0.5954 0.59565	0.60987 0.59565	0.5954 0.57123
1	1.0 1.0	0.5954 0.57123	0.60987 0.59565	0.60987 0.57123
1	1.0 1.0	0.60987 0.59565	0.62427 0.57123	0.60987 0.57123
1	1.0 1.0	0.11548 0.89489	0.15099 0.89496	0.12249 0.87426
1	1.0 1.0	0.13303 0.90769	0.15099 0.89496	0.11548 0.89489
1	1.0 1.0	0.12249 0.87426	0.15099 0.89496	0.14426 0.87426
1	1.0 1.0	0.99815 0.42115	0.97713 0.44174	0.99815 0.44174
1	1.0 1.0	0.99815 0.42115	0.97713 0.42115	0.97713 0.44174
1	1.0 1.0	0.99815 0.42115	0.97713 0.40011	0.97713 0.42115
1	1.0 1.0	0.97713 0.33786	0.99815 0.35859	0.99815 0.33786
1	1.0 1.0	0.97713 0.33786	0.97713 0.35859	0.99815 0.35859
1	1.0 1.0	0.99815 0.40011	0.97713 0.40011	0.99815 0.42115
1	1.0 1.0	0.99815 0.3794	0.97713 0.3794	0.99815 0.40011
1	1.0 1.0	0.99815 0.35859	0.97713 0.3794	0.99815 0.3794
1	1.0 1.0	0.97713 0.35859	0.97713 0.3794	0.99815 0.35859
1	1.0 1.0	0.97713 0.3794	0.97713 0.40011	0.99815 0.40011
1	1.0 1.0	0.63892 0.55241	0.65322 0.567	0.65322 0.55241
1	1.0 1.0	0.63892 0.55241	0.63892 0.567	0.65322 0.567
1	1.0 1.0	0.63892 0.55241	0.62431 0.567	0.63892 0.567
1	1.0 1.0	0.63892 0.55241	0.62431 0.55241	0.62431 0.567
1	1.0 1.0	0.58108 0.567	0.59547 0.55241	0.58108 0.55241
1	1.0 1.0	0.62431 0.55241	0.60992 0.567	0.62431 0.567
1	1.0 1.0	0.59547 0.567	0.59547 0.55241	0.58108 0.567
1	1.0 1.0	0.59547 0.567	0.60992 0.567	0.59547 0.55241
1	1.0 1.0	0.60992 0.55241	0.60992 0.567	0.62431 0.55241
1	1.0 1.0	0.59547 0.55241	0.60992 0.567	0.60992 0.55241
1	1.0 1.0	0.12336 0.91524	0.14628 0.9319	0.14087 0.91524
1	1.0 1.0	0.11772 0.93184	0.14628 0.9319	0.12336 0.91524
1	1.0 1.0	0.13184 0.94214	0.14628 0.9319	0.11772 0.93184
1	1.0 1.0	0.01537 0.83871	0.01537 0.82011	0.03397 0.83871
1	1.0 1.0	0.01537 0.82011	0.03397 0.82011	0.03397 0.83871
1	1.0 1.0	0.45204 0.92267	0.46351 0.92267	0.45874 0.89626
1	1.0 1.0	0.45874 0.89626	0.46351 0.92267	0.46351 0.89626
1	1.0 1.0	0.45204 0.93715	0.45869 0.96362	0.46351 0.93715
1	1.0 1.0	0.45869 0.96362	0.46351 0.96362	0.46351 0.93715
1	1.0 1.0	0.95547 0.41069	0.97389 0.4805	0.97389 0.41069
1	1.0 1.0	0.95547 0.41069	0.95547 0.4805	0.97389 0.4805
1	1.0 1.0	0.95547 0.41069	0.93705 0.41069	0.95547 0.4805
1	1.0 1.0	0.90021 0.41069	0.91863 0.4805	0.91863 0.41069
1	1.0 1.0	0.90021 0.4805	0.91863 0.4805	0.90021 0.41069
1	1.0 1.0	0.93705 0.41069	0.93705 0.4805	0.95547 0.4805
1	1.0 1.0	0.93705 0.41069	0.91863 0.41069	0.93705 0.4805
1	1.0 1.0	0.91863 0.41069	0.91863 0.4805	0.93705 0.4805
1	1.0 1.0	0.13846 0.79495	0.15903 0.84599	0.15903 0.79495
1	1.0 1.0	0.13846 0.79495	0.13148 0.87127	0.15903 0.84599
1	1.0 1.0	0.17576 0.79495	0.17576 0.84599	0.19652 0.79495
1	1.0 1.0	0.17576 0.84599	0.20353 0.87127	0.19652 0.79495
1	1.0 1.0	0.17576 0.79495	0.15903 0.79495	0.17576 0.84599
1	1.0 1.0	0.15903 0.79495	0.15903 0.84599	0.17576 0.84599
1	1.0 1.0	0.13846 0.79495	0.15903 0.84599	0.15903 0.79495
1	1.0 1.0	0.13846 0.79495	0.13148 0.87127	0.15903 0.84599
1	1.0 1.0	0.17576 0.84599	0.19652 0.79495	0.17576 0.79495
1	1.0 1.0	0.17576 0.84599	0.20353 0.87127	0.19652 0.79495
1	1.0 1.0	0.66894 0.00089	0.77949 0.00089	0.68302 0.01538
1	1.0 1.0	0.68302 0.03	0.78001 0.04452	0.66985 0.0446
1	1.0 1.0	0.68302 0.03	0.78463 0.02992	0.78001 0.04452
1	1.0 1.0	0.77949 0.00089	0.78463 0.01538	0.68302 0.01538
1	1.0 1.0	0.68302 0.03	0.78001 0.04452	0.78463 0.02992
1	1.0 1.0	0.66985 0.0446	0.78001 0.04452	0.68302 0.03
1	1.0 1.0	0.68302 0.01538	0.77949 0.00089	0.66894 0.00089
1	1.0 1.0	0.68302 0.01538	0.78463 0.01538	0.77949 0.00089
1	1.0 1.0	0.68302 0.03	0.68302 0.01538	0.66333 0.02993
1	1.0 1.0	0.66333 0.02993	0.68302 0.01538	0.66332 0.01538
1	1.0 1.0	0.30514 0.2813	0.30514 0.33234	0.32187 0.2813
1	1.0 1.0	0.32187 0.2813	0.30514 0.33234	0.32187 0.33234
1	1.0 1.0	0.30514 0.2813	0.30514 0.33234	0.32187 0.2813
1	1.0 1.0	0.32187 0.2813	0.30514 0.33234	0.32187 0.33234
1	1.0 1.0	0.16747 0.88694	0.20778 0.93124	0.20778 0.88694
1	1.0 1.0	0.16747 0.88694	0.16747 0.93124	0.20778 0.93124
1	1.0 1.0	0.35854 0.01307	0.35495 0.00212	0.2698 0.01306
1	1.0 1.0	0.35854 0.01307	0.3435 0.26965	0.36638 0.01149
1	1.0 1.0	0.99751 0.79997	0.61542 0.8192	0.9975 0.85769
1	1.0 1.0	0.36638 0.01149	0.3435 0.26965	0.36486 0.29259
1	1.0 1.0	0.35495 0.00212	0.27281 0.00213	0.2698 0.01306
1	1.0 1.0	0.2922 0.94819	0.2922 0.97192	0.36173 0.94819
1	1.0 1.0	0.26061 0.01198	0.28491 0.26977	0.2698 0.01306
1	1.0 1.0	0.26061 0.01198	0.26303 0.29171	0.28491 0.26977
1	1.0 1.0	0.9975 0.85769	0.61515 0.85377	0.99676 0.86082
1	1.0 1.0	0.61626 0.80154	0.99834 0.76303	0.61627 0.7438
1	1.0 1.0	0.61626 0.80154	0.99798 0.79759	0.99834 0.76303
1	1.0 1.0	0.13011 0.94819	0.19137 0.97192	0.19137 0.94819
1	1.0 1.0	0.13011 0.94819	0.13011 0.97192	0.19137 0.97192
1	1.0 1.0	0.2922 0.97192	0.36173 0.97192	0.36173 0.94819
1	1.0 1.0	0.61699 0.80467	0.99798 0.79759	0.61626 0.80154
1	1.0 1.0	0.82919 0.44541	0.82964 0.48841	0.84881 0.44541
1	1.0 1.0	0.97832 0.44541	0.99743 0.48841	0.99787 0.44541
1	1.0 1.0	0.82964 0.48841	0.84881 0.47865	0.84881 0.44541
1	1.0 1.0	0.82964 0.48841	0.83433 0.4996	0.84881 0.47865
1	1.0 1.0	0.83433 0.4996	0.87023 0.49766	0.84881 0.47865
1	1.0 1.0	0.83433 0.4996	0.8452 0.50765	0.87023 0.49766
1	1.0 1.0	0.8452 0.50765	0.95683 0.49766	0.87023 0.49766
1	1.0 1.0	0.8452 0.50765	0.98187 0.50765	0.95683 0.49766
1	1.0 1.0	0.95683 0.49766	0.99274 0.4996	0.97832 0.47865
1	1.0 1.0	0.98187 0.50765	0.99274 0.4996	0.95683 0.49766
1	1.0 1.0	0.97832 0.47865	0.99743 0.48841	0.97832 0.44541
1	1.0 1.0	0.97832 0.47865	0.99274 0.4996	0.99743 0.48841
1	1.0 1.0	0.35388 0.3023	0.34546 0.93957	0.52199 0.39342
1	1.0 1.0	0.85403 0.97784	0.98855 0.93553	0.85525 0.93553
1	1.0 1.0	0.85403 0.97784	0.98855 0.98242	0.98855 0.93553
1	1.0 1.0	0.61542 0.8192	0.61515 0.85377	0.9975 0.85769
1	1.0 1.0	0.10454 0.39335	0.28296 0.93946	0.27265 0.3023
1	1.0 1.0	0.10211 0.38107	0.08209 0.39431	0.10454 0.39335
1	1.0 1.0	0.65858 0.91109	0.63061 0.85805	0.63982 0.90371
1	1.0 1.0	0.63061 0.85805	0.60818 0.86738	0.63982 0.90371
1	1.0 1.0	0.63061 0.85805	0.53271 0.86738	0.60818 0.86738
1	1.0 1.0	0.63061 0.85805	0.51025 0.85805	0.53271 0.86738
1	1.0 1.0	0.51025 0.85805	0.50107 0.90371	0.53271 0.86738
1	1.0 1.0	0.48233 0.91109	0.50107 0.90371	0.51025 0.85805
1	1.0 1.0	0.00196 0.06148	0.05032 0.1049	0.05032 0.06148
1	1.0 1.0	0.00196 0.1782	0.05032 0.1782	0.00196 0.16366
1	1.0 1.0	0.00196 0.1049	0.05032 0.1049	0.00196 0.06148
1	1.0 1.0	0.05032 0.1782	0.05032 0.16366	0.00196 0.16366
1	1.0 1.0	0.65715 0.73155	0.59436 0.73155	0.65317 0.73734
1	1.0 1.0	0.92212 0.40797	0.91493 0.37635	0.91493 0.40797
1	1.0 1.0	0.92212 0.40797	0.9448 0.33212	0.91493 0.37635
1	1.0 1.0	0.9448 0.33212	0.89913 0.37635	0.91493 0.37635
1	1.0 1.0	0.9448 0.33212	0.86886 0.33212	0.89913 0.37635
1	1.0 1.0	0.92579 0.30985	0.86886 0.33212	0.9448 0.33212
1	1.0 1.0	0.92579 0.30985	0.88786 0.30985	0.86886 0.33212
1	1.0 1.0	0.89913 0.37635	0.89196 0.40797	0.89913 0.40797
1	1.0 1.0	0.89913 0.37635	0.86886 0.33212	0.89196 0.40797
1	1.0 1.0	0.79013 0.73145	0.72536 0.73147	0.73026 0.73734
1	1.0 1.0	0.45204 0.92267	0.45204 0.93715	0.46351 0.92267
1	1.0 1.0	0.42288 0.92267	0.42766 0.93715	0.42766 0.92267
1	1.0 1.0	0.42288 0.92267	0.42288 0.93715	0.42766 0.93715
1	1.0 1.0	0.45204 0.93715	0.46351 0.93715	0.46351 0.92267
1	1.0 1.0	0.17576 0.79495	0.15903 0.79495	0.17576 0.84599
1	1.0 1.0	0.15903 0.79495	0.15903 0.84599	0.17576 0.84599
1	1.0 1.0	0.13846 0.79495	0.15903 0.84599	0.15903 0.79495
1	1.0 1.0	0.13846 0.79495	0.13148 0.87127	0.15903 0.84599
1	1.0 1.0	0.17576 0.79495	0.17576 0.84599	0.19652 0.79495
1	1.0 1.0	0.17576 0.84599	0.20353 0.87127	0.19652 0.79495
1	1.0 1.0	0.13846 0.79495	0.15903 0.84599	0.15903 0.79495
1	1.0 1.0	0.13846 0.79495	0.13148 0.87127	0.15903 0.84599
1	1.0 1.0	0.17576 0.79495	0.17576 0.84599	0.19652 0.79495
1	1.0 1.0	0.17576 0.84599	0.20353 0.87127	0.19652 0.79495
1	1.0 1.0	0.15903 0.84599	0.15903 0.88342	0.17576 0.84599
1	1.0 1.0	0.15903 0.88342	0.17576 0.88342	0.17576 0.84599
1	1.0 1.0	0.66333 0.02993	0.68302 0.01538	0.68302 0.03
1	1.0 1.0	0.66332 0.01538	0.68302 0.01538	0.66333 0.02993
1	1.0 1.0	0.66333 0.02993	0.68302 0.01538	0.68302 0.03
1	1.0 1.0	0.66332 0.01538	0.68302 0.01538	0.66333 0.02993
1	1.0 1.0	0.68302 0.03	0.78001 0.04452	0.78463 0.02992
1	1.0 1.0	0.66985 0.0446	0.78001 0.04452	0.68302 0.03
1	1.0 1.0	0.68302 0.01538	0.77949 0.00089	0.66894 0.00089
1	1.0 1.0	0.68302 0.01538	0.78463 0.01538	0.77949 0.00089
1	1.0 1.0	0.30514 0.33234	0.32187 0.36977	0.32187 0.33234
1	1.0 1.0	0.30514 0.33234	0.30514 0.36977	0.32187 0.36977
1	1.0 1.0	0.30514 0.2813	0.28438 0.2813	0.30514 0.33234
1	1.0 1.0	0.32187 0.2813	0.32187 0.33234	0.34244 0.2813
1	1.0 1.0	0.32187 0.33234	0.34942 0.35762	0.34244 0.2813
1	1.0 1.0	0.28438 0.2813	0.27737 0.35762	0.30514 0.33234
1	1.0 1.0	0.32187 0.2813	0.32187 0.33234	0.34244 0.2813
1	1.0 1.0	0.32187 0.33234	0.34942 0.35762	0.34244 0.2813
1	1.0 1.0	0.28438 0.2813	0.30514 0.33234	0.30514 0.2813
1	1.0 1.0	0.28438 0.2813	0.27737 0.35762	0.30514 0.33234
1	1.0 1.0	0.30514 0.2813	0.30514 0.33234	0.32187 0.2813
1	1.0 1.0	0.32187 0.2813	0.30514 0.33234	0.32187 0.33234
1	1.0 1.0	0.11093 0.8791	0.10244 0.9551	0.10244 0.87773
1	1.0 1.0	0.10244 0.87773	0.10028 0.86552	0.11093 0.8791
1	1.0 1.0	0.10244 0.87773	0.09688 0.87169	0.10028 0.86552
1	1.0 1.0	0.09688 0.87169	0.0131 0.86552	0.10028 0.86552
1	1.0 1.0	0.01648 0.87169	0.0131 0.86552	0.09688 0.87169
1	1.0 1.0	0.01648 0.87169	0.01093 0.87773	0.0131 0.86552
1	1.0 1.0	0.01093 0.87773	0.00243 0.8791	0.0131 0.86552
1	1.0 1.0	0.01093 0.87773	0.01093 0.9551	0.00243 0.8791
1	1.0 1.0	0.11093 0.96078	0.10244 0.9551	0.11093 0.8791
1	1.0 1.0	0.11093 0.96078	0.096 0.97401	0.10244 0.9551
1	1.0 1.0	0.10244 0.9551	0.096 0.97401	0.09076 0.9678
1	1.0 1.0	0.01093 0.9551	0.00243 0.96078	0.00243 0.8791
1	1.0 1.0	0.01093 0.9551	0.01737 0.97401	0.00243 0.96078
1	1.0 1.0	0.096 0.97401	0.02261 0.9678	0.09076 0.9678
1	1.0 1.0	0.096 0.97401	0.01737 0.97401	0.02261 0.9678
1	1.0 1.0	0.02261 0.9678	0.01737 0.97401	0.01093 0.9551
1	1.0 1.0	0.10244 0.87773	0.01648 0.87169	0.09689 0.87169
1	1.0 1.0	0.10244 0.87773	0.01093 0.87773	0.01648 0.87169
1	1.0 1.0	0.10244 0.87773	0.09076 0.9678	0.01093 0.87773
1	1.0 1.0	0.01093 0.87773	0.02261 0.9678	0.01093 0.9551
1	1.0 1.0	0.1316 0.84056	0.00058 0.47828	0.0899 0.76626
1	1.0 1.0	0.10244 0.9551	0.09076 0.9678	0.10244 0.87773
1	1.0 1.0	0.09076 0.9678	0.02261 0.9678	0.01093 0.87773
1	1.0 1.0	0.0899 0.76626	0.07613 0.77896	0.1316 0.84056
1	1.0 1.0	0.0899 0.76626	0.00058 0.47828	0.00124 0.61385
1	1.0 1.0	0.60216 0.74691	0.57416 0.75566	0.60069 0.75703
1	1.0 1.0	0.60216 0.74691	0.57788 0.72021	0.57416 0.75566
1	1.0 1.0	0.53023 0.75572	0.50269 0.74642	0.50389 0.75663
1	1.0 1.0	0.52711 0.72021	0.50269 0.74642	0.53023 0.75572
1	1.0 1.0	0.85865 0.99028	0.97791 0.99866	0.85403 0.97784
1	1.0 1.0	0.97791 0.99866	0.98855 0.98242	0.85403 0.97784
1	1.0 1.0	0.00549 0.43854	0.28296 0.93946	0.08209 0.39431
1	1.0 1.0	0.64794 0.61888	0.56694 0.70267	0.66212 0.70267
1	1.0 1.0	0.58142 0.61887	0.56694 0.70267	0.64794 0.61888
1	1.0 1.0	0.27878 0.94209	0.28296 0.93946	0.00549 0.43854
1	1.0 1.0	0.14906 0.07457	0.16342 0.08057	0.17305 0.05035
1	1.0 1.0	0.052 0.06244	0.06636 0.15367	0.06636 0.06844
1	1.0 1.0	0.20826 0.00243	0.20231 0.01692	0.11057 0.00243
1	1.0 1.0	0.17305 0.05035	0.16342 0.08057	0.17901 0.06485
1	1.0 1.0	0.18352 0.03579	0.19315 0.06602	0.20752 0.06001
1	1.0 1.0	0.18352 0.03579	0.17757 0.05029	0.19315 0.06602
1	1.0 1.0	0.08032 0.06244	0.06595 0.15367	0.08032 0.15968
1	1.0 1.0	0.052 0.15968	0.06636 0.15367	0.052 0.06244
1	1.0 1.0	0.06229 0.18735	0.04793 0.18134	0.0383 0.21157
1	1.0 1.0	0.0248 0.21096	0.01517 0.18073	0.0008 0.18674
1	1.0 1.0	0.20765 0.0333	0.11592 0.0188	0.2017 0.0188
1	1.0 1.0	0.10997 0.0333	0.11592 0.0188	0.20765 0.0333
1	1.0 1.0	0.20231 0.01692	0.11652 0.01692	0.11057 0.00243
1	1.0 1.0	0.06595 0.06844	0.06595 0.15367	0.08032 0.06244
1	1.0 1.0	0.03075 0.19646	0.01517 0.18073	0.0248 0.21096
1	1.0 1.0	0.04793 0.18134	0.03235 0.19707	0.0383 0.21157
1	1.0 1.0	0.97036 0.21435	0.96522 0.17222	0.94621 0.21435
1	1.0 1.0	0.97036 0.17222	0.96522 0.17222	0.97036 0.21435
1	1.0 1.0	0.88627 0.00058	0.95261 0.00501	0.95261 0.00058
1	1.0 1.0	0.88627 0.00501	0.88627 0.02087	0.95261 0.02087
1	1.0 1.0	0.88627 0.00501	0.95261 0.00501	0.88627 0.00058
1	1.0 1.0	0.95261 0.02087	0.95261 0.00501	0.88627 0.00501
1	1.0 1.0	0.9869 0.31684	0.97555 0.31684	0.9869 0.3342
1	1.0 1.0	0.96522 0.17222	0.95386 0.17222	0.94621 0.21435
1	1.0 1.0	0.97554 0.3168	0.97554 0.3342	0.9869 0.3342
1	1.0 1.0	0.95386 0.17222	0.94621 0.17222	0.94621 0.21435
1	1.0 1.0	0.95261 0.0469	0.88627 0.05132	0.95261 0.05129
1	1.0 1.0	0.88627 0.0469	0.88627 0.05132	0.95261 0.0469
1	1.0 1.0	0.15903 0.84599	0.15903 0.88342	0.17576 0.84599
1	1.0 1.0	0.15903 0.88342	0.17576 0.88342	0.17576 0.84599
1	1.0 1.0	0.17576 0.79495	0.15903 0.79495	0.17576 0.84599
1	1.0 1.0	0.15903 0.79495	0.15903 0.84599	0.17576 0.84599
1	1.0 1.0	0.68302 0.03	0.78463 0.01538	0.78463 0.02992
1	1.0 1.0	0.68302 0.01538	0.78463 0.01538	0.68302 0.03
1	1.0 1.0	0.68302 0.03	0.78463 0.01538	0.78463 0.02992
1	1.0 1.0	0.68302 0.01538	0.78463 0.01538	0.68302 0.03
1	1.0 1.0	0.68302 0.03	0.78463 0.01538	0.68302 0.01538
1	1.0 1.0	0.78463 0.02992	0.78463 0.01538	0.68302 0.03
1	1.0 1.0	0.68302 0.03	0.78463 0.01538	0.68302 0.01538
1	1.0 1.0	0.78463 0.02992	0.78463 0.01538	0.68302 0.03
1	1.0 1.0	0.30514 0.2813	0.28438 0.2813	0.30514 0.33234
1	1.0 1.0	0.32187 0.33234	0.34244 0.2813	0.32187 0.2813
1	1.0 1.0	0.32187 0.33234	0.34942 0.35762	0.34244 0.2813
1	1.0 1.0	0.28438 0.2813	0.27737 0.35762	0.30514 0.33234
1	1.0 1.0	0.30514 0.33234	0.32187 0.36977	0.32187 0.33234
1	1.0 1.0	0.30514 0.33234	0.30514 0.36977	0.32187 0.36977
1	1.0 1.0	0.30514 0.33234	0.32187 0.36977	0.32187 0.33234
1	1.0 1.0	0.30514 0.33234	0.30514 0.36977	0.32187 0.36977
1	1.0 1.0	0.30514 0.33234	0.32187 0.36977	0.32187 0.33234
1	1.0 1.0	0.30514 0.33234	0.30514 0.36977	0.32187 0.36977
1	1.0 1.0	0.20778 0.93124	0.16747 0.93124	0.21379 0.94546
1	1.0 1.0	0.21379 0.94546	0.16747 0.93124	0.16173 0.94546
1	1.0 1.0	0.02072 0.72501	0.01535 0.73286	0.01908 0.73286
1	1.0 1.0	0.00257 0.74864	0.00257 0.84585	0.00735 0.74864
1	1.0 1.0	0.00735 0.74864	0.01908 0.73286	0.00257 0.74864
1	1.0 1.0	0.00735 0.74864	0.00257 0.84585	0.00735 0.84354
1	1.0 1.0	0.01908 0.73286	0.01535 0.73286	0.00257 0.74864
1	1.0 1.0	0.03242 0.73286	0.03615 0.73286	0.03062 0.72501
1	1.0 1.0	0.03242 0.73286	0.04899 0.74864	0.03615 0.73286
1	1.0 1.0	0.04415 0.74864	0.04899 0.74864	0.03242 0.73286
1	1.0 1.0	0.04415 0.74864	0.04899 0.84585	0.04899 0.74864
1	1.0 1.0	0.04415 0.84354	0.04899 0.84585	0.04415 0.74864
1	1.0 1.0	0.04415 0.84354	0.02762 0.85892	0.04899 0.84585
1	1.0 1.0	0.00257 0.84585	0.02388 0.85892	0.00735 0.84354
1	1.0 1.0	0.00257 0.84585	0.02143 0.86385	0.02388 0.85892
1	1.0 1.0	0.08064 0.97704	0.00063 0.99677	0.08064 0.99677
1	1.0 1.0	0.08064 0.97704	0.00063 0.97704	0.00063 0.99677
1	1.0 1.0	0.04899 0.84585	0.02762 0.85892	0.03007 0.86385
1	1.0 1.0	0.82371 0.5104	0.93785 0.74494	0.95167 0.51066
1	1.0 1.0	0.96161 0.51106	0.93785 0.74494	0.99958 0.68808
1	1.0 1.0	0.7773 0.68807	0.83835 0.74494	0.81449 0.51037
1	1.0 1.0	0.53057 0.09239	0.67408 0.05885	0.61181 0.00084
1	1.0 1.0	0.53057 0.09239	0.77557 0.05885	0.67408 0.05885
1	1.0 1.0	0.53057 0.09239	0.91897 0.09239	0.77557 0.05885
1	1.0 1.0	0.53057 0.09239	0.75605 0.63165	0.91897 0.09239
1	1.0 1.0	0.83835 0.74494	0.93785 0.74494	0.82371 0.5104
1	1.0 1.0	0.77557 0.05885	0.91897 0.09239	0.83853 0.00085
1	1.0 1.0	0.69421 0.63165	0.75605 0.63165	0.53057 0.09239

NAMES 2
Engine
Hull

NORMALS
1 0 0
1 0 0
1 0 0
0 1 0
0 1 0
0 1 0
-0.70711 -0.70711 0
-0.70711 -0.70711 0
-0.70711 -0.70711 0
1 0 0
-0.70711 -0.70711 0
0 1 0
0 0 1
0 0 1
0 0 1
0 0 1
0 0 1
0 0 1
0.70711 0.70711 0
0.70711 0.70711 0
0.70711 0.70711 0
0.70711 0.70711 0
-1 0 0
-1 0 0
-1 0 0
0.70711 -0.70711 0
0.70711 -0.70711 0
0.70711 -0.70711 0
-1 0 0
0.70711 -0.70711 0
-0.5 0.86603 0
-0.5 0.86603 0
-0.98198 0.18898 0
-0.98198 -0.18899 0
-0.65465 -0.75593 0
0.32733 0.94491 0
0.65465 0.75593 0
0.98198 0.18898 0
-0.32732 -0.94491 0
0.5 -0.86603 0
0.5 -0.86603 0
0.98198 -0.18899 0
0 -1 0
0 -1 0
0 -1 0
0 -1 0
-0.70711 0.70711 0
-0.70711 0.70711 0
-0.70711 0.70711 0
-0.70711 0.70711 0
0 0 -1
0 0 -1
0 0 -1
0 0 -1
0 0 -1
0 0 -1
0 0 -1
0 0 -1
0 0 -1
0 0 -1
0 0 -1
-0.81101 0.58503 0.00081
-0.81101 0.58503 0.00081
-0.81162 0.58418 -0.00016
-0.8104 0.58588 0.00178
0.76306 -0.64633 0
0.76313 -0.64625 0.00003
0.76313 -0.64625 0.00003
-0.82821 0.11933 -0.54756
-0.82821 0.11933 -0.54756
-0.82821 0.11933 -0.54756
0.76319 -0.64617 0.00006
0.83269 0.13909 -0.53598
0.83269 0.13909 -0.53598
0.83269 0.13909 -0.53598
0.81081 0.58531 0.00049
0.81081 0.58531 0.00049
0.81162 0.58418 -0.00079
-1 0 0
-1 0 0
-1 0 0
0.81 0.58643 0.00178
0.35643 0.92839 -0.10512
0.35643 0.92839 -0.10512
0.35643 0.92839 -0.10512
-1 0 0
-1 0 0
-1 0 0
-0.69299 -0.72094 0.00173
-0.69299 -0.72094 0.00173
-0.69314 -0.7208 0.00152
-0.69285 -0.72108 0.00194
0.76291 0.64651 0
0.76291 0.64651 0
0.76291 0.64651 0
0.69314 -0.7208 0.00152
0.69299 -0.72094 0.00173
0.69299 -0.72094 0.00173
0.76291 0.64651 0
0 -1 0
0 -1 0
0 -1 0
0.69285 -0.72108 0.00194
1 0 0
1 0 0
1 0 0
1 0 0
-1 0 0
0.51666 -0.8296 -0.21171
0.51666 -0.8296 -0.21171
0.51666 -0.8296 -0.21171
-1 0 0
0.97879 -0.00307 -0.20483
0.97879 -0.00307 -0.20483
0.97912 0.00357 -0.20327
-0.90922 -0.36951 -0.19179
-0.92276 -0.33093 -0.19747
-0.92276 -0.33093 -0.19747
-0.60681 -0.79402 0.03622
-0.60681 -0.79402 0.03622
-0.60681 -0.79402 0.03622
0 -1 0
0.60681 -0.79402 0.03622
0.60681 -0.79402 0.03622
0.60681 -0.79402 0.03622
0.97842 -0.0097 -0.20639
-0.35645 0.92838 -0.10513
-0.35645 0.92838 -0.10513
-0.35645 0.92838 -0.10513
-0.77629 0.60359 0.18178
-0.77629 0.60359 0.18178
-0.78594 0.59309 0.17476
-0.76645 0.61394 0.18876
0 1 -0.00109
0 1 -0.00109
0 1 -0.00109
0 1 -0.00109
0.77514 0.60511 0.18166
0.77514 0.60511 0.18166
0.76654 0.61414 0.18776
0.7836 0.59596 0.17552
-0.74012 0.0027 -0.67246
-0.74041 0.00135 -0.67215
-0.74041 0.00135 -0.67215
-0.93473 -0.29178 -0.20282
-0.68858 0.72418 0.03758
-0.68858 0.72418 0.03758
-0.68858 0.72418 0.03758
-0.94384 0 0.3304
-0.57849 -0.01783 0.81549
-0.94361 -0.02909 0.32977
0.70153 0.61598 0.35837
0.70153 0.61598 0.35837
0.70153 0.61598 0.35837
-0.51665 -0.82959 -0.21179
-0.51665 -0.82959 -0.21179
-0.51665 -0.82959 -0.21179
-0.74069 0 -0.67184
0 0 -1
0 0 -1
0 0 -1
-0.57818 -0.03567 0.81513
0 0 -1
0 0 -1
0 0 -1
-0.72893 0.63598 0.25335
-0.72893 0.63598 0.25335
-0.72893 0.63598 0.25335
0.35481 0.90547 0.23287
0.35481 0.90547 0.23287
0.35481 0.90547 0.23287
0 0 1
0 0 1
-0.77895 0.02442 0.62661
-0.82244 0.03683 0.56766
-0.79299 -0.4287 -0.43288
-0.43679 -0.66025 -0.61097
0.73905 -0.04946 -0.67183
0.35505 0.46672 0.81001
0.54808 0.73135 0.40587
0.76825 -0.24126 -0.59295
-0.53528 -0.84466 0.0055
-0.71141 0.52061 0.47208
0.40706 0.91331 -0.01277
0.84787 -0.36588 -0.38374
-0.91792 0.23585 0.31904
-0.11343 -0.97527 0.18967
0.41574 0.84048 -0.34751
0.84045 -0.52032 -0.15137
-0.26241 -0.8531 0.45096
-0.89821 0.42856 0.09776
-0.2094 0.32584 -0.92194
-0.24239 0.53651 -0.80833
0.59047 0.77806 -0.2144
0.40591 0.78354 -0.47042
0.9068 -0.41034 -0.09664
-0.51753 -0.69699 0.49636
-0.78106 0.6127 -0.12056
0.67144 0.56638 -0.47789
0.76626 -0.62393 0.15347
-0.72839 -0.52426 0.44113
-0.7289 -0.58114 -0.36191
-0.62953 0.66437 -0.40287
0.22212 -0.31025 0.92434
-0.73512 -0.61716 0.28054
0.60687 -0.40572 0.68344
0.81482 0.56459 0.13159
0.62527 -0.67244 0.39605
0.80805 0.48553 -0.33364
-0.70711 0.70711 0
-0.70711 0.70711 0
-0.70711 0.70711 0
-0.70711 0.70711 0
0.70711 0.70711 0
0.70711 0.70711 0
0.70711 0.70711 0
0.70711 0.70711 0
0 -1 0
0 -1 0
0 -1 0
0 -1 0
0 -0.98016 -0.19822
0 -0.98016 -0.19822
0 -0.98016 -0.19822
0 -0.98016 -0.19822
0 1 0
0 1 0
0 1 0
-0.96637 -0.25714 0
-0.96637 -0.25714 0
-0.96637 -0.25714 0
-0.96637 -0.25714 0
-1 0 0
-1 0 0
-1 0 0
-1 0 0
0 1 0
0.96514 -0.26172 0
0.96514 -0.26172 0
0.96514 -0.26172 0
0 0 -1
0 0 -1
0 0 -1
0 0 -1
0 0 -1
0 0 -1
0 0 1
0 0 1
0 0 1
0 0 1
0 0 1
0 0 1
-0.86602 -0.50001 0.00002
-0.86602 -0.5 0.00001
-0.86602 -0.5 0
-0.86602 -0.50001 0.00004
-0.86602 -0.5 0
-0.28087 0.90863 0.30902
-0.28086 0.90864 0.30903
-0.06771 0.21906 0.97336
-0.17359 0.56157 -0.80901
0.06447 -0.23551 0.96973
0.25668 -0.91768 0.30326
-0.17358 0.56157 -0.80902
0.15462 -0.56715 -0.80897
0.15463 -0.56716 -0.80897
0.25014 -0.91758 0.30898
0.86602 -0.5 -0.00002
0.86602 -0.50001 0
0.86603 -0.5 -0.00002
0.86602 -0.50001 0.00001
0.86602 -0.50001 0.00003
0 -1 0
0 -1 0
0 -1 0
0 -1 0
0 -1 0
-0.95106 0.00001 0.30901
-0.58778 0.00001 -0.80902
-0.58778 0 -0.80902
-0.95106 0.00002 0.309
-0.23538 0 0.9719
0.23537 0 0.97191
0.58777 0 -0.80903
0.95106 0 0.309
0.58777 0 -0.80903
0.95106 0 0.309
-0.94867 -0.31627 0
-0.31619 -0.9487 0
-0.94868 0.31625 0
0.31621 -0.94869 0
-0.31619 0.9487 0
0.31625 0.94867 0
0.94867 -0.31627 0
0.94869 0.3162 0
0 0.96384 -0.26648
0 0.96384 -0.26648
0 0.96384 -0.26648
0 0.96384 -0.26648
0 0 1
0 0 1
0 0 1
0 0 1
0.65529 -0.74007 -0.15129
0.65529 -0.74007 -0.15129
0.65529 -0.74007 -0.15129
0.65529 -0.74007 -0.15129
0.6553 -0.74006 -0.15127
0.6553 -0.74006 -0.15128
0.6553 -0.74006 -0.15128
0.6553 -0.74006 -0.15129
0.97437 0 -0.22496
0.97437 0 -0.22496
0.97437 0 -0.22496
0.97437 0 -0.22496
0 -1 0
0 -1 0
0 -1 0
0 1 0
0 1 0
0 1 0
0 1 0
0 -1 0
-0.6698 0 -0.74255
-0.66949 -0.00058 -0.74282
-0.66949 -0.00058 -0.74282
-0.66918 -0.00115 -0.7431
-0.97437 0 -0.22496
-0.97437 0 -0.22496
-0.97437 0 -0.22496
-0.97437 0 -0.22496
0.22494 0 -0.97437
0.22573 -0.00031 -0.97419
0.22573 -0.00031 -0.97419
0.22652 -0.00063 -0.97401
-0.22577 0.0003 0.97418
-0.22577 0.0003 0.97418
-0.22501 0 0.97436
-0.22653 0.0006 0.974
-0.921 0.38956 0
-0.921 0.38956 0
-0.921 0.38956 0
0.921 0.38957 0
0.921 0.38957 0
0.921 0.38957 0
0 0 -1
0 0.98163 -0.1908
0 0.98163 -0.1908
0 0.98163 -0.1908
0 0.98163 -0.1908
-1 0 0.00219
-1 0 0.00219
-1 0 0.00219
-1 0 0.00219
1 0 0
1 0 0
1 0 0
0 1 0
0 1 0
0 1 0
-0.75094 0.58927 -0.29807
-0.73751 0.60876 -0.29239
-0.73751 0.60876 -0.29239
0 1 0
0 1 0
-0.76313 -0.64625 0.00003
-0.76313 -0.64625 0.00003
-0.76306 -0.64633 0
0 1 0
1 0 0.00219
1 0 0.00219
1 0 0.00219
0.73689 0.60969 -0.29201
0.73689 0.60969 -0.29201
0.74974 0.59111 -0.29744
0.72364 0.62794 -0.28642
1 0 0
-0.76291 0.64651 0
-0.76291 0.64651 0
-0.76291 0.64651 0
1 0 0.00219
-0.70179 -0.71234 0.00842
-0.68864 -0.72496 0.01407
-0.68864 -0.72496 0.01407
0.68755 -0.726 0.01406
0.68755 -0.726 0.01406
0.70065 -0.71346 0.00843
-0.76319 -0.64617 0.00006
-0.76291 0.64651 0
-0.97879 -0.00307 -0.20483
-0.97879 -0.00307 -0.20483
-0.97842 -0.0097 -0.20639
0 -1 0
0 -1 0
0 -1 0
0 -1 0
-0.67525 -0.73733 0.01971
0.67421 -0.73828 0.01968
0.92276 -0.33093 -0.19747
0.92276 -0.33093 -0.19747
0.90922 -0.36951 -0.19179
-0.30954 0.95071 0.01819
-0.30954 0.95071 0.01819
-0.3091 0.95083 0.01947
-0.30998 0.95059 0.01692
0 0.9662 0.25779
0 0.9662 0.25779
0 0.9662 0.25779
0 0.9662 0.25779
0.30953 0.95072 0.01819
0.30953 0.95072 0.01819
0.30996 0.9506 0.01692
0.30909 0.95083 0.01946
-0.97912 0.00357 -0.20327
0 -1 0
-0.60165 -0.55805 -0.57148
-0.60165 -0.55805 -0.57148
-0.60876 -0.54676 -0.57486
0.93473 -0.29178 -0.20282
-0.72364 0.62789 -0.28654
-0.70153 0.61598 0.35837
-0.70153 0.61598 0.35837
-0.70153 0.61598 0.35837
0 0 -1
0 0 -1
0 0 -1
0 0 -1
-0.59443 -0.56924 -0.568
-0.50445 -0.8498 0.15286
-0.50445 -0.8498 0.15286
-0.50445 -0.8498 0.15286
0.50562 -0.84903 0.15329
0.50562 -0.84903 0.15329
0.50562 -0.84903 0.15329
-0.35457 0.90557 0.23285
-0.19275 0.94451 0.266
-0.37832 0.89356 0.2417
-0.20526 0.94041 0.2711
0.13656 0.95155 0.27552
0.72893 0.63598 0.25335
0.72893 0.63598 0.25335
0.72893 0.63598 0.25335
0.40191 0.88079 0.25035
0.20533 0.9404 0.27109
-1 0 0
-1 0 0
-1 0 0
0 1 0
0 1 0
0 1 0
0 1 0
0.70711 -0.70711 0
0.70711 -0.70711 0
0.70711 -0.70711 0
0.70711 -0.70711 0
-1 0 0
-0.99062 -0.13614 -0.01177
-0.9889 -0.14853 -0.00392
-0.98935 -0.14544 -0.00589
0.98944 -0.14483 -0.00627
0.98896 -0.14813 -0.00418
0.99077 -0.13494 -0.01254
-0.77008 0.63795 0
-0.77008 0.63795 0
-0.77008 0.63795 0
-0.77008 0.63795 0
-0.98796 -0.15471 0
-0.98796 -0.15471 0
0 -1 0
0 -1 0
0 -1 0
0 -1 0
0.77009 0.63794 0
0.77009 0.63794 0
0.77009 0.63794 0
0.98796 -0.15471 0
0.98796 -0.15471 0
0.96514 -0.26172 0
0.77009 0.63794 0
-0.5 0.86602 0
-0.5 0.86602 0
-0.98198 0.18898 0
0.32733 0.94491 0
-0.32733 -0.94491 0
0.5 -0.86602 0
-0.65466 -0.75593 0
0.5 -0.86602 0
-0.98198 -0.18898 0
0.65466 0.75593 0
0.98198 0.18898 0
0.98198 -0.18898 0
-0.47552 0.82365 0.309
-0.47552 0.82365 0.309
-0.11769 0.20385 0.9719
-0.29388 0.50903 -0.80903
0.11768 -0.20383 0.97191
0.47553 -0.82364 0.30901
-0.29388 0.50903 -0.80903
0.29388 -0.50903 -0.80902
0.29388 -0.50903 -0.80903
0.47553 -0.82364 0.30901
-0.95635 -0.29224 0.00008
-0.95635 -0.29222 0.00008
-0.95636 -0.29221 0.00004
-0.95635 -0.29224 0.00017
-0.95637 -0.29217 0.00008
-0.48278 -0.81946 0.3089
-0.29836 -0.50643 -0.80902
-0.29836 -0.50643 -0.80902
-0.48278 -0.81946 0.3089
-0.11953 -0.20289 0.97188
0.29836 0.50641 -0.80903
0.29835 0.50642 -0.80903
0.11953 0.20288 0.97188
0.48279 0.81945 0.30889
0.48278 0.81945 0.30889
-0.95107 0.00818 0.30887
-0.58776 0.00506 -0.80902
-0.58777 0.00505 -0.80901
-0.95107 0.0082 0.30887
-0.23551 0.00203 0.97187
0.23551 -0.00203 0.97187
0.58776 -0.00506 -0.80902
0.95107 -0.00818 0.30887
0.58777 -0.00505 -0.80901
0.95107 -0.0082 0.30887
0 -1 0
0 -1 0
0 -1 0
0 -1 0
0 -1 0
0 0 1
0 0 1
0 0 1
0 0 1
-1 0 0
-1 0 0
-1 0 0
-1 0 0
1 0 0
1 0 0
1 0 0
1 0 0
-0.31627 0.94867 0
-0.9487 0.31619 0
-0.94867 -0.31627 0
0.31619 0.9487 0
0.94868 0.31624 0
-0.31621 -0.94869 0
0.31617 -0.9487 0
0.94866 -0.31629 0
-0.22573 -0.00031 -0.97419
-0.22573 -0.00031 -0.97419
-0.22494 0 -0.97437
-0.22652 -0.00063 -0.97401
0.22501 0 0.97436
0.22577 0.0003 0.97418
0.22577 0.0003 0.97418
0.22653 0.0006 0.974
0.97437 0 -0.22496
0.97437 0 -0.22496
0.97437 0 -0.22496
0.97437 0 -0.22496
-0.22572 -0.00031 -0.97419
-0.22572 -0.00031 -0.97419
-0.22493 0 -0.97437
-0.22651 -0.00063 -0.97401
0.22572 0.00031 0.97419
0.22572 0.00031 0.97419
0.22493 0 0.97437
0.22651 0.00063 0.97401
0 -1 0
0 -1 0
0 -1 0
0 1 0
0 1 0
0 1 0
0 1 0
0 -1 0
0 1 0
0 1 0
0 1 0
0 1 0
0 -1 0
0 -1 0
0 -1 0
0 -1 0
-0.6698 0 -0.74255
-0.66949 -0.00058 -0.74282
-0.66949 -0.00058 -0.74282
-0.66918 -0.00115 -0.7431
-0.97438 0 -0.22493
-0.97438 0 -0.22493
-0.97438 0 -0.22493
-0.97438 0 -0.22493
-0.97437 0 -0.22496
-0.97437 0 -0.22496
-0.97437 0 -0.22496
-0.97437 0 -0.22496
0 1 0
0 1 0
0 1 0
0 1 0
0 0.70794 -0.70627
0 0.70794 -0.70627
0 0.70794 -0.70627
-0.85567 0.51625 -0.03631
-0.85718 0.51379 -0.03562
-0.85718 0.51379 -0.03562
-0.91405 0 -0.40559
-0.91405 0 -0.40559
-0.91367 -0.03461 -0.40498
-0.85868 0.51131 -0.03492
0 0.70794 -0.70627
0 -1 0
0 -1 0
0 -1 0
0.85165 0.52276 -0.03762
0.85165 0.52276 -0.03762
0.84684 0.53036 -0.03979
0.85638 0.51512 -0.03546
-0.91307 -0.05192 -0.40449
-0.90961 -0.10371 -0.4023
0.91372 -0.0346 -0.40486
0.91411 0 -0.40547
0.91411 0 -0.40547
0.91312 -0.05191 -0.40437
0 1 0
0 1 0
0 1 0
0 1 0
0 -1 0
0.90967 -0.10367 -0.40218
0 0 -1
0 0 -1
0 0 -1
0 0 -1
0 0 -1
0 0 -1
0 0 -1
0 0 -1
0 0 -1
0 0 -1
0 0 -1
0 0 -1
0 0 -1
0 0 -1
-0.19587 0.944 0.26551
-0.19587 0.944 0.26551
-0.19587 0.944 0.26551
0.74041 0.00135 -0.67215
0.74041 0.00135 -0.67215
0.74012 0.0027 -0.67246
0.74069 0 -0.67184
0.19587 0.944 0.2655
0.19587 0.944 0.2655
0.19587 0.944 0.2655
0.68858 0.72418 0.03758
0.68858 0.72418 0.03758
0.68858 0.72418 0.03758
0.00533 -0.00276 0.99998
0.00133 -0.00069 1
0.00266 -0.00138 1
0 0 1
0 0 1
-0.00178 -0.00092 1
-0.00267 -0.00138 1
-0.00533 -0.00277 0.99998
1 0 0
1 0 0
1 0 0
-0.70711 -0.70711 0
-0.70711 -0.70711 0
-0.70711 -0.70711 0
1 0 0
-0.70711 -0.70711 0
0.00331 0.00052 -0.99999
0.00331 0.00052 -0.99999
0.00331 0.00052 -0.99999
0 0 1
0 0 1
0 0 1
0 0 1
0 0 1
0 0 1
0 0 1
0 0 1
0 0 1
0 0 1
-0.00317 0.0005 -0.99999
-0.00317 0.0005 -0.99999
-0.00317 0.0005 -0.99999
0 0 1
0 0 1
0 0 1
0 0 -1
0 0 -1
0 0 -1
0 0 -1
0 0 1
0.97437 0 -0.22496
0.97437 0 -0.22496
0.97437 0 -0.22496
0.97437 0 -0.22496
-0.22573 -0.00031 -0.97419
-0.22573 -0.00031 -0.97419
-0.22494 0 -0.97437
-0.22652 -0.00063 -0.97401
0.22501 0 0.97436
0.22577 0.0003 0.97418
0.22577 0.0003 0.97418
0.22653 0.0006 0.974
-0.22573 -0.00031 -0.97419
-0.22573 -0.00031 -0.97419
-0.22494 0 -0.97437
-0.22652 -0.00063 -0.97401
0.22502 0 0.97436
0.22578 0.0003 0.97418
0.22578 0.0003 0.97418
0.22654 0.0006 0.974
0.65529 -0.74007 -0.15129
0.65529 -0.74007 -0.15129
0.65529 -0.74007 -0.15129
0.65529 -0.74007 -0.15129
0.66949 -0.00058 -0.74282
0.66949 -0.00058 -0.74282
0.6698 0 -0.74255
0.66918 -0.00115 -0.7431
0.66949 -0.00058 -0.74282
0.66949 -0.00058 -0.74282
0.6698 0 -0.74255
0.66918 -0.00115 -0.7431
0 1 0
0 1 0
0 1 0
0 1 0
0 -1 0
0 -1 0
0 -1 0
0 -1 0
-0.6553 -0.74006 -0.15128
-0.6553 -0.74006 -0.15128
-0.6553 -0.74006 -0.15127
-0.6553 -0.74006 -0.15129
-0.22493 0 0.97437
-0.22572 0.00031 0.97419
-0.22572 0.00031 0.97419
0.22493 0 -0.97437
0.22572 -0.00031 -0.97419
0.22572 -0.00031 -0.97419
0.22651 -0.00063 -0.97401
-0.22651 0.00063 0.97401
0.22494 0 -0.97437
0.22573 -0.00031 -0.97419
0.22573 -0.00031 -0.97419
0.22652 -0.00063 -0.97401
-0.22577 0.0003 0.97418
-0.22577 0.0003 0.97418
-0.22501 0 0.97436
-0.22653 0.0006 0.974
-0.97437 0 -0.22496
-0.97437 0 -0.22496
-0.97437 0 -0.22496
-0.97437 0 -0.22496
0 0 -1
0 0 -1
0 0 -1
0 0 -1
0 0 -1
0 0 -1
0 0 -1
0 0 -1
0 0 -1
0 0 -1
0 0 -1
0 0 -1
0 0 -1
0 0 -1
0 0 -1
0 0 -1
0 0 -1
0 0 -1
0 0 -1
0 0 -1
0 0 -1
0 0 -1
0 0 -1
0 -1 0
0 -1 0
0 -1 0
0 0 -1
0 -1 0
0 -1 0
-0.79362 0.60221 0.08671
-0.79362 0.60221 0.08671
-0.7947 0.5997 0.09383
-0.79248 0.60468 0.07958
0.79135 0.60527 0.08615
0.79135 0.60527 0.08615
0.79247 0.60271 0.09344
0.79018 0.60779 0.07884
0.6084 -0.5469 -0.57511
0.60209 -0.55694 -0.57211
0.60209 -0.55694 -0.57211
0.59569 -0.5669 -0.56902
0.94361 -0.02909 0.32977
0.94361 -0.02909 0.32977
0.94384 0 0.3304
0 0.84503 0.53471
0 0.84503 0.53471
0 0.84503 0.53471
0 0.84503 0.53471
0.94259 -0.05816 0.32886
0 0 -1
0 0 -1
0 0 -1
0 0 -1
0 0 -1
0 0 -1
0 0 -1
0 0 -1
0 0 -1
0 0 -1
0 0 -1
0 0 -1
0 0 -1
0 0 -1
0 0 -1
0 0 -1
0 -1 0
0.18257 -0.91287 0.36515
0 -1 0
0 -1 0
0 -1 0
0.89443 -0.44721 0
1 0 0
1 0 0
0 0 1
0 0 1
0 -0.97014 0.24254
0 -1 0
0 -1 0
0 -1 0
0.65529 -0.74007 -0.15129
0.65529 -0.74007 -0.15129
0.65529 -0.74007 -0.15129
0.65529 -0.74007 -0.15129
0.97438 0 -0.22493
0.97438 0 -0.22493
0.97438 0 -0.22493
0.97438 0 -0.22493
1 0 0
1 0 0
1 0 0
1 0 0
1 0 0
1 0 0
1 0 0
1 0 0
-1 0 0
-1 0 0
-1 0 0
-1 0 0
-1 0 0
-1 0 0
-1 0 0
-1 0 0
-0.22502 0 0.97436
-0.22578 0.0003 0.97418
-0.22578 0.0003 0.97418
0.22573 -0.00031 -0.97419
0.22573 -0.00031 -0.97419
0.22494 0 -0.97437
0.22652 -0.00063 -0.97401
-0.22654 0.0006 0.974
-0.65529 -0.74007 -0.15129
-0.65529 -0.74007 -0.15129
-0.65529 -0.74007 -0.15129
-0.65529 -0.74007 -0.15129
-0.65529 -0.74007 -0.15129
-0.65529 -0.74007 -0.15129
-0.65529 -0.74007 -0.15129
-0.65529 -0.74007 -0.15129
-0.65529 -0.74007 -0.15129
-0.65529 -0.74007 -0.15129
-0.65529 -0.74007 -0.15129
-0.65529 -0.74007 -0.15129
0 0 1
0 0 1
0 0 1
0 0 1
0 0 -1
0 0 -1
0 0 -1
0 0 -1
0 0 -1
0 0 -1
0 0 -1
0 0 -1
0 0 -1
0 0 -1
0 0 -1
0 0 -1
0 0 -1
0 0 -1
0 -1 0
0 -1 0
0 -1 0
0 -1 0
0 -1 0
-0.00559 -0.99997 -0.00562
0 -1 0
-0.03288 -0.99879 -0.03653
-0.01678 -0.99972 -0.01685
0.01678 -0.99972 -0.01685
0.00839 -0.99993 -0.00843
0.03288 -0.99879 -0.03653
0.00013 -1 0.00057
-0.00022 -1 0.00095
0 -1 0
0 -1 0

END
