// output from Obj2DatTex.py Wavefront text file conversion script
// runnign within an app created by Platypus 
// (c) 2005 By Giles Williams
// 
// original file: "/Volumes/teak/Users/giles/Desktop/newhulls/new-base-set/sidewinder_redux.obj"
// 
// model size: 65.000 x 15.000 x 35.000
// 
// textures used: ['sidewinder_redux.png']
// 
NVERTS 6
NFACES 8

VERTEX
-0.00000, 7.50000, -17.50000
16.00000, 0.00000, 17.50000
-16.00000, 0.00000, 17.50000
32.50000, 0.00000, -17.50000
-32.50000, 0.00000, -17.50000
-0.00000, -7.50000, -17.50000

FACES
127,127,127,	0.22361,0.96896,0.10541,	3,	1,0,3
127,127,127,	-0.00000,0.97780,0.20953,	3,	2,0,1
127,127,127,	-0.00000,-0.97780,0.20953,	3,	2,1,5
127,127,127,	-0.00000,-0.00000,-1.00000,	3,	3,0,4
127,127,127,	-0.00000,-0.00000,-1.00000,	3,	3,4,5
127,127,127,	-0.22361,0.96896,0.10541,	3,	4,0,2
127,127,127,	-0.22361,-0.96896,0.10541,	3,	4,2,5
127,127,127,	0.22361,-0.96896,0.10541,	3,	5,1,3

TEXTURES
sidewinder_redux.png	1.0 1.0	0.566670 0.732765	0.193820 0.562295	0.193820 0.917433
sidewinder_redux.png	1.0 1.0	0.566670 0.391825	0.193820 0.562295	0.566670 0.732765
sidewinder_redux.png	1.0 1.0	0.566670 0.391825	0.566670 0.732765	0.939521 0.562295
sidewinder_redux.png	1.0 1.0	0.100237 0.917695	0.182181 0.562603	0.100237 0.207511
sidewinder_redux.png	1.0 1.0	0.100237 0.917695	0.100237 0.207511	0.018292 0.562603
sidewinder_redux.png	1.0 1.0	0.193820 0.207157	0.193820 0.562295	0.566670 0.391825
sidewinder_redux.png	1.0 1.0	0.939521 0.207157	0.566670 0.391825	0.939521 0.562295
sidewinder_redux.png	1.0 1.0	0.939521 0.562295	0.566670 0.732765	0.939521 0.917433

END
