NVERTS 6
NFACES 8

VERTEX
-5, -5, -15
-5, 5, 15
-5, 5, -15
5, -5, -15
5, 5, 15
5, 5, -15

FACES
127,127,127,	0.000000,1.000000,-0.000000,	3,	5,2,1
127,127,127,	0.000000,1.000000,-0.000000,	3,	5,1,4
127,127,127,	0.000000,0.000000,-1.000000,	3,	0,2,3
127,127,127,	0.000000,0.000000,-1.000000,	3,	3,2,5
127,127,127,	0.000000,-0.948683,0.316228,	3,	1,0,4
127,127,127,	0.000000,-0.948683,0.316228,	3,	4,0,3
127,127,127,	-1.000000,0.000000,0.000000,	3,	2,0,1
127,127,127,	1.000000,-0.000000,0.000000,	3,	4,3,5

TEXTURES
metal.png	256 256	256.000000 0.000000	0.000000 0.000000	0.000000 256.000000
metal.png	256 256	256.000000 0.000000	0.000000 256.000000	256.000000 256.000000
metal.png	256 256	0.000000 0.000000	0.000000 256.000000	256.000000 0.000000
metal.png	256 256	256.000000 0.000000	0.000000 256.000000	256.000000 256.000000
metal.png	256 256	0.000000 256.000000	0.000000 0.000000	256.000000 256.000000
metal.png	256 256	256.000000 256.000000	0.000000 0.000000	256.000000 0.000000
metal.png	256 256	0.000000 256.000000	0.000000 0.000000	256.000000 256.000000
metal.png	256 256	256.000000 256.000000	0.000000 0.000000	0.000000 256.000000

END
